1477388481.62
1477388497.66
1477388503.58
1477388539.45
1477388540.16
1477388608.53
1477388613.25
1477388633.29
1477388635.6
1477388638.61
1477388640.21
1477388648.33
1477388648.53
1477388649.84
1477388651.94
1477388660.66
1477388660.96
1477388666.87
1477388669.18
1477388671.39
1477388671.79
1477388672.09
1477388676.2
1477388694.84
1477388695.65
1477388696.35
1477388696.75
1477388697.35
1477388698.05
1477388698.66
1477388699.76
1477388700.16
1477388700.66
1477388713.8
1477388716.81
1477388730.94
1477388731.85
1477388733.75
1477388735.46
1477388736.86
1477388751.0
1477388751.3
1477388751.6
1477388751.8
1477388753.1
1477388763.13
1477388763.63
1477388766.64
1477388769.34
1477388770.35
1477388771.95
1477388774.96
1477388780.27
1477388781.07
1477388801.63
1477388802.63
1477388803.63
1477388804.53
1477388805.64
1477388806.74
1477388813.46
1477388816.17
1477388817.67
1477388818.27
1477388831.71
1477388832.11
1477388837.52
1477388838.02
1477388839.83
1477388840.13
1477388843.74
1477388846.14
1477388848.45
1477388850.65
1477388851.35
1477388857.47
1477388857.87
1477388868.09
1477388870.6
1477388871.81
1477388872.61
1477388873.31
1477388875.62
1477388877.72
1477388879.13
1477388883.84
1477388885.55
1477388885.85
1477388888.16
1477388890.46
1477388892.26
1477388893.67
1477388899.08
1477388899.58
1477388900.49
1477388930.76
1477388931.07
1477388931.27
1477388934.07
1477388936.18
1477388938.28
1477388947.11
1477388947.51
1477388949.91
1477388950.51
1477388950.92
1477388951.32
1477388952.72
1477388953.42
1477388968.26
1477388968.56
1477388972.57
1477388974.88
1477388976.88
1477388998.04
1477388998.44
1477388998.84
1477388999.24
1477388999.64
1477389001.35
1477389004.26
1477389005.66
1477389034.12
1477389034.72
1477389035.02
1477389035.32
1477389036.92
1477389038.93
1477389042.84
1477389043.14
1477389049.15
1477389049.66
1477389061.29
1477389063.39
1477389064.99
1477389066.9
1477389068.8
1477389071.91
1477389079.43
1477389079.73
1477389099.38
1477389101.09
1477389104.19
1477389105.5
1477389130.16
1477389132.07
1477389132.27
1477389132.57
1477389147.02
1477389147.32
1477389147.72
1477389148.02
1477389148.42
1477389149.02
1477389149.52
1477389150.02
1477389166.86
1477389169.17
1477389171.08
1477389200.75
1477389201.75
1477389204.36
1477389230.93
1477389231.23
1477389233.44
1477389233.74
1477389247.07
1477389247.47
1477389247.67
1477389248.07
1477389248.47
1477389248.97
1477389249.57
1477389250.07
1477389259.1
1477389259.5
1477389281.65
1477389281.95
1477389282.45
1477389305.0
1477389305.81
1477389308.92
1477389316.43
1477389317.14
1477389333.17
1477389337.48
1477389342.19
1477389345.0
1477389347.81
1477389349.51
1477389350.01
1477389350.81
1477389351.72
1477389352.22
1477389352.92
1477389353.52
1477389354.12
1477389360.64
1477389361.44
1477389362.44
1477389366.75
1477389367.05
1477389473.62
1477389473.92
1477389514.84
1477389515.64
1477389535.7
1477389536.0
1477389536.8
1477389537.1
1477389537.3
1477389537.9
1477389538.2
1477389538.8
1477389542.11
1477389542.51
1477389616.28
1477389616.58
