0 0.0878906 0.609003 0.164062 0.759673
0 0.094029 0.392671 0.174386 0.771205
1 0.0933315 0.454799 0.167969 0.795759
1 0.0882045 0.608445 0.165109 0.753348
0 0.0725446 0.317243 0.141183 0.62593
2 0.0940639 0.454985 0.169015 0.810268
2 0.0882045 0.608445 0.165109 0.753348
1 0.0794852 0.341518 0.154088 0.659226
0 0.12371 0.453869 0.190081 0.755952
0 0.136196 0.611421 0.264997 0.771205
3 0.0940639 0.454985 0.169015 0.810268
3 0.0882045 0.608445 0.165109 0.753348
0 0.127511 0.329613 0.233817 0.646577
0 0.0195312 0.0626628 0.0332031 0.125047
2 0.101562 0.338914 0.202288 0.677827
