1 0.196987 0.596075 0.194196 0.623326
2 0.670759 0.436756 0.131696 0.417411
0 0.196429 0.660342 0.223214 0.665923
1 0.670201 0.428199 0.13058 0.404762
0 0.667411 0.441592 0.127232 0.43378
2 0.199428 0.543527 0.188198 0.53497
3 0.670759 0.436384 0.133929 0.415923
2 0.199637 0.627232 0.220145 0.727679
0 0.669085 0.604074 0.159598 0.625186
0 0.199428 0.543527 0.188198 0.53497
3 0.195592 0.597935 0.209263 0.627046
0 0.527204 0.460379 0.396484 0.698289
1 0.208287 0.505673 0.177734 0.472284
2 0.666295 0.488839 0.117188 0.27381
