2 0.310547 0.458333 0.0881696 0.195685
2 0.509347 0.444568 0.118583 0.287202
3 0.510742 0.446057 0.121373 0.294643
3 0.310547 0.458333 0.0881696 0.195685
1 0.509347 0.444568 0.118583 0.287202
2 0.510045 0.475446 0.125 0.420387
0 0.508789 0.441592 0.114118 0.270089
0 0.309989 0.459077 0.0898438 0.189732
1 0.309989 0.459077 0.0898438 0.189732
0 0.502651 0.648158 0.188895 0.688802
0 0.510603 0.662388 0.140625 0.597842
1 0.512835 0.615327 0.131696 0.584821
2 0.525112 0.46131 0.0904018 0.249256
3 0.525112 0.46131 0.0904018 0.249256
0 0.510045 0.475911 0.125 0.384487
0 0.279576 0.660528 0.204241 0.646205
1 0.502651 0.648158 0.188895 0.688802
1 0.510045 0.475446 0.125 0.420387
2 0.529436 0.495164 0.0917969 0.37128
