3 0.660714 0.458333 0.0904018 0.200149
2 0.660714 0.457589 0.101562 0.200893
0 0.513393 0.706287 0.122768 0.56064
1 0.511161 0.688988 0.109375 0.550595
1 0.661272 0.456845 0.0948661 0.208333
3 0.514648 0.511161 0.0990513 0.1875
2 0.513393 0.565848 0.103795 0.328125
2 0.512835 0.687872 0.114955 0.512649
0 0.661272 0.456845 0.0948661 0.208333
2 0.51409 0.520089 0.135882 0.232143
3 0.523298 0.519345 0.0772879 0.14881
1 0.512277 0.624814 0.0959822 0.393229
2 0.514648 0.511161 0.0990513 0.1875
3 0.51409 0.520089 0.135882 0.232143
3 0.514509 0.565476 0.106027 0.264881
1 0.514648 0.569754 0.11356 0.269717
1 0.514648 0.511161 0.0990513 0.1875
3 0.511161 0.688988 0.109375 0.550595
1 0.51409 0.520089 0.135882 0.232143
0 0.511858 0.570312 0.110212 0.320685
0 0.514648 0.511161 0.0990513 0.1875
3 0.659598 0.449405 0.0747768 0.156994
3 0.670759 0.462798 0.0647321 0.14881
0 0.51409 0.520089 0.135882 0.232143
3 0.512277 0.624814 0.0959822 0.393229
