0 0.761161 0.601562 0.303571 0.779018
0 0.765067 0.35333 0.236607 0.643043
0 0.746094 0.454427 0.297991 0.808408
0 0.691964 0.395833 0.412946 0.763393
0 0.61942 0.444103 0.467634 0.760603
1 0.758929 0.602679 0.310268 0.78125
1 0.789062 0.354818 0.223214 0.640067
0 0.618862 0.323661 0.389509 0.603423
0 0.774554 0.677083 0.243304 0.627976
0 0.828125 0.355562 0.152902 0.626674
1 0.744978 0.405506 0.301339 0.751488
2 0.758929 0.602679 0.310268 0.78125
0 0.715402 0.352679 0.237723 0.635417
1 0.828125 0.355562 0.152902 0.626674
0 0.714844 0.668527 0.266741 0.649554
3 0.758929 0.602679 0.310268 0.78125
2 0.75 0.344029 0.297991 0.663132
1 0.61649 0.394717 0.488002 0.719494
3 0.75 0.344029 0.297991 0.663132
