3 0.978795 0.578869 0.0368303 0.124256
1 0.347168 0.563988 0.27553 0.712798
0 0.394531 0.376674 0.344866 0.696057
0 0.386858 0.33631 0.489676 0.664434
0 0.361886 0.53032 0.27846 0.725074
0 0.438058 0.368025 0.200893 0.604725
2 0.979353 0.578497 0.0379464 0.123512
0 0.484375 0.343843 0.292411 0.632255
2 0.35798 0.531994 0.277902 0.729167
1 0.979353 0.578497 0.0379464 0.123512
0 0.405134 0.435733 0.222098 0.625558
0 0.496652 0.334821 0.465402 0.669643
1 0.391044 0.378534 0.367467 0.710193
0 0.979353 0.578497 0.0379464 0.123512
0 0.369141 0.341146 0.217076 0.601935
1 0.329799 0.666853 0.251116 0.559152
3 0.978795 0.587054 0.0424107 0.186756
3 0.361886 0.53032 0.27846 0.725074
1 0.39495 0.55878 0.214565 0.623512
0 0.28683 0.530599 0.226004 0.577195
0 0.415039 0.50279 0.319475 0.610491
0 0.307687 0.526321 0.319894 0.640811
0 0.465541 0.412574 0.143694 0.554316
2 0.391044 0.378534 0.367467 0.710193
3 0.973772 0.558036 0.0379464 0.154018
1 0.345145 0.329241 0.517299 0.653274
3 0.391044 0.378534 0.367467 0.710193
2 0.978795 0.587054 0.0424107 0.186756
0 0.368025 0.672247 0.294085 0.600446
3 0.986328 0.591146 0.0273438 0.188244
0 0.231027 0.565848 0.0848214 0.408482
1 0.431641 0.496001 0.211496 0.609189
3 0.231027 0.59561 0.0842634 0.34747
0 0.22154 0.610491 0.159598 0.470982
1 0.261161 0.68378 0.234933 0.486607
1 0.281738 0.531343 0.205497 0.595052
1 0.438058 0.368025 0.200893 0.604725
1 0.9774 0.574777 0.0452008 0.204613
1 0.376674 0.452567 0.228237 0.621652
0 0.290667 0.375837 0.334961 0.688802
