1 0.0621861 0.595052 0.117257 0.610491
0 0.0722656 0.63058 0.118583 0.689732
2 0.0625698 0.59468 0.118164 0.578497
0 0.0990862 0.659598 0.161761 0.680804
1 0.0695452 0.50465 0.11928 0.469866
2 0.0695452 0.50465 0.11928 0.469866
1 0.0881696 0.6516 0.121373 0.65811
1 0.0451311 0.621373 0.0799386 0.62779
2 0.0796945 0.631603 0.134696 0.711496
3 0.0625698 0.59468 0.118164 0.578497
1 0.0605469 0.438244 0.116629 0.377232
1 0.0625 0.533854 0.107143 0.290923
0 0.0629883 0.519903 0.117606 0.466146
3 0.0796945 0.631603 0.134696 0.711496
0 0.144322 0.630301 0.248186 0.739397
