3 0.765625 0.452381 0.0825893 0.174851
2 0.364955 0.453497 0.104911 0.258184
3 0.365513 0.449405 0.0959821 0.251488
2 0.766183 0.453497 0.0859375 0.174851
2 0.371373 0.523438 0.116071 0.414435
3 0.371652 0.491071 0.107143 0.363095
3 0.77567 0.460193 0.0602678 0.144345
0 0.373326 0.652716 0.183036 0.68564
1 0.765067 0.454241 0.0870535 0.180804
0 0.371373 0.523438 0.116071 0.414435
0 0.765067 0.454241 0.0870535 0.180804
1 0.366629 0.469494 0.106027 0.279018
1 0.371373 0.523438 0.116071 0.414435
0 0.366629 0.469494 0.106027 0.279018
3 0.756696 0.460566 0.0602679 0.144345
1 0.373326 0.652716 0.183036 0.68564
0 0.393276 0.670759 0.275949 0.655506
3 0.763393 0.424851 0.0658483 0.193452
0 0.446847 0.646112 0.325056 0.707775
2 0.365792 0.494048 0.0859375 0.308036
