3 0.979353 0.577381 0.0379464 0.129464
1 0.363839 0.548177 0.148438 0.528646
0 0.453683 0.359747 0.263393 0.619048
0 0.392229 0.332124 0.470006 0.627418
0 0.449498 0.377976 0.160156 0.558036
0 0.372768 0.522507 0.165179 0.559152
1 0.402344 0.557943 0.141183 0.529948
0 0.282854 0.331101 0.4488 0.662202
2 0.979353 0.576265 0.0379464 0.129464
1 0.979353 0.576265 0.0379464 0.129464
2 0.365234 0.546689 0.15346 0.540551
0 0.406529 0.540272 0.143415 0.5266
0 0.40904 0.378348 0.158482 0.530506
1 0.396763 0.51423 0.233259 0.602493
1 0.442522 0.491536 0.157366 0.493118
0 0.330845 0.379464 0.301479 0.606399
0 0.438895 0.490234 0.175781 0.479353
1 0.449498 0.377976 0.160156 0.558036
0 0.979353 0.576265 0.0379464 0.129464
3 0.978795 0.582217 0.0424107 0.174107
1 0.453683 0.359747 0.263393 0.619048
0 0.429688 0.498326 0.274554 0.536086
0 0.46875 0.416202 0.117188 0.514323
3 0.365513 0.547154 0.152344 0.533668
3 0.97433 0.557664 0.0379464 0.155506
0 0.37221 0.34375 0.184152 0.537946
0 0.49707 0.336682 0.472377 0.673363
2 0.977121 0.573289 0.0446428 0.196429
1 0.46875 0.416202 0.117188 0.514323
1 0.91183 0.351562 0.169643 0.622768
0 0.375279 0.386068 0.138393 0.483817
1 0.391113 0.328125 0.515765 0.645833
1 0.348214 0.565755 0.219866 0.573847
0 0.264509 0.520275 0.139509 0.480283
1 0.32952 0.558408 0.103795 0.523066
1 0.407924 0.568638 0.106585 0.27939
1 0.977121 0.573289 0.0446428 0.196429
2 0.406529 0.540272 0.143415 0.5266
0 0.91183 0.351562 0.169643 0.622768
2 0.459124 0.430897 0.153181 0.556362
2 0.453683 0.359747 0.263393 0.619048
1 0.278878 0.332031 0.473493 0.664062
1 0.40904 0.378348 0.158482 0.530506
0 0.443359 0.551711 0.12779 0.512649
0 0.267857 0.456938 0.172433 0.593564
