1 0.0484794 0.56157 0.0969587 0.442336
3 0.978795 0.577381 0.0368303 0.130208
0 0.400949 0.333612 0.337612 0.603609
0 0.315151 0.333333 0.552734 0.662202
1 0.405134 0.332961 0.357143 0.607887
0 0.444336 0.351656 0.167132 0.566034
1 0.444336 0.351656 0.167132 0.566034
2 0.978795 0.577009 0.0379465 0.12872
0 0.0507812 0.558966 0.0984933 0.43564
0 0.484933 0.334077 0.267857 0.614583
1 0.978795 0.576637 0.0379465 0.129464
2 0.0489676 0.552827 0.0951451 0.4375
0 0.978795 0.576637 0.0379465 0.129464
0 0.499163 0.331194 0.449219 0.662016
1 0.302386 0.333705 0.458845 0.667411
3 0.978516 0.584449 0.0429688 0.194941
1 0.0484794 0.543527 0.0891462 0.305804
2 0.400949 0.333612 0.337612 0.603609
3 0.97433 0.558036 0.0368304 0.15625
3 0.0507812 0.558966 0.0984933 0.43564
2 0.978516 0.584449 0.0429688 0.194941
3 0.377162 0.33231 0.409738 0.63151
0 0.0644531 0.510417 0.128069 0.552083
2 0.31543 0.331473 0.565569 0.662946
1 0.904018 0.349423 0.185268 0.625558
0 0.419922 0.412946 0.136719 0.468006
0 0.41197 0.31436 0.200614 0.569941
1 0.419922 0.412946 0.136719 0.468006
1 0.977679 0.573289 0.0446428 0.208333
0 0.567522 0.354539 0.279018 0.619792
0 0.333426 0.363374 0.242746 0.579799
1 0.484933 0.334077 0.267857 0.614583
0 0.383371 0.364118 0.203125 0.55599
0 0.904018 0.349423 0.185268 0.625558
3 0.986886 0.590774 0.0262277 0.203869
