0 0.407366 0.709077 0.102679 0.549107
1 0.404576 0.678571 0.0915179 0.516369
3 0.402344 0.527158 0.0546875 0.127232
3 0.402623 0.528274 0.061942 0.190476
2 0.404576 0.678571 0.0915179 0.516369
3 0.404576 0.601935 0.0831473 0.334821
1 0.405692 0.630208 0.0758929 0.382441
3 0.404297 0.56808 0.0697545 0.234375
2 0.404576 0.601935 0.0831473 0.334821
0 0.404576 0.601935 0.0831473 0.334821
1 0.411551 0.699405 0.12779 0.575893
3 0.404576 0.678571 0.0915179 0.516369
1 0.402623 0.528274 0.061942 0.190476
3 0.414621 0.53125 0.108817 0.299851
3 0.397321 0.502232 0.0491071 0.0870536
0 0.402623 0.528274 0.061942 0.190476
1 0.404297 0.56808 0.0697545 0.234375
1 0.402344 0.527158 0.0546875 0.127232
1 0.40067 0.616071 0.0658482 0.276786
0 0.414621 0.53125 0.108817 0.299851
2 0.404297 0.56808 0.0697545 0.234375
