2 0.93192 0.438988 0.113839 0.345982
1 0.367746 0.650298 0.0959821 0.602679
0 0.367188 0.65067 0.0993303 0.588542
1 0.932478 0.437872 0.112723 0.341518
1 0.366629 0.584449 0.0747768 0.436756
2 0.367746 0.650298 0.0959821 0.602679
3 0.366629 0.584449 0.0747768 0.436756
3 0.364397 0.53125 0.0518973 0.162202
3 0.364955 0.532366 0.0636161 0.262649
0 0.351004 0.684152 0.144531 0.606399
0 0.932478 0.437872 0.112723 0.341518
3 0.931362 0.440104 0.114955 0.345982
3 0.368583 0.500744 0.0491071 0.0766369
1 0.353795 0.684896 0.139509 0.604911
3 0.368583 0.50558 0.046875 0.154762
3 0.359096 0.495536 0.0412946 0.0751488
0 0.366629 0.584449 0.0747768 0.436756
1 0.367188 0.578869 0.0647321 0.254464
3 0.362723 0.523066 0.0507812 0.110119
3 0.360212 0.500372 0.0424107 0.133184
3 0.365234 0.671875 0.0948661 0.574405
2 0.366629 0.584449 0.0747768 0.436756
0 0.364955 0.532366 0.0636161 0.262649
1 0.364397 0.53125 0.0518973 0.162202
1 0.371094 0.507068 0.0625 0.334077
2 0.367188 0.578869 0.0647321 0.254464
2 0.950335 0.436012 0.0915178 0.394345
1 0.383929 0.703125 0.109375 0.550595
3 0.367467 0.613467 0.0680804 0.28497
2 0.907366 0.434989 0.104911 0.34282
0 0.379464 0.528088 0.136719 0.488467
0 0.321987 0.699405 0.179688 0.553571
2 0.353795 0.684896 0.139509 0.604911
