2 0.956473 0.458333 0.0870536 0.292411
1 0.509626 0.694941 0.122489 0.559524
0 0.511719 0.708519 0.132812 0.565104
1 0.954241 0.459077 0.0915178 0.296131
3 0.955357 0.458333 0.0892857 0.295387
0 0.956752 0.46131 0.0864955 0.280506
2 0.512277 0.699405 0.123884 0.559524
2 0.94308 0.473679 0.113839 0.344308
2 0.96596 0.457589 0.0680803 0.37872
1 0.511161 0.635789 0.101562 0.423363
1 0.507254 0.586682 0.133929 0.387649
3 0.512695 0.507441 0.0839844 0.139137
3 0.513811 0.507812 0.104074 0.248512
3 0.509626 0.694941 0.122489 0.559524
2 0.954799 0.446057 0.0680804 0.153274
2 0.955915 0.475818 0.0647321 0.153274
0 0.475167 0.703869 0.239397 0.590774
