0 0.407366 0.709821 0.103795 0.550595
3 0.401786 0.521949 0.0569196 0.11756
1 0.404297 0.679129 0.0920759 0.516741
3 0.405971 0.511533 0.0708705 0.180804
3 0.40346 0.585938 0.0820312 0.281994
3 0.403739 0.551339 0.0686384 0.21131
3 0.40904 0.530506 0.0959821 0.257441
2 0.404576 0.682292 0.0948661 0.507441
1 0.405134 0.626488 0.0747768 0.383929
0 0.404855 0.582961 0.0876116 0.343006
2 0.404855 0.582961 0.0876116 0.343006
3 0.404297 0.679129 0.0920759 0.516741
1 0.412946 0.700707 0.131138 0.574777
3 0.396763 0.504464 0.0524554 0.0944941
1 0.40346 0.558036 0.0742188 0.278274
1 0.405971 0.511533 0.0708705 0.180804
0 0.405971 0.511533 0.0708705 0.180804
1 0.401786 0.521949 0.0569196 0.11756
3 0.418806 0.522321 0.047433 0.0974703
3 0.417132 0.526042 0.0574777 0.143601
0 0.409877 0.528646 0.111049 0.268601
1 0.40904 0.530506 0.0959821 0.257441
3 0.405134 0.544643 0.063058 0.127232
0 0.401786 0.521949 0.0569196 0.11756
2 0.402065 0.522693 0.061942 0.149554
3 0.398996 0.612165 0.0625 0.266741
1 0.405692 0.611421 0.0664062 0.274182
