0 0.329729 0.331752 0.54255 0.6609
0 0.384766 0.33324 0.37221 0.613281
2 0.977679 0.608073 0.0401786 0.191592
3 0.977121 0.609375 0.0368303 0.188988
1 0.977679 0.601191 0.0390625 0.209821
1 0.977121 0.631138 0.0390625 0.364211
1 0.387905 0.332217 0.388253 0.618304
2 0.977121 0.631138 0.0390625 0.364211
0 0.44308 0.354911 0.171875 0.561756
0 0.977121 0.631138 0.0390625 0.364211
0 0.977679 0.601191 0.0390625 0.209821
0 0.48284 0.336775 0.253069 0.609189
2 0.984933 0.611793 0.0267858 0.212426
1 0.44308 0.354911 0.171875 0.561756
0 0.97154 0.686756 0.0424108 0.473214
1 0.914062 0.352679 0.167411 0.636905
1 0.984375 0.611979 0.0290178 0.267113
1 0.97154 0.686756 0.0424108 0.473214
3 0.977121 0.631138 0.0390625 0.364211
0 0.49163 0.331473 0.44308 0.662946
2 0.370187 0.331938 0.431501 0.630766
3 0.984933 0.611793 0.0267858 0.212426
3 0.228306 0.5625 0.0450614 0.113839
1 0.978237 0.496559 0.0368304 0.497954
3 0.215123 0.531994 0.0379464 0.160714
3 0.370187 0.331938 0.431501 0.630766
2 0.983817 0.586496 0.0290178 0.303199
1 0.973214 0.637277 0.0345983 0.255208
0 0.977121 0.731399 0.0379464 0.5
2 0.973214 0.637277 0.0345983 0.255208
3 0.230259 0.559896 0.0684989 0.194196
0 0.914062 0.352679 0.167411 0.636905
3 0.224888 0.53125 0.0507812 0.169643
1 0.950335 0.397693 0.0993303 0.680804
3 0.214286 0.567708 0.0340402 0.104167
1 0.976562 0.590402 0.0357142 0.142857
1 0.966518 0.48949 0.0636161 0.587984
0 0.978237 0.496559 0.0368304 0.497954
0 0.416295 0.412946 0.151786 0.465774
2 0.97154 0.686756 0.0424108 0.473214
0 0.337542 0.361235 0.25572 0.577381
0 0.544643 0.334542 0.178571 0.563058
1 0.976842 0.567708 0.0463169 0.382441
0 0.219308 0.521391 0.122768 0.342634
