1 0.0530134 0.569941 0.106027 0.427083
3 0.978795 0.577381 0.0379465 0.127976
0 0.322614 0.333705 0.5512 0.662202
0 0.391741 0.333705 0.357143 0.607143
2 0.0540248 0.559338 0.104562 0.422991
1 0.396205 0.332496 0.375 0.610305
0 0.442941 0.353423 0.168806 0.561756
2 0.979353 0.576265 0.0379464 0.12872
0 0.486328 0.334077 0.276228 0.613839
1 0.979353 0.576265 0.0379464 0.12872
1 0.442941 0.353423 0.168806 0.561756
0 0.0546177 0.56808 0.106166 0.420387
1 0.311663 0.335938 0.496094 0.671875
0 0.979353 0.576265 0.0379464 0.12872
0 0.498326 0.33231 0.458705 0.661272
3 0.978516 0.582961 0.0429688 0.181548
1 0.0585589 0.570126 0.103306 0.300223
2 0.391741 0.333705 0.357143 0.607143
3 0.0546177 0.56808 0.106166 0.420387
2 0.978516 0.582961 0.0429688 0.181548
2 0.321429 0.331473 0.561384 0.662946
3 0.97433 0.558408 0.0379464 0.153274
3 0.372907 0.332124 0.423828 0.630394
0 0.418806 0.412295 0.142299 0.462612
0 0.544085 0.334356 0.208705 0.575335
0 0.580915 0.354632 0.387277 0.66276
1 0.977121 0.572545 0.0446428 0.198661
1 0.906808 0.350167 0.177455 0.62407
0 0.336775 0.363467 0.246094 0.582589
0 0.409877 0.31436 0.204799 0.565476
1 0.418806 0.412295 0.142299 0.462612
