1 0.613839 0.556176 0.143973 0.398065
3 0.978795 0.577753 0.0368303 0.127976
0 0.398996 0.33324 0.358259 0.608817
0 0.331403 0.333333 0.53697 0.666667
1 0.402623 0.332589 0.374442 0.614583
0 0.44308 0.354818 0.168527 0.568638
2 0.979353 0.577381 0.0379464 0.127232
1 0.44308 0.354818 0.168527 0.568638
1 0.979353 0.577381 0.0379464 0.127232
0 0.613281 0.556176 0.143973 0.398065
2 0.618304 0.560268 0.145089 0.404762
0 0.491629 0.348586 0.291295 0.624256
0 0.979353 0.577381 0.0379464 0.127232
0 0.493025 0.331101 0.459263 0.662202
3 0.978795 0.584449 0.0424107 0.179316
1 0.377302 0.327381 0.5512 0.651786
1 0.584821 0.537388 0.226562 0.428199
1 0.504464 0.428199 0.165179 0.511161
2 0.402623 0.332589 0.374442 0.614583
0 0.504464 0.428199 0.165179 0.511161
2 0.978795 0.584449 0.0424107 0.179316
3 0.613281 0.556176 0.143973 0.398065
3 0.973772 0.558036 0.0379464 0.154762
3 0.379534 0.332124 0.432896 0.634859
0 0.574777 0.390625 0.228795 0.520833
0 0.584821 0.537388 0.226562 0.428199
2 0.331194 0.332217 0.554129 0.664435
3 0.229074 0.565476 0.0390625 0.101935
3 0.212681 0.570685 0.0294364 0.0959821
1 0.580915 0.530785 0.143973 0.472656
0 0.418248 0.414062 0.135045 0.458333
1 0.977121 0.573661 0.0446428 0.200893
1 0.468192 0.409598 0.141741 0.494792
0 0.379743 0.362351 0.206473 0.555059
0 0.333496 0.362723 0.240374 0.582589
1 0.636161 0.585938 0.136161 0.401042
1 0.418248 0.414062 0.135045 0.458333
0 0.578125 0.384766 0.358259 0.584635
3 0.986328 0.590402 0.0273438 0.198661
3 0.214007 0.530506 0.0334821 0.154018
