1 0.823103 0.557943 0.210937 0.647507
3 0.979353 0.579613 0.0379464 0.130952
0 0.396205 0.334077 0.345982 0.602679
0 0.326939 0.331845 0.523577 0.65997
0 0.828125 0.557571 0.210938 0.640811
0 0.443638 0.352679 0.167411 0.563988
1 0.400251 0.333333 0.364676 0.606399
2 0.978795 0.578869 0.0379465 0.133929
1 0.979353 0.579613 0.0368304 0.123512
1 0.443638 0.352679 0.167411 0.563988
0 0.486328 0.333333 0.273996 0.619048
2 0.821987 0.561384 0.222098 0.642113
1 0.823103 0.661458 0.234375 0.541667
0 0.979353 0.579613 0.0368304 0.123512
1 0.316406 0.335193 0.467634 0.670387
3 0.97433 0.580729 0.0446429 0.198661
0 0.49721 0.331752 0.448661 0.659412
3 0.821987 0.561384 0.222098 0.642113
2 0.396205 0.334077 0.345982 0.602679
3 0.212472 0.579241 0.0281808 0.0825893
3 0.23012 0.571057 0.03976 0.0967262
2 0.326451 0.330357 0.534598 0.660714
3 0.373047 0.331752 0.417969 0.632627
0 0.419643 0.413784 0.140625 0.461124
3 0.231864 0.56808 0.061942 0.165179
0 0.544643 0.333426 0.215402 0.580171
0 0.410156 0.3125 0.200893 0.565476
1 0.883371 0.398065 0.183036 0.587798
3 0.212193 0.575893 0.0438058 0.127232
2 0.976562 0.575893 0.0435267 0.181548
0 0.334821 0.363002 0.251674 0.580543
1 0.97433 0.580729 0.0446429 0.198661
3 0.223772 0.578869 0.0329241 0.0907738
1 0.419643 0.413784 0.140625 0.461124
1 0.915737 0.352586 0.140625 0.59096
0 0.381975 0.364211 0.210379 0.551339
3 0.212193 0.597098 0.0253906 0.046875
3 0.986328 0.590402 0.0273438 0.197173
