0 0.428292 0.618211 0.122768 0.711496
2 0.427734 0.502883 0.108817 0.498698
1 0.427176 0.519624 0.114955 0.527716
0 0.429129 0.504464 0.111607 0.49256
2 0.434431 0.518229 0.0993304 0.280506
2 0.429688 0.619234 0.117188 0.710938
3 0.426618 0.492653 0.111049 0.455171
0 0.40625 0.623884 0.210938 0.719494
1 0.434431 0.518229 0.0993304 0.280506
1 0.434152 0.654018 0.115513 0.639881
1 0.450893 0.5266 0.117188 0.521205
0 0.398996 0.658296 0.154018 0.635789
2 0.450893 0.5266 0.117188 0.521205
0 0.547433 0.454148 0.378348 0.686942
3 0.428292 0.618211 0.122768 0.711496
0 0.456055 0.663318 0.121373 0.610863
0 0.450893 0.5266 0.117188 0.521205
