3 0.373326 0.445312 0.0809152 0.226935
2 0.830357 0.451637 0.0848215 0.261161
2 0.373605 0.444568 0.0864955 0.226935
3 0.830915 0.449405 0.0758929 0.235863
3 0.387556 0.461682 0.0597098 0.200149
1 0.830915 0.451637 0.0881696 0.256696
1 0.373884 0.446801 0.0898437 0.228423
0 0.831473 0.442336 0.0859375 0.244792
3 0.828125 0.46875 0.0814733 0.343006
2 0.387556 0.461682 0.0602679 0.195685
0 0.373884 0.446801 0.0898437 0.228423
3 0.393415 0.472098 0.046875 0.150298
3 0.378348 0.464286 0.0904018 0.321429
3 0.394531 0.484375 0.0440848 0.229911
3 0.834821 0.44122 0.0625 0.15253
2 0.378348 0.464286 0.0904018 0.321429
2 0.834821 0.44122 0.0625 0.15253
1 0.387556 0.461682 0.0602679 0.195685
3 0.398717 0.485491 0.0373884 0.124256
3 0.844308 0.457589 0.0703125 0.224702
3 0.84375 0.46131 0.0848214 0.300595
0 0.84096 0.647321 0.13058 0.66369
3 0.365792 0.437128 0.0597098 0.156994
0 0.387556 0.461682 0.0602679 0.195685
2 0.816964 0.449126 0.102679 0.369606
