3 0.447545 0.446429 0.046875 0.0855655
3 0.439453 0.443452 0.0407366 0.0930059
3 0.431083 0.443824 0.0284598 0.0900298
3 0.433873 0.457961 0.0323661 0.0997024
3 0.455357 0.46503 0.0524554 0.0870536
3 0.49149 0.47247 0.0549665 0.0833333
3 0.449219 0.446801 0.0613839 0.123512
3 0.493164 0.470238 0.0728237 0.125744
3 0.457589 0.46317 0.0647322 0.12128
3 0.504604 0.47061 0.0376674 0.0825893
3 0.513532 0.456845 0.030971 0.0714286
3 0.480469 0.452381 0.0535714 0.0833333
3 0.510045 0.456845 0.0424107 0.0811012
3 0.438337 0.46131 0.046317 0.124256
3 0.497628 0.469122 0.0694755 0.176339
3 0.511161 0.457961 0.0725446 0.189732
