1 0.544643 0.707589 0.139509 0.376488
0 0.544643 0.708333 0.141741 0.372024
2 0.547852 0.686756 0.138672 0.345238
2 0.9601 0.531901 0.0797991 0.492746
3 0.957031 0.514881 0.0792411 0.358631
2 0.958147 0.495908 0.0770089 0.329613
2 0.549526 0.648996 0.118583 0.233259
2 0.563616 0.672619 0.0959822 0.232143
1 0.955915 0.651228 0.0792411 0.620164
1 0.561942 0.678757 0.107143 0.282366
0 0.955915 0.651228 0.0792411 0.620164
0 0.9601 0.531901 0.0797991 0.492746
3 0.547433 0.707031 0.142857 0.362723
1 0.9601 0.531901 0.0797991 0.492746
1 0.546875 0.737351 0.11942 0.266369
0 0.523996 0.684338 0.174107 0.455729
3 0.962054 0.49442 0.0658482 0.265625
3 0.563616 0.672619 0.0959822 0.232143
1 0.569615 0.726935 0.215681 0.425595
0 0.530134 0.776786 0.136161 0.4375
0 0.569615 0.726935 0.215681 0.425595
0 0.937779 0.625372 0.124442 0.65997
0 0.561942 0.678757 0.107143 0.282366
1 0.958147 0.495908 0.0770089 0.329613
2 0.583147 0.669085 0.0479911 0.106771
3 0.583147 0.669085 0.0479911 0.106771
1 0.530134 0.776786 0.136161 0.4375
0 0.958147 0.495908 0.0770089 0.329613
1 0.523856 0.685268 0.184431 0.438988
