3 0.404576 0.459821 0.0507813 0.127232
3 0.398717 0.468006 0.0368304 0.0997024
3 0.387835 0.461682 0.0284598 0.0892857
3 0.409598 0.466518 0.0636161 0.180059
3 0.414621 0.466146 0.0479911 0.113095
1 0.409598 0.466518 0.0636161 0.180059
3 0.392857 0.481771 0.0262277 0.0811012
0 0.412388 0.469494 0.078683 0.171131
3 0.406529 0.478795 0.0412946 0.0997024
1 0.405692 0.459449 0.0502232 0.127232
1 0.400391 0.468006 0.0401786 0.102679
0 0.405692 0.459449 0.0502232 0.127232
3 0.392857 0.482515 0.0373884 0.0944941
2 0.401507 0.464286 0.0513393 0.127232
0 0.400391 0.468006 0.0401786 0.102679
2 0.409598 0.466518 0.0636161 0.180059
2 0.400391 0.468006 0.0401786 0.102679
3 0.417969 0.46875 0.106027 0.192708
3 0.428013 0.452009 0.0502232 0.110863
