1 0.865513 0.4375 0.189732 0.471726
1 0.36635 0.633092 0.0970982 0.648996
0 0.36635 0.633092 0.0970982 0.648996
0 0.867188 0.433501 0.204241 0.478237
3 0.363839 0.532738 0.0418527 0.157738
0 0.347656 0.692708 0.134487 0.58631
2 0.866072 0.438895 0.194196 0.474888
3 0.364118 0.532366 0.0558036 0.287946
1 0.367746 0.624628 0.0725446 0.53497
2 0.36635 0.633092 0.0970982 0.648996
3 0.367467 0.5 0.0390625 0.0654762
3 0.363002 0.524926 0.0435268 0.0959821
3 0.359654 0.49628 0.0345982 0.0632441
3 0.368025 0.583705 0.0658482 0.475446
1 0.347656 0.692708 0.134487 0.58631
3 0.364955 0.594122 0.101004 0.594494
1 0.368304 0.541109 0.0597098 0.376116
3 0.368304 0.577939 0.0518973 0.24442
3 0.367746 0.50372 0.0390625 0.15997
3 0.360212 0.500372 0.0351562 0.136161
3 0.864397 0.441685 0.209821 0.484189
0 0.368025 0.583705 0.0658482 0.475446
1 0.363839 0.532738 0.0418527 0.157738
3 0.369699 0.504464 0.0591518 0.373512
1 0.368304 0.577939 0.0518973 0.24442
0 0.318917 0.647321 0.228237 0.666667
0 0.364118 0.532366 0.0558036 0.287946
0 0.268136 0.676711 0.328683 0.642113
1 0.853795 0.597098 0.158482 0.497768
1 0.318917 0.647321 0.228237 0.666667
1 0.383092 0.665737 0.0876116 0.56436
0 0.381417 0.527158 0.141183 0.56622
3 0.371652 0.567708 0.046875 0.10119
