3 0.348772 0.457217 0.046317 0.133185
3 0.353795 0.460193 0.0837054 0.147321
3 0.396484 0.463914 0.0491071 0.0974703
1 0.349888 0.460566 0.0602679 0.139881
2 0.348493 0.460566 0.0574777 0.136161
0 0.348493 0.460566 0.0574777 0.136161
3 0.404018 0.449033 0.0424107 0.0997024
3 0.396484 0.462798 0.0697545 0.13244
0 0.353795 0.460193 0.0837054 0.147321
3 0.337054 0.46317 0.0424107 0.113839
3 0.405134 0.449033 0.0658482 0.139137
3 0.347377 0.421875 0.0385045 0.0922619
3 0.374721 0.481771 0.0440848 0.101935
3 0.372768 0.414435 0.0479911 0.139881
3 0.407087 0.494048 0.0452009 0.136161
3 0.347656 0.478423 0.0424107 0.104911
