2 0.597656 0.429316 0.100446 0.362351
2 0.106829 0.459077 0.118931 0.270089
3 0.108538 0.458333 0.107701 0.247768
1 0.600446 0.428199 0.101562 0.364583
2 0.612165 0.429408 0.0993304 0.446243
3 0.105748 0.465774 0.11942 0.354167
0 0.106166 0.46689 0.11942 0.31994
1 0.106166 0.46689 0.11942 0.31994
0 0.594308 0.436384 0.109375 0.386905
2 0.577009 0.425223 0.154018 0.436012
3 0.597656 0.43006 0.104911 0.374256
2 0.609933 0.451637 0.0803572 0.291667
1 0.112026 0.449777 0.101842 0.239583
2 0.533343 0.431455 0.192243 0.446615
3 0.132254 0.458333 0.0558036 0.195685
0 0.612165 0.429408 0.0993304 0.446243
0 0.108259 0.646949 0.179408 0.643601
0 0.556222 0.445685 0.222377 0.431548
1 0.556222 0.445685 0.222377 0.431548
0 0.112026 0.449777 0.101842 0.239583
3 0.127511 0.442708 0.0636161 0.136905
2 0.127511 0.442708 0.0636161 0.136905
0 0.49149 0.468099 0.342913 0.663505
1 0.602539 0.417783 0.224609 0.391369
3 0.14216 0.440848 0.0390625 0.110119
1 0.577009 0.425223 0.154018 0.436012
0 0.0732422 0.644345 0.137556 0.672619
3 0.125977 0.47061 0.0661272 0.148066
2 0.617746 0.487351 0.0546875 0.242559
2 0.615513 0.483631 0.0613839 0.34375
0 0.577009 0.425223 0.154018 0.436012
2 0.580357 0.423642 0.125 0.30599
