0 0.87221 0.605097 0.248884 0.774926
0 0.866071 0.344494 0.262277 0.688988
0 0.390834 0.333705 0.354492 0.614583
0 0.326939 0.334077 0.544782 0.668155
1 0.866629 0.344122 0.266741 0.688244
1 0.39495 0.332589 0.370815 0.618304
1 0.876953 0.657738 0.246094 0.68006
0 0.443638 0.354911 0.169643 0.563244
1 0.443638 0.354911 0.169643 0.563244
1 0.316267 0.335193 0.450056 0.670387
2 0.866629 0.344122 0.266741 0.688244
2 0.876953 0.657738 0.246094 0.68006
0 0.484375 0.337054 0.248884 0.603423
3 0.228306 0.571429 0.038923 0.0974703
3 0.866629 0.344122 0.266741 0.688244
3 0.876953 0.657738 0.246094 0.68006
2 0.39495 0.332589 0.370815 0.618304
3 0.215402 0.573661 0.0323661 0.0959821
3 0.22998 0.568824 0.0612444 0.162946
3 0.373465 0.332124 0.418248 0.636347
0 0.78683 0.610119 0.383929 0.77381
2 0.326242 0.333333 0.556222 0.666667
0 0.418527 0.413784 0.146205 0.47154
3 0.215053 0.571057 0.0498047 0.143601
0 0.332868 0.36077 0.249442 0.59096
0 0.381138 0.361607 0.214844 0.560268
0 0.490513 0.331473 0.438616 0.662946
0 0.409877 0.313244 0.200335 0.563988
0 0.881138 0.721912 0.217634 0.535342
3 0.227121 0.535714 0.0452009 0.154762
1 0.418527 0.413784 0.146205 0.47154
3 0.214286 0.536458 0.0351563 0.147321
0 0.465681 0.405878 0.128906 0.479911
