0 0.672991 0.601191 0.422991 0.788691
3 0.978795 0.581845 0.0390625 0.127976
0 0.594866 0.395833 0.470982 0.769345
0 0.39495 0.337147 0.437779 0.645647
0 0.718192 0.342913 0.427455 0.675781
0 0.29248 0.341146 0.49986 0.682292
3 0.976562 0.576637 0.0435267 0.186756
2 0.978795 0.581473 0.0401785 0.12872
0 0.563756 0.531622 0.401507 0.781994
1 0.675223 0.653925 0.441964 0.69215
0 0.485352 0.363839 0.538225 0.727679
1 0.978795 0.581473 0.0390625 0.122024
1 0.396624 0.336031 0.447824 0.650856
0 0.978795 0.581473 0.0401785 0.12872
3 0.230818 0.573289 0.039481 0.0967262
1 0.976562 0.576637 0.0435267 0.186756
2 0.976562 0.576637 0.0435267 0.186756
0 0.632254 0.350446 0.290179 0.658482
2 0.675223 0.653925 0.441964 0.69215
1 0.594866 0.395833 0.470982 0.769345
3 0.214774 0.575149 0.0325056 0.0900298
3 0.675223 0.653925 0.441964 0.69215
3 0.232213 0.570685 0.0612444 0.168899
3 0.224609 0.580357 0.0340402 0.0900298
1 0.718192 0.342913 0.427455 0.675781
2 0.594866 0.395833 0.470982 0.769345
3 0.985491 0.592262 0.0290178 0.171875
0 0.459263 0.50651 0.251116 0.600074
3 0.594866 0.395833 0.470982 0.769345
3 0.214355 0.572173 0.0517578 0.134673
2 0.39495 0.337147 0.437779 0.645647
0 0.976562 0.576637 0.0435267 0.186756
3 0.213728 0.53683 0.0385045 0.146577
0 0.461217 0.428385 0.328683 0.646205
0 0.486328 0.608724 0.292969 0.629278
0 0.442522 0.373512 0.175223 0.581101
0 0.772321 0.623512 0.304687 0.721726
3 0.227748 0.537202 0.0461775 0.14881
3 0.383859 0.337984 0.528041 0.675967
3 0.217634 0.593378 0.0345982 0.0684524
3 0.22998 0.593006 0.0400391 0.078125
3 0.21596 0.59561 0.0284598 0.0528274
3 0.986607 0.594122 0.0267857 0.112351
