3 0.368304 0.450149 0.078125 0.193452
3 0.496791 0.443824 0.100167 0.236607
2 0.368304 0.450149 0.0837054 0.191964
2 0.494001 0.440476 0.116909 0.254464
3 0.378627 0.459449 0.0993304 0.247768
3 0.486468 0.440104 0.14202 0.270833
1 0.494001 0.440476 0.116909 0.254464
0 0.494001 0.440476 0.116909 0.254464
1 0.368304 0.450149 0.0837054 0.191964
0 0.368304 0.450149 0.0837054 0.191964
2 0.378627 0.459449 0.0993304 0.247768
3 0.526786 0.465402 0.046875 0.181548
2 0.50558 0.437407 0.166295 0.323103
3 0.364676 0.457217 0.0636161 0.153274
3 0.458984 0.452009 0.144531 0.210565
3 0.526228 0.464286 0.061384 0.225446
1 0.378627 0.459449 0.0993304 0.247768
0 0.378627 0.459449 0.0993304 0.247768
2 0.488839 0.420387 0.0892857 0.217262
3 0.51409 0.442336 0.0666852 0.149554
3 0.491211 0.454985 0.062221 0.145833
0 0.50558 0.437407 0.166295 0.323103
3 0.511161 0.484747 0.0703125 0.244048
3 0.484933 0.351842 0.100446 0.251674
3 0.50851 0.439081 0.158203 0.328683
