0 0.912947 0.391369 0.168527 0.764881
0 0.898438 0.600632 0.190848 0.774926
0 0.323172 0.333426 0.529994 0.65904
0 0.383022 0.333612 0.341099 0.622954
0 0.440569 0.350539 0.174665 0.584635
1 0.914062 0.350353 0.167411 0.672805
1 0.385951 0.332589 0.355329 0.627232
0 0.863281 0.651414 0.25 0.645089
0 0.928013 0.665551 0.126116 0.668899
1 0.440569 0.350539 0.174665 0.584635
1 0.312919 0.334821 0.456752 0.669643
0 0.848772 0.543155 0.293527 0.8125
2 0.910714 0.344122 0.176339 0.668155
3 0.233817 0.568824 0.0401786 0.102679
1 0.883371 0.601377 0.227679 0.782366
0 0.932478 0.475074 0.13058 0.664435
2 0.314872 0.335938 0.472935 0.671875
0 0.779018 0.622861 0.399554 0.687314
0 0.483677 0.345145 0.227958 0.608817
0 0.419085 0.410993 0.159598 0.489025
3 0.321847 0.331101 0.537109 0.662202
3 0.214844 0.533482 0.0401786 0.149554
3 0.2357 0.566592 0.0592913 0.168155
3 0.910714 0.344122 0.176339 0.668155
2 0.883371 0.601377 0.227679 0.782366
0 0.870536 0.457217 0.228795 0.779018
3 0.213937 0.573661 0.0319476 0.0952381
3 0.226632 0.578497 0.0327846 0.0907738
3 0.883371 0.601377 0.227679 0.782366
0 0.96596 0.660528 0.0580357 0.634301
3 0.229353 0.53497 0.0485491 0.15253
0 0.848214 0.335286 0.285714 0.670201
3 0.383022 0.333612 0.341099 0.622954
