1 0.656808 0.551339 0.141741 0.419643
3 0.978795 0.580357 0.0390625 0.127232
0 0.321847 0.332217 0.543806 0.657738
0 0.388323 0.332961 0.369559 0.612351
1 0.39216 0.331473 0.385324 0.614583
2 0.978795 0.579985 0.0390625 0.126488
0 0.442662 0.354539 0.17048 0.561012
1 0.978795 0.579241 0.0401785 0.12872
3 0.977121 0.575149 0.0435267 0.180804
2 0.657366 0.551711 0.142857 0.418899
1 0.442662 0.354539 0.17048 0.561012
0 0.978795 0.579241 0.0401785 0.12872
1 0.31543 0.332589 0.460658 0.665179
0 0.65625 0.550967 0.141741 0.418899
2 0.977121 0.575149 0.0435267 0.180804
3 0.213518 0.578497 0.0283203 0.0855655
3 0.228237 0.572917 0.0385045 0.0952381
0 0.484235 0.345238 0.244699 0.593006
2 0.39216 0.331473 0.385324 0.614583
3 0.657366 0.551711 0.142857 0.418899
3 0.371303 0.331845 0.432617 0.631696
3 0.23019 0.569941 0.0580357 0.151042
3 0.213728 0.574777 0.0412946 0.125
3 0.98577 0.591518 0.0284598 0.165179
0 0.484375 0.324591 0.421875 0.649182
3 0.222586 0.580729 0.0330636 0.0930059
2 0.31543 0.332589 0.460658 0.665179
0 0.415737 0.412574 0.148996 0.463542
0 0.337402 0.359654 0.255999 0.582775
1 0.666295 0.566964 0.126116 0.293155
3 0.973772 0.561012 0.0379464 0.127976
0 0.409877 0.314732 0.204799 0.56622
3 0.986607 0.59375 0.0267857 0.107887
3 0.2131 0.537946 0.0341797 0.145089
1 0.466657 0.405971 0.131417 0.476749
