2 0.086635 0.462054 0.104632 0.25
3 0.587612 0.454985 0.0513393 0.136905
3 0.0863212 0.462426 0.105259 0.262649
3 0.583705 0.456101 0.0803572 0.25372
1 0.0861816 0.46317 0.106655 0.255208
0 0.0861816 0.46317 0.106655 0.255208
0 0.0731027 0.654576 0.14481 0.616444
3 0.594308 0.446057 0.0412947 0.115327
3 0.580915 0.448289 0.047991 0.114583
1 0.585379 0.454985 0.0625 0.170387
0 0.585379 0.454985 0.0625 0.170387
0 0.583705 0.456101 0.0803572 0.25372
1 0.583705 0.456101 0.0803572 0.25372
2 0.0897042 0.480283 0.0680804 0.148066
1 0.0747419 0.650298 0.132324 0.623512
2 0.588728 0.465402 0.063616 0.245536
2 0.585379 0.454985 0.0625 0.170387
2 0.0776018 0.474423 0.112653 0.362165
1 0.592634 0.457217 0.047991 0.125744
0 0.58817 0.454985 0.0491071 0.135417
3 0.588728 0.418155 0.0401785 0.0892857
2 0.0882743 0.447545 0.0701032 0.150298
3 0.0993304 0.495164 0.0644531 0.197173
3 0.0897042 0.480283 0.0680804 0.148066
2 0.592634 0.457217 0.047991 0.125744
2 0.07101 0.473586 0.0647321 0.148065
