0 0.24442 0.60026 0.311384 0.763765
0 0.324777 0.386905 0.470982 0.77381
0 0.378627 0.609933 0.357701 0.741443
0 0.306362 0.533854 0.449777 0.805804
0 0.246024 0.344866 0.254604 0.658482
0 0.227679 0.454613 0.302455 0.822917
1 0.229283 0.601749 0.283622 0.75186
1 0.324777 0.386905 0.470982 0.77381
0 0.434919 0.384673 0.54534 0.769345
0 0.420201 0.658482 0.22433 0.627976
2 0.247489 0.602121 0.317522 0.765997
1 0.372001 0.609282 0.384347 0.74721
2 0.324777 0.386905 0.470982 0.77381
3 0.247489 0.602121 0.317522 0.765997
0 0.50558 0.369048 0.414062 0.642113
3 0.324777 0.386905 0.470982 0.77381
0 0.178711 0.340402 0.169922 0.633929
1 0.246024 0.344866 0.254604 0.658482
1 0.302665 0.533296 0.475028 0.841146
0 0.234375 0.723028 0.259487 0.530134
