2 0.659598 0.450614 0.139509 0.435082
1 0.0656738 0.47061 0.127581 0.398066
2 0.0656738 0.47061 0.127581 0.398066
0 0.0708008 0.633371 0.138253 0.691592
1 0.65904 0.433129 0.13058 0.394159
0 0.0654994 0.493304 0.13072 0.483631
0 0.660714 0.427083 0.148438 0.447917
3 0.65904 0.433129 0.13058 0.394159
1 0.0708008 0.633371 0.138253 0.691592
2 0.65904 0.493676 0.128348 0.261161
2 0.641183 0.498977 0.109375 0.433594
0 0.664621 0.602121 0.172991 0.587426
3 0.0677316 0.469494 0.124581 0.397321
1 0.662946 0.599888 0.158482 0.609747
2 0.662946 0.599888 0.158482 0.609747
0 0.109375 0.636254 0.21875 0.7141
0 0.636161 0.416295 0.180804 0.534226
2 0.691406 0.442894 0.199777 0.578497
3 0.643415 0.475074 0.102679 0.271577
0 0.537388 0.44215 0.377232 0.657366
2 0.65904 0.434896 0.120536 0.305804
3 0.613281 0.438244 0.113839 0.438988
1 0.641183 0.498977 0.109375 0.433594
2 0.636161 0.416295 0.180804 0.534226
2 0.0733817 0.495164 0.115792 0.267113
0 0.645647 0.466518 0.114955 0.380208
