1 0.915179 0.515904 0.158482 0.744978
0 0.917411 0.565941 0.160714 0.723772
0 0.398158 0.332868 0.338728 0.603609
0 0.32666 0.332961 0.529715 0.663691
1 0.917969 0.662946 0.154018 0.592262
1 0.944754 0.561756 0.109375 0.589286
0 0.944754 0.561756 0.109375 0.589286
1 0.402065 0.332217 0.355469 0.607143
0 0.444475 0.353051 0.163504 0.561012
0 0.934152 0.662574 0.125 0.549851
2 0.920759 0.516369 0.154018 0.693452
1 0.444475 0.353051 0.163504 0.561012
0 0.974888 0.577567 0.0446428 0.386533
1 0.974888 0.577567 0.0446428 0.386533
0 0.908482 0.344587 0.168527 0.65904
2 0.944754 0.561756 0.109375 0.589286
0 0.485212 0.333705 0.265067 0.608631
2 0.977121 0.594122 0.0401786 0.37872
2 0.979911 0.597842 0.0368303 0.216518
1 0.908482 0.344587 0.168527 0.65904
3 0.974888 0.577567 0.0446428 0.386533
1 0.317104 0.335193 0.468471 0.670387
1 0.979911 0.597842 0.0368303 0.216518
3 0.978795 0.577753 0.0412947 0.130208
1 0.975447 0.660528 0.0479911 0.461682
0 0.497907 0.330729 0.44615 0.657738
3 0.987723 0.579985 0.0223214 0.110863
3 0.977121 0.581101 0.0401786 0.188244
0 0.975447 0.660528 0.0479911 0.461682
2 0.402065 0.332217 0.355469 0.607143
3 0.987165 0.579613 0.0223214 0.165923
1 0.939732 0.667597 0.111607 0.297247
0 0.977121 0.581101 0.0401786 0.188244
2 0.952009 0.574591 0.0926339 0.252604
0 0.898158 0.667225 0.203683 0.600074
1 0.952009 0.574591 0.0926339 0.252604
3 0.915737 0.516462 0.158482 0.730469
3 0.375279 0.331194 0.410156 0.629278
2 0.978795 0.577753 0.0412947 0.130208
2 0.326521 0.331473 0.541155 0.662946
3 0.944754 0.561756 0.109375 0.589286
2 0.976004 0.559524 0.0479911 0.36756
3 0.986607 0.578869 0.0267857 0.267857
0 0.410854 0.314732 0.205078 0.571429
0 0.419922 0.413225 0.133929 0.465216
0 0.332938 0.361142 0.249302 0.584263
3 0.230469 0.563988 0.0412946 0.107143
1 0.978237 0.656622 0.0424108 0.274554
3 0.212542 0.568824 0.0313895 0.0989584
0 0.952009 0.574591 0.0926339 0.252604
2 0.917969 0.662946 0.154018 0.592262
1 0.419922 0.413225 0.133929 0.465216
0 0.545759 0.333333 0.198661 0.569941
3 0.213518 0.53311 0.0350167 0.151786
0 0.381696 0.362723 0.211496 0.55878
