2 0.407645 0.491071 0.0842634 0.206101
3 0.406808 0.491071 0.0809152 0.205357
0 0.406808 0.491071 0.0848214 0.207589
1 0.407087 0.493676 0.0848214 0.203125
0 0.414062 0.703311 0.117746 0.575521
1 0.412667 0.684896 0.0959821 0.579613
3 0.420759 0.508557 0.0535714 0.139881
2 0.408761 0.497768 0.0703125 0.158482
3 0.406808 0.52939 0.0680803 0.217262
2 0.412109 0.518601 0.105469 0.266369
2 0.40625 0.531622 0.0725446 0.283482
2 0.420759 0.508557 0.0535714 0.139881
3 0.407366 0.533854 0.0569197 0.104911
1 0.415458 0.697173 0.145089 0.580357
