3 0.978795 0.579613 0.0379465 0.127976
0 0.176339 0.593192 0.315848 0.792783
0 0.301758 0.34003 0.48577 0.678571
0 0.142892 0.567057 0.21868 0.761719
0 0.386649 0.332589 0.374023 0.619048
1 0.161656 0.566592 0.248675 0.768601
0 0.442243 0.353795 0.171317 0.565476
0 0.241839 0.676339 0.42034 0.647321
2 0.979353 0.578869 0.0390625 0.127976
1 0.390834 0.331101 0.392439 0.624256
1 0.979353 0.578869 0.0390625 0.127976
3 0.978516 0.585938 0.0429688 0.167411
1 0.307896 0.341797 0.51144 0.679501
0 0.979353 0.578869 0.0390625 0.127976
0 0.482701 0.335472 0.252232 0.610305
1 0.442243 0.353795 0.171317 0.565476
1 0.148472 0.468564 0.176828 0.59561
0 0.18178 0.535063 0.213449 0.656064
2 0.177525 0.595424 0.319057 0.797247
0 0.136335 0.469587 0.179897 0.602493
2 0.161761 0.528274 0.232282 0.693452
0 0.489397 0.330357 0.438616 0.660714
3 0.177525 0.595424 0.319057 0.797247
0 0.110875 0.534319 0.17055 0.662016
2 0.977121 0.575521 0.0435267 0.19122
1 0.202637 0.655878 0.361468 0.688244
1 0.977121 0.575521 0.0435267 0.19122
2 0.307896 0.341797 0.51144 0.679501
1 0.90904 0.347563 0.175223 0.630766
2 0.386649 0.332589 0.374023 0.619048
3 0.307896 0.341797 0.51144 0.679501
0 0.263881 0.46875 0.463309 0.729167
3 0.973772 0.558036 0.0401786 0.156994
3 0.986328 0.591518 0.0273438 0.171131
0 0.103237 0.654018 0.17885 0.647321
0 0.228795 0.535528 0.235491 0.616443
0 0.90904 0.347563 0.175223 0.630766
0 0.417411 0.411365 0.152344 0.470424
0 0.181501 0.68843 0.259208 0.614211
0 0.410017 0.313895 0.208984 0.568638
3 0.13637 0.528832 0.223912 0.698289
0 0.545201 0.334077 0.179688 0.56622
3 0.386649 0.332589 0.374023 0.619048
3 0.987165 0.593006 0.0256696 0.108631
