1 0.132324 0.555897 0.165039 0.608445
3 0.979353 0.576637 0.0379464 0.130208
0 0.396763 0.334449 0.353795 0.607143
0 0.310896 0.34096 0.455218 0.68192
1 0.399763 0.333705 0.371233 0.611607
0 0.13215 0.555153 0.158133 0.593564
0 0.444336 0.353051 0.1649 0.568452
0 0.487165 0.333426 0.28683 0.623326
2 0.979353 0.575893 0.0379464 0.129464
1 0.444336 0.353051 0.1649 0.568452
1 0.979353 0.575893 0.0379464 0.129464
1 0.163156 0.572359 0.242885 0.655878
0 0.501116 0.332217 0.457589 0.65997
2 0.13215 0.555153 0.158133 0.593564
0 0.979353 0.575893 0.0379464 0.129464
1 0.31236 0.341704 0.48019 0.683408
3 0.979074 0.581845 0.0418527 0.19122
3 0.974888 0.556176 0.0379465 0.159226
2 0.399763 0.333705 0.371233 0.611607
0 0.163156 0.572359 0.242885 0.655878
3 0.373605 0.332682 0.422433 0.636719
3 0.13215 0.555153 0.158133 0.593564
0 0.568638 0.35333 0.296875 0.625186
0 0.256696 0.530041 0.358817 0.640811
2 0.31236 0.341704 0.48019 0.683408
0 0.420759 0.415272 0.132254 0.459635
1 0.125837 0.666667 0.18471 0.447917
2 0.979074 0.581845 0.0418527 0.19122
1 0.420759 0.415272 0.132254 0.459635
0 0.329799 0.363467 0.257254 0.595238
1 0.487165 0.333426 0.28683 0.623326
1 0.977958 0.571429 0.0440848 0.206101
0 0.381138 0.364676 0.212612 0.559338
3 0.986607 0.59003 0.0267857 0.198661
0 0.410714 0.314732 0.203125 0.566964
0 0.242746 0.61756 0.28683 0.636905
0 0.264997 0.430525 0.299247 0.665737
