0 0.545619 0.682478 0.252511 0.590402
1 0.541992 0.68564 0.270926 0.59747
3 0.364955 0.524182 0.0362723 0.12128
3 0.371652 0.49814 0.0362723 0.0617559
3 0.364397 0.519717 0.0379464 0.0803571
3 0.371931 0.52939 0.0401786 0.145833
3 0.372489 0.5 0.0362723 0.136905
3 0.373605 0.520833 0.0440848 0.077381
2 0.545619 0.682478 0.252511 0.590402
3 0.373047 0.528274 0.0591518 0.320685
3 0.365234 0.522693 0.0530134 0.259673
3 0.360212 0.492188 0.031808 0.0639881
3 0.360491 0.494792 0.0340402 0.119792
3 0.541992 0.68564 0.270926 0.59747
0 0.362165 0.642113 0.160714 0.662202
3 0.362444 0.567708 0.0412946 0.196429
0 0.395926 0.649182 0.164621 0.631696
1 0.362165 0.642113 0.160714 0.662202
1 0.395089 0.647507 0.154018 0.618676
0 0.550781 0.650298 0.190848 0.507441
1 0.367746 0.660342 0.0887277 0.546875
1 0.364955 0.524182 0.0362723 0.12128
