0 0.390625 0.579706 0.117188 0.632254
0 0.395647 0.625186 0.164062 0.731771
1 0.390625 0.579706 0.117188 0.632254
2 0.390625 0.579706 0.117188 0.632254
1 0.385045 0.49721 0.0954241 0.457961
0 0.527902 0.444382 0.415179 0.66183
2 0.385045 0.49721 0.0954241 0.457961
3 0.385045 0.49721 0.0954241 0.457961
0 0.385045 0.49721 0.0954241 0.457961
0 0.452567 0.629278 0.308036 0.741443
0 0.354911 0.627046 0.261719 0.734003
0 0.441964 0.564918 0.239955 0.646949
1 0.395647 0.625186 0.164062 0.731771
3 0.390625 0.579706 0.117188 0.632254
0 0.529576 0.295759 0.447545 0.547619
3 0.383371 0.449033 0.078683 0.285714
1 0.36942 0.534226 0.104911 0.513393
0 0.359375 0.657366 0.16183 0.630208
