1 0.0199498 0.53125 0.0348772 0.541667
3 0.477121 0.482887 0.0323661 0.101935
3 0.469308 0.475818 0.0485491 0.0974703
3 0.481027 0.482143 0.03125 0.0803571
3 0.425781 0.470982 0.0418527 0.077381
3 0.416574 0.469122 0.0396206 0.0900298
3 0.447545 0.462054 0.0574777 0.0930059
0 0.0209961 0.654576 0.038365 0.613467
0 0.0279018 0.576451 0.0555246 0.704241
0 0.0186942 0.504371 0.0344587 0.549293
3 0.46317 0.471354 0.0714286 0.112351
3 0.479353 0.46689 0.0345982 0.0811012
3 0.452288 0.483259 0.0496652 0.104167
1 0.03125 0.506975 0.0565011 0.630394
2 0.0199498 0.53125 0.0348772 0.541667
3 0.449498 0.462798 0.0691965 0.125
3 0.450614 0.46689 0.104353 0.226935
3 0.402065 0.47061 0.0217634 0.0744047
1 0.0209961 0.654576 0.038365 0.613467
1 0.0193917 0.528274 0.0311105 0.297619
3 0.474051 0.466518 0.0518973 0.137649
3 0.484794 0.476191 0.0438058 0.146577
3 0.453683 0.483259 0.0602678 0.133185
1 0.0162528 0.40997 0.0288783 0.458333
0 0.0337612 0.430153 0.0616629 0.559338
1 0.0156599 0.487072 0.0313198 0.50651
0 0.0371094 0.669085 0.0742188 0.655878
0 0.0530831 0.560547 0.0902623 0.679501
1 0.477121 0.482887 0.0323661 0.101935
0 0.0244838 0.638765 0.0489676 0.648066
3 0.0175781 0.455543 0.030692 0.514509
1 0.0220424 0.450614 0.0433873 0.534784
0 0.450614 0.46689 0.104353 0.226935
3 0.425781 0.460193 0.0530134 0.101935
0 0.0162528 0.40997 0.0288783 0.458333
1 0.029541 0.628813 0.059082 0.712612
1 0.0159738 0.449405 0.0273438 0.261905
3 0.0132533 0.395089 0.0192522 0.212054
0 0.0731724 0.627511 0.146345 0.736049
1 0.466518 0.473958 0.0524553 0.109375
3 0.0140206 0.401786 0.0193917 0.0907738
0 0.466518 0.473958 0.0524553 0.109375
3 0.402902 0.470238 0.0491071 0.120536
