2 0.607701 0.452846 0.114955 0.427641
1 0.608259 0.440011 0.113839 0.362537
0 0.607143 0.454334 0.116071 0.41276
3 0.605469 0.441964 0.110491 0.351935
2 0.614397 0.454241 0.104911 0.297619
1 0.598772 0.473679 0.117188 0.488653
0 0.611049 0.621931 0.18192 0.705543
2 0.580915 0.441592 0.0970982 0.31994
3 0.580915 0.441592 0.0970982 0.31994
2 0.599888 0.417411 0.108259 0.292411
3 0.598772 0.473679 0.117188 0.488653
0 0.570871 0.482515 0.241071 0.523065
0 0.554548 0.618025 0.29269 0.740141
0 0.581473 0.532645 0.177455 0.650484
1 0.570871 0.482515 0.241071 0.523065
0 0.59933 0.560175 0.101562 0.579055
2 0.633371 0.467634 0.0669643 0.281994
1 0.574777 0.523624 0.136161 0.559896
2 0.630022 0.435268 0.0982142 0.430804
