3 0.367746 0.49814 0.031808 0.0669643
3 0.366071 0.513765 0.0368304 0.0736607
3 0.358259 0.517485 0.0323661 0.0766369
0 0.55692 0.677269 0.364955 0.645461
3 0.358259 0.498884 0.0273438 0.0669643
3 0.364676 0.521577 0.0435268 0.154018
3 0.368025 0.552455 0.0340402 0.136161
0 0.5625 0.6875 0.236607 0.547619
3 0.358259 0.549851 0.0295759 0.13244
3 0.368862 0.547619 0.0351563 0.0744048
1 0.365234 0.521205 0.030692 0.0863095
0 0.544643 0.260603 0.425223 0.489955
3 0.358259 0.499628 0.0379464 0.134673
0 0.641741 0.669643 0.410714 0.63244
1 0.368025 0.500744 0.0284598 0.0796131
1 0.364676 0.521577 0.0435268 0.154018
3 0.367746 0.555804 0.0513393 0.247024
1 0.55692 0.677269 0.364955 0.645461
0 0.547991 0.371745 0.393973 0.564546
3 0.354074 0.543899 0.030692 0.0818453
3 0.388114 0.526042 0.031808 0.0721726
3 0.388114 0.53125 0.0385045 0.122024
