3 0.662388 0.43378 0.0714286 0.167411
3 0.667411 0.405878 0.0435268 0.143601
3 0.645089 0.442708 0.0625 0.115327
3 0.657366 0.442708 0.117188 0.297619
3 0.631696 0.43936 0.0513393 0.112351
3 0.637277 0.459821 0.0591518 0.10119
3 0.638393 0.459077 0.0669643 0.147321
3 0.669643 0.363839 0.0301339 0.0706845
3 0.670201 0.367188 0.0334821 0.125744
3 0.668527 0.362351 0.0491072 0.193452
0 0.65625 0.441964 0.126116 0.271577
3 0.626116 0.458333 0.0513392 0.109375
3 0.670759 0.450893 0.061384 0.146577
1 0.656808 0.43378 0.111607 0.258185
3 0.669643 0.451265 0.0725447 0.230655
3 0.614955 0.460566 0.0279018 0.0952381
3 0.671875 0.390625 0.0357143 0.120536
1 0.662388 0.434524 0.0770089 0.169643
0 0.662388 0.434524 0.0770089 0.169643
1 0.666853 0.40625 0.0491071 0.142113
3 0.615513 0.460938 0.0669643 0.197173
3 0.674107 0.425223 0.0446429 0.140625
0 0.666853 0.40625 0.0491071 0.142113
2 0.656808 0.43378 0.111607 0.258185
3 0.612723 0.438988 0.030134 0.0907738
1 0.668527 0.362351 0.0491072 0.193452
2 0.666853 0.40625 0.0491071 0.142113
