2 0.962612 0.452846 0.0680804 0.371094
1 0.964286 0.482143 0.0703125 0.516369
0 0.956473 0.619699 0.0848214 0.738281
1 0.512835 0.69122 0.117188 0.569941
2 0.957031 0.47926 0.0803572 0.562314
0 0.514648 0.704613 0.128069 0.568452
0 0.962054 0.506882 0.0714286 0.620164
1 0.962054 0.448754 0.0658482 0.298921
0 0.93471 0.614397 0.13058 0.738467
1 0.956473 0.619699 0.0848214 0.738281
1 0.961496 0.618118 0.0636161 0.635789
1 0.931362 0.536272 0.118304 0.600074
0 0.962612 0.452846 0.0680804 0.371094
0 0.962054 0.656436 0.0636161 0.63058
3 0.964286 0.482143 0.0703125 0.516369
3 0.511579 0.503348 0.0672433 0.123512
2 0.947545 0.560919 0.102678 0.698103
3 0.513393 0.502976 0.0970982 0.270089
2 0.935826 0.446708 0.114955 0.506882
0 0.944475 0.418248 0.111049 0.553385
2 0.970424 0.416295 0.0558036 0.274554
0 0.888393 0.616536 0.223214 0.750558
3 0.530134 0.528646 0.045759 0.124256
