3 0.978795 0.576637 0.0368303 0.129464
1 0.350167 0.535714 0.133929 0.331845
0 0.386998 0.336961 0.357701 0.626674
0 0.332031 0.336496 0.547991 0.672991
1 0.349888 0.547619 0.0982143 0.293155
1 0.34933 0.492374 0.192522 0.509301
0 0.44043 0.354911 0.181641 0.56994
0 0.34933 0.492374 0.192522 0.509301
1 0.390695 0.334356 0.371512 0.631882
0 0.351283 0.53683 0.107143 0.317708
2 0.979353 0.575893 0.0379464 0.129464
1 0.395089 0.440197 0.18192 0.476749
0 0.395089 0.440197 0.18192 0.476749
2 0.350167 0.535714 0.133929 0.331845
1 0.382533 0.532366 0.232701 0.360863
1 0.979353 0.575893 0.0379464 0.129464
2 0.352958 0.534226 0.0987723 0.273065
0 0.336217 0.384301 0.227121 0.59747
0 0.484654 0.337705 0.275112 0.616257
0 0.979353 0.575893 0.0379464 0.129464
1 0.44043 0.354911 0.181641 0.56994
0 0.331752 0.46596 0.31808 0.541295
1 0.413505 0.520461 0.102121 0.307292
1 0.359933 0.505952 0.0948661 0.252976
0 0.412388 0.481399 0.112723 0.349702
1 0.329729 0.33631 0.555943 0.672619
0 0.494978 0.331101 0.466518 0.662202
0 0.390206 0.422805 0.302176 0.556176
1 0.331752 0.46596 0.31808 0.541295
3 0.978795 0.581845 0.0424107 0.190476
2 0.34933 0.492374 0.192522 0.509301
1 0.355469 0.575707 0.185268 0.347098
2 0.390695 0.334356 0.371512 0.631882
2 0.395089 0.440197 0.18192 0.476749
1 0.390206 0.422805 0.302176 0.556176
0 0.382533 0.532366 0.232701 0.360863
3 0.97433 0.557664 0.0379464 0.158482
3 0.351283 0.53683 0.107143 0.317708
2 0.977679 0.572173 0.0446428 0.202381
3 0.377651 0.335566 0.414342 0.654018
1 0.336217 0.384301 0.227121 0.59747
3 0.228306 0.565476 0.0478516 0.130952
2 0.329729 0.33631 0.555943 0.672619
0 0.907924 0.344959 0.176339 0.630022
0 0.414342 0.520833 0.0915179 0.227679
2 0.414342 0.520833 0.0915179 0.227679
3 0.214565 0.571429 0.0373884 0.0967262
0 0.347377 0.565848 0.140067 0.353423
1 0.4375 0.484003 0.167411 0.366071
0 0.267299 0.5226 0.189174 0.457775
3 0.229632 0.56343 0.0837054 0.264509
1 0.319196 0.491257 0.116071 0.469866
0 0.371931 0.456101 0.0959821 0.24628
1 0.977679 0.572173 0.0446428 0.202381
0 0.229632 0.56343 0.0837054 0.264509
0 0.215123 0.524926 0.170759 0.432292
0 0.407506 0.315104 0.211775 0.563988
0 0.285156 0.519066 0.324219 0.478237
1 0.371931 0.456101 0.0959821 0.24628
3 0.213658 0.568824 0.070452 0.188244
0 0.542829 0.334821 0.192243 0.570685
