1 0.58817 0.699963 0.121652 0.180432
3 0.347098 0.484375 0.0323661 0.0811012
3 0.353237 0.488839 0.0284598 0.12128
3 0.356585 0.517113 0.0340402 0.145833
3 0.34933 0.511533 0.0368304 0.0915179
1 0.594308 0.724144 0.171875 0.304688
3 0.35519 0.490327 0.0440848 0.226935
3 0.349888 0.457217 0.031808 0.136161
3 0.58817 0.699963 0.121652 0.180432
3 0.333147 0.479167 0.0239955 0.0796131
3 0.365792 0.522321 0.0479911 0.164435
3 0.357422 0.486607 0.0385045 0.077381
1 0.353237 0.488839 0.0284598 0.12128
3 0.333984 0.518601 0.030692 0.133929
3 0.344308 0.457961 0.0301339 0.0639881
3 0.365234 0.488467 0.0440848 0.15253
0 0.594866 0.726191 0.185268 0.302083
3 0.333147 0.484375 0.0273438 0.116071
0 0.587054 0.700893 0.136161 0.221726
3 0.359375 0.516369 0.0435268 0.0907738
1 0.356585 0.517113 0.0340402 0.145833
1 0.604911 0.688058 0.09375 0.155134
2 0.58817 0.699963 0.121652 0.180432
0 0.53404 0.378627 0.379464 0.585007
3 0.333147 0.515997 0.0267857 0.0885417
3 0.355469 0.553199 0.0351562 0.195685
3 0.567522 0.685082 0.0390625 0.0956102
3 0.587054 0.683594 0.0580358 0.129836
1 0.402344 0.621838 0.223214 0.672991
1 0.569615 0.692708 0.229074 0.330357
