3 0.452009 0.462426 0.157366 0.194196
2 0.447545 0.462798 0.143973 0.196429
3 0.513253 0.479539 0.114118 0.160714
3 0.515625 0.479539 0.0814732 0.144345
3 0.47726 0.459821 0.131417 0.167411
3 0.534598 0.494048 0.0513393 0.114583
3 0.532924 0.493304 0.0758928 0.124256
3 0.421596 0.454985 0.108259 0.188988
0 0.45452 0.468006 0.194754 0.221726
3 0.540737 0.500372 0.03125 0.107887
3 0.403739 0.457589 0.0625 0.18378
1 0.45452 0.468006 0.194754 0.221726
0 0.444754 0.462054 0.135045 0.199405
1 0.444754 0.462054 0.135045 0.199405
3 0.433036 0.466146 0.132254 0.252976
3 0.489537 0.47247 0.211775 0.266369
3 0.50279 0.455729 0.139509 0.185268
1 0.467913 0.470238 0.142299 0.177083
3 0.502232 0.456845 0.0848214 0.145089
2 0.421875 0.455729 0.105469 0.186756
1 0.513253 0.479539 0.114118 0.160714
0 0.467913 0.470238 0.142299 0.177083
2 0.433036 0.466146 0.132254 0.252976
2 0.48005 0.459821 0.14481 0.190476
