3 0.979353 0.579241 0.0379464 0.127232
1 0.129046 0.548735 0.221261 0.598958
0 0.325614 0.332496 0.541853 0.656436
0 0.390276 0.333333 0.362305 0.611607
0 0.141392 0.531622 0.255162 0.649554
1 0.393485 0.332217 0.379325 0.615327
2 0.979353 0.579241 0.0390625 0.127232
0 0.442383 0.354818 0.175502 0.562686
1 0.979353 0.578497 0.0390625 0.127976
1 0.162946 0.49256 0.31808 0.717262
0 0.487165 0.334077 0.273438 0.611607
1 0.150565 0.656436 0.225098 0.574033
0 0.979353 0.578497 0.0390625 0.127976
3 0.978516 0.585194 0.0429688 0.174107
1 0.442383 0.354818 0.175502 0.562686
1 0.3125 0.340216 0.497768 0.680432
2 0.134731 0.529948 0.237235 0.660342
0 0.496931 0.331473 0.461496 0.662946
0 0.189872 0.56529 0.167132 0.545015
3 0.134138 0.528832 0.242885 0.641741
2 0.978516 0.585194 0.0429688 0.174107
2 0.390276 0.333333 0.362305 0.611607
0 0.196359 0.404855 0.333845 0.664993
0 0.152693 0.693452 0.226981 0.552083
1 0.977121 0.574405 0.0435267 0.188988
2 0.324079 0.330357 0.552734 0.65997
3 0.37221 0.331938 0.421875 0.630766
3 0.97433 0.55692 0.0390625 0.162946
0 0.418248 0.412109 0.152902 0.474888
0 0.227121 0.616536 0.393973 0.644903
1 0.189872 0.56529 0.167132 0.545015
0 0.126081 0.41583 0.248396 0.675781
0 0.570312 0.35119 0.282366 0.623512
1 0.0882045 0.528274 0.152274 0.620536
3 0.986049 0.590774 0.0279017 0.18006
0 0.545759 0.332868 0.200893 0.569382
1 0.878348 0.345238 0.219866 0.635417
0 0.40904 0.315383 0.216518 0.573103
1 0.418248 0.412109 0.152902 0.474888
