3 0.978795 0.577381 0.0368303 0.129464
0 0.485631 0.502511 0.2274 0.704799
0 0.318359 0.330357 0.50279 0.660714
0 0.463728 0.392299 0.310268 0.712426
0 0.481027 0.591053 0.279018 0.721168
1 0.481864 0.587054 0.260603 0.714286
0 0.44029 0.34375 0.424107 0.6875
2 0.979353 0.577009 0.0379464 0.12872
0 0.427455 0.430525 0.205357 0.476749
1 0.979353 0.577009 0.0379464 0.12872
0 0.458705 0.349795 0.210938 0.630766
1 0.481724 0.444382 0.241908 0.742188
0 0.413783 0.437221 0.118862 0.466332
0 0.979353 0.577009 0.0379464 0.12872
1 0.410156 0.477679 0.0976562 0.37128
1 0.397391 0.351562 0.374861 0.619792
1 0.464007 0.390625 0.336496 0.717262
0 0.392857 0.707403 0.382813 0.528646
1 0.408203 0.487351 0.0731027 0.262649
0 0.438337 0.523531 0.150112 0.566034
0 0.564732 0.382534 0.337054 0.669457
1 0.316755 0.330171 0.521624 0.660342
0 0.453683 0.676153 0.361607 0.603051
3 0.978795 0.582961 0.0424107 0.18006
0 0.507952 0.351656 0.245257 0.640439
1 0.427455 0.430525 0.205357 0.476749
2 0.486189 0.501116 0.222935 0.72247
0 0.58817 0.332217 0.455357 0.664435
0 0.422712 0.616257 0.28404 0.487723
1 0.438337 0.523531 0.150112 0.566034
2 0.481027 0.591053 0.279018 0.721168
0 0.408203 0.487351 0.0731027 0.262649
0 0.412388 0.339193 0.198661 0.586496
0 0.380022 0.380301 0.167969 0.520647
0 0.41183 0.513021 0.0892857 0.354911
3 0.484654 0.504464 0.244978 0.703869
3 0.97433 0.558036 0.0379464 0.155506
1 0.902344 0.349609 0.186384 0.626674
2 0.978795 0.582961 0.0424107 0.18006
0 0.383929 0.43378 0.129464 0.434524
2 0.316755 0.330171 0.521624 0.660342
0 0.580915 0.46224 0.24442 0.620164
3 0.212263 0.573661 0.0285993 0.0877976
2 0.464007 0.390625 0.336496 0.717262
1 0.455915 0.431641 0.176339 0.611421
0 0.455357 0.65532 0.179688 0.582217
3 0.316755 0.330171 0.521624 0.660342
2 0.397391 0.351562 0.374861 0.619792
0 0.902344 0.349609 0.186384 0.626674
1 0.393694 0.489211 0.0636161 0.239583
3 0.231097 0.566592 0.0400391 0.101935
0 0.422991 0.5 0.348214 0.497024
3 0.464007 0.390625 0.336496 0.717262
2 0.427455 0.430525 0.205357 0.476749
0 0.337054 0.368397 0.228237 0.572731
2 0.408203 0.487351 0.0731027 0.262649
1 0.391183 0.477307 0.0881696 0.290923
0 0.391183 0.477307 0.0881696 0.290923
1 0.977679 0.573661 0.0446428 0.200893
1 0.456752 0.674851 0.321987 0.607143
1 0.415458 0.389137 0.151228 0.526786
