3 0.40625 0.463542 0.0502232 0.114583
1 0.0371094 0.502232 0.0722656 0.623512
0 0.0341797 0.602307 0.0678013 0.704613
1 0.030971 0.623233 0.061942 0.647879
1 0.406529 0.46875 0.0502232 0.124256
2 0.0341797 0.602307 0.0678013 0.704613
2 0.40625 0.46317 0.0485491 0.115327
0 0.406529 0.46875 0.0502232 0.124256
0 0.0352958 0.43843 0.0697545 0.551711
1 0.0309012 0.399926 0.0601283 0.486607
0 0.0308315 0.683408 0.0549665 0.600446
1 0.0441895 0.611142 0.0857282 0.716704
3 0.0341797 0.602307 0.0678013 0.704613
2 0.0348772 0.4601 0.0675223 0.553013
0 0.0336217 0.341239 0.0641741 0.423177
3 0.405134 0.464658 0.0814732 0.145089
1 0.0479213 0.423363 0.0844029 0.537202
