0 0.528599 0.648251 0.209542 0.635045
1 0.525112 0.640625 0.231027 0.651786
3 0.370536 0.514137 0.0345982 0.0684524
3 0.369699 0.497024 0.0284598 0.0669643
0 0.56529 0.664435 0.166295 0.607143
3 0.357143 0.518229 0.0290179 0.0721726
3 0.370536 0.497024 0.0301339 0.100446
2 0.528041 0.639137 0.192801 0.605655
3 0.354353 0.493676 0.0251116 0.0706845
3 0.526786 0.650298 0.226562 0.641369
0 0.539621 0.664435 0.157366 0.28869
3 0.368583 0.519345 0.0518973 0.236607
3 0.373326 0.552455 0.0357143 0.142113
0 0.531808 0.517206 0.21875 0.577195
