3 0.979353 0.578497 0.0368304 0.126488
1 0.111084 0.535342 0.199707 0.804315
0 0.115095 0.598586 0.215681 0.765625
0 0.39216 0.333984 0.356306 0.608817
0 0.315988 0.33324 0.562221 0.6609
0 0.156529 0.529762 0.266741 0.763393
1 0.156529 0.529762 0.266741 0.763393
0 0.444057 0.352679 0.165458 0.564732
1 0.121826 0.655506 0.237932 0.672619
1 0.396205 0.332961 0.377232 0.613839
1 0.444057 0.352679 0.165458 0.564732
2 0.979353 0.578497 0.0379464 0.125744
0 0.484096 0.334077 0.262835 0.612351
1 0.979353 0.578497 0.0379464 0.125744
2 0.115095 0.598586 0.215681 0.765625
0 0.125279 0.43657 0.230469 0.745908
1 0.295689 0.337798 0.520229 0.675595
0 0.979353 0.578497 0.0379464 0.125744
0 0.209891 0.395554 0.397182 0.755022
3 0.979074 0.585938 0.0418527 0.176339
0 0.496652 0.331008 0.44308 0.6609
3 0.118338 0.599702 0.227609 0.772321
0 0.265904 0.703125 0.486049 0.592262
0 0.156215 0.351562 0.256208 0.62128
0 0.233608 0.622024 0.327427 0.602679
2 0.39216 0.333984 0.356306 0.608817
2 0.156529 0.529762 0.266741 0.763393
0 0.0770089 0.651414 0.143973 0.639137
3 0.973214 0.557664 0.0379464 0.154018
2 0.277204 0.354911 0.505859 0.709821
2 0.979074 0.585938 0.0418527 0.176339
2 0.103795 0.46224 0.186663 0.664807
0 0.164621 0.668155 0.325893 0.651786
1 0.879464 0.352679 0.215402 0.622024
3 0.368862 0.332124 0.425223 0.628906
3 0.277204 0.354911 0.505859 0.709821
0 0.543945 0.334077 0.196708 0.566964
1 0.127267 0.35705 0.210868 0.616257
3 0.986607 0.591146 0.0267857 0.188244
1 0.977679 0.575521 0.0446428 0.199405
0 0.411551 0.315011 0.209263 0.572359
0 0.251674 0.526042 0.412388 0.583333
0 0.419922 0.411923 0.142299 0.472284
1 0.0770089 0.651414 0.143973 0.639137
2 0.368583 0.328125 0.538504 0.649554
3 0.15353 0.532738 0.302316 0.767857
