3 0.445033 0.467262 0.132254 0.176339
2 0.442383 0.468378 0.130859 0.186756
3 0.472517 0.47433 0.163225 0.197173
3 0.424386 0.459821 0.0848214 0.170387
3 0.539621 0.50558 0.0357143 0.0944941
0 0.442383 0.468378 0.130859 0.186756
1 0.442383 0.468378 0.130859 0.186756
3 0.539621 0.505208 0.0524553 0.118304
3 0.50279 0.480655 0.09375 0.143601
1 0.458845 0.481771 0.184989 0.22247
3 0.530831 0.511161 0.0878906 0.118304
0 0.458845 0.481771 0.184989 0.22247
3 0.488839 0.49442 0.123884 0.16369
3 0.481306 0.462426 0.130022 0.151786
2 0.458845 0.481771 0.184989 0.22247
2 0.424665 0.459821 0.0898438 0.164435
3 0.43471 0.475818 0.126116 0.241071
1 0.471959 0.475074 0.145368 0.173363
