1 0.804129 0.547061 0.0892857 0.346354
3 0.978237 0.579985 0.0390625 0.12872
0 0.394113 0.332961 0.361328 0.611607
2 0.804688 0.546131 0.0881696 0.34375
0 0.32373 0.331008 0.545619 0.6609
0 0.444336 0.354539 0.167132 0.563244
2 0.978237 0.579613 0.0401786 0.127232
1 0.397949 0.331845 0.378209 0.615327
0 0.806362 0.542411 0.0892858 0.345238
1 0.978237 0.579613 0.0401786 0.127232
3 0.977121 0.574033 0.0435267 0.186012
0 0.48298 0.336217 0.259487 0.610305
0 0.978795 0.579241 0.0401785 0.12872
1 0.444336 0.354539 0.167132 0.563244
1 0.324149 0.329427 0.554827 0.658854
3 0.804688 0.546131 0.0881696 0.34375
1 0.977121 0.574033 0.0435267 0.186012
0 0.492606 0.331845 0.436663 0.663691
2 0.977121 0.574033 0.0435267 0.186012
3 0.2274 0.566592 0.0424107 0.104167
2 0.394113 0.332961 0.361328 0.611607
3 0.21317 0.572545 0.030692 0.0952381
3 0.373326 0.331938 0.429688 0.633743
2 0.324149 0.329427 0.554827 0.658854
3 0.214774 0.53497 0.0352957 0.153274
3 0.229353 0.563988 0.0641741 0.175595
3 0.225725 0.532738 0.0507812 0.165923
0 0.977121 0.574033 0.0435267 0.186012
0 0.409598 0.31436 0.196429 0.561012
0 0.542829 0.334728 0.196708 0.568638
3 0.986049 0.591146 0.0279017 0.176339
0 0.417132 0.414435 0.143973 0.462798
3 0.213518 0.569196 0.0450614 0.139881
