3 0.978795 0.579613 0.0379465 0.125
1 0.686384 0.570406 0.223214 0.558594
0 0.395368 0.332868 0.347656 0.605097
0 0.325963 0.331008 0.533343 0.6609
0 0.685826 0.572824 0.239955 0.56715
0 0.44322 0.354539 0.169364 0.560268
1 0.399554 0.332217 0.362723 0.606399
2 0.979353 0.578869 0.0390625 0.124256
1 0.44322 0.354539 0.169364 0.560268
1 0.979353 0.579985 0.0379464 0.118304
2 0.685826 0.570685 0.22433 0.569941
3 0.978795 0.586682 0.0424107 0.169643
0 0.979353 0.578869 0.0390625 0.124256
1 0.326869 0.329613 0.544922 0.659226
3 0.685826 0.572824 0.239955 0.56715
0 0.489397 0.341797 0.258929 0.605097
1 0.684152 0.662574 0.266741 0.493304
2 0.399554 0.332217 0.362723 0.606399
2 0.977121 0.575521 0.0435267 0.188244
1 0.977121 0.575521 0.0435267 0.188244
0 0.72433 0.51702 0.294643 0.625186
0 0.74721 0.411644 0.294643 0.569569
0 0.768415 0.319847 0.396205 0.604353
2 0.326869 0.329613 0.544922 0.659226
0 0.494141 0.329985 0.462612 0.65997
3 0.37514 0.33138 0.412667 0.627418
0 0.585938 0.314081 0.433036 0.623326
1 0.72433 0.51702 0.294643 0.625186
0 0.598772 0.382068 0.242188 0.58631
0 0.417969 0.412202 0.144531 0.465774
3 0.973772 0.557664 0.0390625 0.15625
3 0.229353 0.566592 0.0401786 0.101935
0 0.40904 0.313988 0.209821 0.570685
3 0.212821 0.571057 0.0297154 0.0944941
0 0.741071 0.543713 0.177455 0.52567
3 0.986886 0.590402 0.0262277 0.139881
1 0.669643 0.641369 0.184152 0.498512
0 0.337333 0.361979 0.244978 0.571429
1 0.643415 0.545945 0.196429 0.553943
3 0.213658 0.530134 0.0341797 0.155506
1 0.464565 0.405599 0.132254 0.477493
1 0.417969 0.412202 0.144531 0.465774
