0 0.439035 0.608817 0.143136 0.737723
1 0.44043 0.557199 0.131417 0.669829
2 0.441964 0.513393 0.13058 0.571429
2 0.434431 0.457124 0.115513 0.40718
1 0.441267 0.459821 0.127511 0.415923
0 0.416853 0.614211 0.226563 0.735863
0 0.439174 0.499628 0.126116 0.526042
3 0.441267 0.459821 0.127511 0.415923
1 0.455636 0.494699 0.136719 0.529948
0 0.458705 0.564546 0.204241 0.647694
3 0.440988 0.557478 0.132533 0.638021
2 0.436942 0.611142 0.16183 0.730097
0 0.453683 0.438616 0.172991 0.494792
2 0.453683 0.438616 0.172991 0.494792
1 0.458705 0.564546 0.204241 0.647694
0 0.506696 0.467448 0.265625 0.669271
0 0.488281 0.621466 0.210938 0.718378
1 0.442801 0.52753 0.115513 0.285714
1 0.416853 0.614211 0.226563 0.735863
2 0.442801 0.52753 0.115513 0.285714
