3 0.978795 0.579985 0.0379465 0.126488
1 0.378069 0.546503 0.169085 0.567708
1 0.388811 0.495164 0.229074 0.616816
0 0.338239 0.338542 0.531111 0.672619
0 0.386161 0.457868 0.274554 0.64974
1 0.405971 0.544364 0.155134 0.505022
0 0.427734 0.36542 0.335379 0.632254
1 0.387695 0.446708 0.311663 0.678013
0 0.371931 0.524926 0.165179 0.570685
2 0.978795 0.579613 0.0390625 0.125744
0 0.433036 0.422247 0.21875 0.529018
0 0.4149 0.48391 0.162388 0.544085
1 0.979353 0.579613 0.0390625 0.126488
1 0.4149 0.478981 0.22154 0.479539
2 0.390346 0.497582 0.223772 0.620908
0 0.979353 0.579613 0.0390625 0.126488
0 0.442941 0.472563 0.159877 0.459635
3 0.977121 0.575521 0.0435267 0.188244
0 0.487026 0.35119 0.271484 0.603423
1 0.43764 0.509022 0.151507 0.437314
2 0.378069 0.546503 0.169085 0.567708
0 0.26144 0.695685 0.393973 0.574405
1 0.345912 0.579613 0.307059 0.653274
1 0.374302 0.379278 0.418806 0.705729
0 0.496652 0.333333 0.483259 0.666667
3 0.392578 0.495629 0.273996 0.629278
2 0.387695 0.446708 0.311663 0.678013
2 0.977121 0.575521 0.0435267 0.188244
0 0.267787 0.600074 0.273577 0.554316
1 0.418806 0.518229 0.116629 0.255952
0 0.361886 0.57859 0.232143 0.63151
2 0.415458 0.520833 0.137835 0.491071
1 0.446568 0.475818 0.132533 0.280506
1 0.977121 0.575521 0.0435267 0.188244
1 0.323103 0.554688 0.171317 0.581101
0 0.265346 0.514881 0.225446 0.541667
0 0.291364 0.42699 0.399414 0.693638
3 0.415458 0.520833 0.137835 0.491071
0 0.447545 0.449405 0.131696 0.28497
3 0.378069 0.546503 0.169085 0.567708
0 0.34654 0.342541 0.260603 0.62593
0 0.467076 0.379185 0.158482 0.540737
0 0.323103 0.554688 0.171317 0.581101
3 0.226562 0.563988 0.0496652 0.133929
1 0.443917 0.436849 0.173549 0.514695
2 0.336635 0.337054 0.547712 0.674107
3 0.986049 0.590774 0.0279017 0.174851
3 0.212612 0.529762 0.0385045 0.166667
3 0.212542 0.566964 0.0352957 0.106399
1 0.376674 0.640253 0.150112 0.438244
3 0.228167 0.56343 0.0877511 0.304688
3 0.336635 0.337054 0.547712 0.674107
1 0.380022 0.664807 0.214286 0.40997
0 0.218122 0.525112 0.146345 0.393229
0 0.409319 0.446057 0.128906 0.272321
0 0.220703 0.524554 0.0926339 0.349702
3 0.973772 0.559896 0.0368303 0.125
1 0.354074 0.647321 0.144531 0.516369
3 0.220703 0.526786 0.0507812 0.186012
1 0.339565 0.672991 0.241629 0.508185
