3 0.479632 0.454985 0.063058 0.190476
3 0.482003 0.453869 0.0516183 0.149554
2 0.478795 0.455357 0.0669643 0.190476
1 0.478795 0.455357 0.0669643 0.190476
3 0.475307 0.444196 0.0839844 0.243304
3 0.46875 0.466146 0.0513393 0.142113
0 0.478795 0.455357 0.0669643 0.190476
3 0.475725 0.421131 0.0485491 0.181548
3 0.458984 0.456938 0.0853795 0.337612
2 0.475307 0.444196 0.0839844 0.243304
3 0.483817 0.481399 0.047991 0.138393
3 0.461217 0.487723 0.0597098 0.184524
0 0.475307 0.444196 0.0839844 0.243304
3 0.477818 0.416295 0.046596 0.127976
1 0.475307 0.444196 0.0839844 0.243304
3 0.44029 0.462798 0.0597098 0.193452
3 0.44029 0.46689 0.0764509 0.234375
