2 0.602679 0.449777 0.0915178 0.258929
3 0.599888 0.445685 0.0881696 0.243304
2 0.611049 0.444847 0.110491 0.360305
1 0.600446 0.451637 0.0959821 0.285714
0 0.600446 0.451637 0.0959821 0.285714
0 0.59096 0.639137 0.159598 0.650298
2 0.585379 0.441592 0.0870535 0.252976
2 0.595424 0.444196 0.0691964 0.151786
0 0.611049 0.444847 0.110491 0.360305
0 0.607143 0.666295 0.09375 0.563244
1 0.611049 0.444847 0.110491 0.360305
3 0.595424 0.444196 0.0691964 0.151786
1 0.597098 0.671503 0.118304 0.585565
3 0.603237 0.465774 0.0959822 0.358631
2 0.606585 0.470982 0.0680803 0.153274
2 0.584263 0.468285 0.110491 0.323847
1 0.608259 0.620722 0.0848215 0.523438
1 0.598214 0.549107 0.0915178 0.477679
0 0.556362 0.640718 0.25 0.679874
2 0.590402 0.509673 0.145089 0.489583
2 0.577567 0.42699 0.149554 0.397507
