3 0.0654297 0.506324 0.0253906 0.0684524
3 0.549665 0.475818 0.0379465 0.0974703
3 0.555804 0.476935 0.0345983 0.0855655
3 0.548549 0.488095 0.0502232 0.196429
1 0.0653599 0.506696 0.0280413 0.0699405
1 0.549665 0.476562 0.0401785 0.100446
3 0.550223 0.480655 0.077009 0.22247
0 0.0638602 0.50372 0.0285296 0.0729166
1 0.0560826 0.708333 0.077846 0.529762
0 0.0560826 0.708333 0.077846 0.529762
0 0.549665 0.479911 0.0401785 0.0974702
2 0.0638602 0.50372 0.0285296 0.0729166
0 0.548549 0.488095 0.0502232 0.196429
2 0.549665 0.476562 0.0401785 0.100446
3 0.0540946 0.532366 0.0586635 0.356399
3 0.0433175 0.506696 0.0322266 0.100446
3 0.0612095 0.530134 0.0271345 0.110863
1 0.548549 0.488095 0.0502232 0.196429
1 0.550223 0.480655 0.077009 0.22247
3 0.542969 0.488095 0.0379464 0.112351
3 0.0653599 0.53311 0.0258092 0.0974703
3 0.0521763 0.667039 0.0711496 0.55878
0 0.550223 0.480655 0.077009 0.22247
1 0.0552455 0.606957 0.0449219 0.330729
3 0.543527 0.488467 0.0502232 0.131696
0 0.552455 0.686756 0.0926339 0.517857
1 0.0555943 0.601562 0.0330636 0.231399
3 0.0577218 0.463542 0.0296456 0.126488
