0 0.892857 0.344122 0.207589 0.686756
0 0.886719 0.604167 0.217634 0.77381
0 0.321359 0.333054 0.539202 0.661272
0 0.389788 0.33324 0.348772 0.613281
0 0.78404 0.614304 0.389509 0.676153
0 0.852958 0.446615 0.294085 0.800223
0 0.443917 0.351283 0.171317 0.572731
1 0.393764 0.332589 0.365374 0.616816
1 0.891183 0.343378 0.217634 0.686756
1 0.443917 0.351283 0.171317 0.572731
0 0.920201 0.667411 0.138393 0.665179
1 0.313825 0.334449 0.476144 0.668899
3 0.23026 0.575521 0.038365 0.09375
2 0.891183 0.343378 0.217634 0.686756
0 0.482143 0.336682 0.238839 0.606399
0 0.917969 0.442708 0.15067 0.784226
1 0.870536 0.603051 0.253348 0.771577
0 0.837612 0.663132 0.30692 0.673735
3 0.891183 0.343378 0.217634 0.686756
2 0.389788 0.33324 0.348772 0.613281
3 0.231585 0.571429 0.0569196 0.146577
3 0.214286 0.579613 0.030692 0.0855654
1 0.902344 0.657738 0.185268 0.678571
2 0.313825 0.334449 0.476144 0.668899
3 0.224121 0.582589 0.0355748 0.0870536
3 0.369768 0.331938 0.412249 0.633743
1 0.779576 0.617746 0.434152 0.69308
2 0.870536 0.603051 0.253348 0.771577
0 0.41183 0.315383 0.222098 0.580543
0 0.42048 0.410342 0.147321 0.481399
3 0.870536 0.603051 0.253348 0.771577
3 0.214007 0.575521 0.046317 0.125744
3 0.217146 0.594494 0.0322266 0.0625
0 0.334263 0.360863 0.25279 0.58631
3 0.214565 0.537202 0.0373884 0.151786
3 0.2274 0.537574 0.0452009 0.15253
0 0.489397 0.331473 0.407366 0.662946
3 0.227958 0.592634 0.0390625 0.0721727
2 0.902344 0.657738 0.185268 0.678571
1 0.42048 0.410342 0.147321 0.481399
