1 0.685268 0.556734 0.25 0.69308
3 0.978237 0.577381 0.0379464 0.127976
0 0.392508 0.331752 0.366769 0.608817
0 0.324637 0.333333 0.55385 0.662202
0 0.685268 0.548084 0.25558 0.661272
1 0.395787 0.330729 0.384766 0.613095
2 0.978795 0.576637 0.0390625 0.127976
1 0.622768 0.405785 0.184152 0.499442
0 0.472656 0.331194 0.206473 0.599516
1 0.978795 0.576637 0.0390625 0.127976
1 0.442941 0.353051 0.168806 0.564732
3 0.978516 0.581473 0.0429688 0.174107
0 0.978795 0.576637 0.0390625 0.127976
2 0.685268 0.55785 0.258929 0.684896
0 0.622768 0.405785 0.184152 0.499442
1 0.315848 0.335565 0.493304 0.671131
1 0.659598 0.462705 0.176339 0.515067
0 0.491908 0.349051 0.349888 0.614397
0 0.418387 0.359747 0.171038 0.547619
3 0.685268 0.55785 0.258929 0.684896
2 0.976562 0.572917 0.0435267 0.192708
0 0.686942 0.65997 0.280134 0.578869
2 0.392508 0.331752 0.366769 0.608817
1 0.607701 0.433036 0.0970982 0.444196
1 0.623884 0.408575 0.268973 0.548921
0 0.623884 0.408575 0.268973 0.548921
1 0.686384 0.681176 0.238839 0.572173
3 0.973772 0.55878 0.0390625 0.15625
1 0.976562 0.572917 0.0435267 0.192708
2 0.325126 0.330729 0.564035 0.661458
3 0.373884 0.330822 0.438616 0.634487
0 0.502232 0.363467 0.159598 0.544643
0 0.544643 0.337798 0.154018 0.532738
1 0.504464 0.346726 0.231027 0.563244
1 0.881138 0.345889 0.217634 0.626674
3 0.229632 0.561756 0.0424107 0.107887
3 0.214634 0.530134 0.0361328 0.15625
0 0.416574 0.414807 0.133371 0.453125
0 0.976562 0.572917 0.0435267 0.192708
0 0.443638 0.406343 0.143973 0.481957
1 0.416574 0.414807 0.133371 0.453125
3 0.21303 0.563988 0.0320871 0.103423
0 0.645089 0.502883 0.215402 0.610305
