3 0.978795 0.577381 0.0379465 0.127976
1 0.430804 0.52846 0.183036 0.392485
0 0.382813 0.361235 0.434152 0.685268
1 0.426897 0.543527 0.135045 0.329613
0 0.435686 0.476376 0.224609 0.535342
0 0.430804 0.52846 0.183036 0.392485
1 0.436802 0.482236 0.222377 0.562314
0 0.290109 0.340774 0.50572 0.681548
2 0.978795 0.576637 0.0379465 0.127232
0 0.399414 0.465867 0.350725 0.574219
2 0.432199 0.529762 0.179129 0.395833
1 0.978795 0.576637 0.0379465 0.127232
0 0.431641 0.53218 0.142299 0.325521
0 0.42048 0.392485 0.192522 0.578125
0 0.978795 0.576637 0.0379465 0.127232
1 0.399414 0.465867 0.350725 0.574219
3 0.978516 0.582217 0.0429688 0.178571
1 0.422991 0.510045 0.114955 0.247768
3 0.389788 0.552083 0.0524554 0.190476
1 0.371373 0.358538 0.486049 0.711496
2 0.436802 0.482236 0.222377 0.562314
3 0.37779 0.552827 0.0290179 0.100446
3 0.384487 0.531994 0.0340402 0.122768
0 0.496652 0.368397 0.40067 0.700707
1 0.395089 0.530506 0.0613839 0.208333
1 0.395647 0.530134 0.094308 0.275298
2 0.426897 0.543527 0.135045 0.329613
3 0.973772 0.558408 0.0379464 0.153274
0 0.464286 0.381603 0.219866 0.623698
0 0.385603 0.499628 0.128906 0.345238
0 0.395647 0.530134 0.094308 0.275298
2 0.978516 0.582217 0.0429688 0.178571
3 0.391741 0.550595 0.077567 0.240327
3 0.431641 0.53218 0.142299 0.325521
3 0.430804 0.52846 0.183036 0.392485
1 0.462333 0.487351 0.146763 0.495536
1 0.426897 0.436291 0.159598 0.506882
3 0.213937 0.570312 0.0313895 0.0959822
0 0.422991 0.510045 0.114955 0.247768
3 0.231306 0.56622 0.0412946 0.107887
0 0.356027 0.522135 0.142299 0.396205
2 0.422991 0.510045 0.114955 0.247768
1 0.385603 0.499628 0.128906 0.345238
1 0.977121 0.572917 0.0446428 0.199405
0 0.346261 0.47926 0.188058 0.441778
2 0.371373 0.358538 0.486049 0.711496
1 0.385882 0.505952 0.0758929 0.218006
0 0.395089 0.530506 0.0613839 0.208333
0 0.462333 0.487351 0.146763 0.495536
0 0.909598 0.348865 0.170759 0.626674
2 0.395089 0.530506 0.0613839 0.208333
3 0.371373 0.358538 0.486049 0.711496
1 0.909598 0.348865 0.170759 0.626674
3 0.23298 0.564732 0.0697545 0.238839
0 0.261161 0.714658 0.418527 0.570685
