3 0.285993 0.458333 0.0747768 0.171875
2 0.284598 0.457961 0.0731027 0.177083
3 0.444475 0.459449 0.0535714 0.127976
3 0.445592 0.470238 0.0714286 0.176339
3 0.297433 0.493304 0.0892857 0.300595
3 0.450893 0.469494 0.047433 0.104911
0 0.347656 0.664807 0.241071 0.640625
2 0.282924 0.483259 0.0731027 0.286458
2 0.299107 0.504464 0.101004 0.27753
1 0.443638 0.470238 0.0664062 0.236607
3 0.438616 0.46875 0.102121 0.193452
0 0.297433 0.493304 0.0892857 0.300595
0 0.443638 0.470238 0.0664062 0.236607
3 0.282366 0.491443 0.0859375 0.267113
3 0.438895 0.450521 0.046317 0.102679
1 0.442801 0.460566 0.0518973 0.120536
1 0.297433 0.493304 0.0892857 0.300595
3 0.461496 0.458333 0.0446428 0.101935
0 0.444475 0.459821 0.0558036 0.133929
0 0.285993 0.458333 0.0747768 0.171875
1 0.284598 0.457961 0.0731027 0.177083
0 0.293736 0.660528 0.179269 0.664062
3 0.288783 0.481399 0.0602679 0.236607
3 0.280971 0.479911 0.0518973 0.19494
3 0.461775 0.457961 0.0535715 0.151786
1 0.329241 0.668899 0.203125 0.662202
0 0.282366 0.491443 0.0859375 0.267113
3 0.458984 0.485863 0.0368304 0.119048
1 0.282366 0.491443 0.0859375 0.267113
2 0.444475 0.459821 0.0558036 0.133929
2 0.443638 0.470238 0.0664062 0.236607
1 0.450893 0.469494 0.047433 0.104911
0 0.438616 0.46875 0.102121 0.193452
3 0.458984 0.486607 0.0518973 0.175595
3 0.462612 0.485491 0.0323661 0.0796131
0 0.283482 0.662202 0.282924 0.675595
3 0.276228 0.480655 0.0485491 0.125744
