1 0.339286 0.559617 0.152902 0.547433
3 0.978795 0.577381 0.0368303 0.12872
0 0.406738 0.334821 0.4488 0.65997
0 0.410714 0.350539 0.287946 0.633743
0 0.341518 0.549758 0.160714 0.568638
0 0.416295 0.365048 0.186384 0.573475
1 0.365234 0.522321 0.233817 0.525298
0 0.395368 0.447173 0.174107 0.553571
0 0.374163 0.378348 0.199777 0.568452
0 0.365234 0.522321 0.233817 0.525298
2 0.979353 0.576637 0.0379464 0.12872
0 0.352679 0.391276 0.3125 0.617746
2 0.343471 0.522972 0.185826 0.513579
0 0.418527 0.475353 0.13058 0.440662
1 0.979353 0.576637 0.0379464 0.12872
0 0.280483 0.328497 0.459124 0.656994
1 0.395368 0.447173 0.174107 0.553571
0 0.979353 0.576637 0.0379464 0.12872
1 0.439453 0.35705 0.183594 0.562686
0 0.484375 0.335565 0.273438 0.607887
1 0.410714 0.350539 0.287946 0.633743
0 0.441267 0.408203 0.157645 0.490141
0 0.304688 0.546875 0.15625 0.583333
1 0.401576 0.331938 0.466936 0.662016
1 0.418806 0.516276 0.119978 0.424293
0 0.46582 0.357887 0.16769 0.553571
3 0.978795 0.583705 0.0424107 0.183036
1 0.368722 0.591518 0.282645 0.5625
1 0.307478 0.546596 0.169085 0.56157
0 0.304967 0.545852 0.249442 0.606213
2 0.395368 0.447173 0.174107 0.553571
0 0.437919 0.478795 0.187779 0.387649
3 0.97433 0.557664 0.0379464 0.154018
3 0.338449 0.52074 0.175223 0.507627
2 0.977121 0.573289 0.0446428 0.198661
1 0.435965 0.482422 0.177176 0.39974
2 0.401576 0.331938 0.466936 0.662016
1 0.42048 0.515625 0.101004 0.249256
0 0.267787 0.68192 0.298131 0.564732
2 0.410714 0.350539 0.287946 0.633743
0 0.208984 0.732143 0.390625 0.529762
1 0.366629 0.52939 0.121652 0.272321
3 0.401576 0.331938 0.466936 0.662016
0 0.42048 0.515625 0.101004 0.249256
0 0.273158 0.38244 0.277902 0.642857
1 0.304967 0.545852 0.249442 0.606213
1 0.977121 0.573289 0.0446428 0.198661
1 0.374163 0.378348 0.199777 0.568452
0 0.271833 0.340774 0.206334 0.575149
0 0.208147 0.528646 0.126116 0.44122
0 0.211007 0.625372 0.229771 0.476934
1 0.331194 0.665923 0.261719 0.504464
0 0.416574 0.548177 0.117746 0.406622
0 0.418527 0.43564 0.113839 0.289435
2 0.416295 0.365048 0.186384 0.573475
