2 0.364676 0.460193 0.0708705 0.25372
3 0.740513 0.447173 0.102679 0.239583
3 0.366908 0.459821 0.0686384 0.247024
2 0.739955 0.448661 0.104911 0.243304
1 0.739955 0.449405 0.107143 0.244048
2 0.367746 0.447173 0.0965402 0.305804
0 0.739955 0.449405 0.107143 0.244048
1 0.367467 0.468006 0.0725446 0.320685
0 0.367467 0.468006 0.0725446 0.320685
2 0.377511 0.46503 0.0591518 0.245536
0 0.361328 0.649368 0.123884 0.653646
2 0.361886 0.480004 0.0703125 0.383743
3 0.359654 0.470238 0.0535714 0.155506
3 0.367746 0.447173 0.0965402 0.305804
2 0.369978 0.47247 0.0569196 0.156994
1 0.361328 0.649368 0.123884 0.653646
3 0.367188 0.448661 0.0608259 0.159226
3 0.368583 0.486235 0.0479911 0.144345
