0 0.823661 0.601004 0.327009 0.786086
0 0.84933 0.394531 0.28125 0.77939
0 0.392857 0.333705 0.341518 0.612351
0 0.32101 0.332589 0.547712 0.662202
0 0.442243 0.351283 0.170201 0.572731
1 0.396763 0.332496 0.358259 0.616257
1 0.84933 0.346354 0.28683 0.692708
1 0.824777 0.657366 0.334821 0.680804
1 0.442243 0.351283 0.170201 0.572731
1 0.316546 0.334821 0.48298 0.669643
3 0.232143 0.575893 0.0390625 0.0922619
2 0.84933 0.346354 0.28683 0.692708
2 0.824777 0.657366 0.334821 0.680804
2 0.392857 0.333705 0.341518 0.612351
3 0.233817 0.571801 0.0574777 0.145089
3 0.214914 0.579613 0.0299944 0.0833333
3 0.84933 0.346354 0.28683 0.692708
3 0.824777 0.657366 0.334821 0.680804
3 0.225167 0.583333 0.0351562 0.0848214
1 0.984933 0.65997 0.0301339 0.584821
0 0.484933 0.334821 0.25558 0.603423
2 0.32108 0.330729 0.555385 0.661458
3 0.372001 0.33231 0.412249 0.637463
3 0.217843 0.595238 0.0302734 0.0587798
0 0.42048 0.410249 0.144531 0.477121
0 0.337402 0.360956 0.253767 0.587612
0 0.834821 0.721726 0.283482 0.556548
3 0.228795 0.59375 0.0385045 0.0691964
3 0.214914 0.575893 0.0467355 0.122024
3 0.229422 0.537946 0.0484096 0.149554
3 0.214844 0.537202 0.0396205 0.14881
