2 0.946429 0.536086 0.0848214 0.331101
1 0.945871 0.533854 0.0859375 0.322173
0 0.391602 0.333333 0.364118 0.611607
0 0.33531 0.332589 0.523577 0.662202
2 0.980469 0.568824 0.0368303 0.210566
2 0.983259 0.574777 0.0301339 0.143601
2 0.985491 0.572917 0.0245536 0.193452
2 0.985491 0.568452 0.0290178 0.291667
1 0.395159 0.332217 0.378209 0.615327
0 0.44308 0.355655 0.172991 0.561756
1 0.978237 0.564732 0.0401786 0.206845
1 0.985491 0.572917 0.0245536 0.193452
1 0.985491 0.568452 0.0290178 0.291667
0 0.945871 0.533854 0.0859375 0.322173
2 0.977679 0.551711 0.0412947 0.142113
0 0.48298 0.337798 0.259487 0.612351
1 0.44308 0.355655 0.172991 0.561756
1 0.983259 0.574777 0.0301339 0.143601
3 0.945871 0.533854 0.0859375 0.322173
1 0.322614 0.333333 0.437361 0.666667
2 0.965402 0.561756 0.0535714 0.150298
3 0.228864 0.56808 0.0417132 0.102679
3 0.980469 0.568824 0.0368303 0.210566
3 0.983259 0.574777 0.0301339 0.143601
2 0.374442 0.332124 0.428571 0.633371
3 0.214355 0.574777 0.0294364 0.0915179
0 0.490374 0.332961 0.441127 0.665923
3 0.231027 0.565104 0.061942 0.163691
3 0.374442 0.332124 0.428571 0.633371
0 0.978237 0.564732 0.0401786 0.206845
3 0.226562 0.534226 0.0479911 0.165179
0 0.416016 0.413039 0.151786 0.467076
3 0.214914 0.571801 0.0439453 0.133929
3 0.215053 0.536458 0.0341797 0.150298
0 0.408482 0.31436 0.200893 0.564732
3 0.222586 0.576637 0.0347377 0.0997024
3 0.985491 0.572917 0.0245536 0.193452
1 0.965402 0.561756 0.0535714 0.150298
0 0.337891 0.36077 0.251116 0.580543
0 0.985491 0.568452 0.0290178 0.291667
0 0.545201 0.334821 0.191964 0.563988
