1 0.532924 0.542039 0.19308 0.71503
3 0.978795 0.577753 0.0379465 0.127232
0 0.323661 0.332217 0.529018 0.662202
0 0.374791 0.345703 0.344169 0.610677
0 0.52553 0.533761 0.183315 0.682478
2 0.978795 0.577009 0.0390625 0.127232
1 0.494141 0.489397 0.193638 0.649182
1 0.978795 0.577009 0.0390625 0.127232
0 0.494141 0.489397 0.193638 0.649182
0 0.450335 0.396019 0.251116 0.59189
3 0.978795 0.582589 0.0424107 0.171875
1 0.380441 0.344866 0.357422 0.615327
0 0.978795 0.577009 0.0390625 0.127232
0 0.441825 0.353144 0.169922 0.563058
1 0.32373 0.330357 0.546735 0.660714
2 0.535156 0.563151 0.22433 0.714472
1 0.537528 0.65811 0.236328 0.530506
3 0.97433 0.556176 0.0390625 0.156994
2 0.977121 0.572917 0.0435267 0.189732
0 0.414621 0.432292 0.138393 0.473214
3 0.535156 0.563151 0.22433 0.714472
1 0.450335 0.396019 0.251116 0.59189
1 0.440011 0.386161 0.154576 0.568452
0 0.479492 0.357515 0.163784 0.510417
1 0.977121 0.572917 0.0435267 0.189732
1 0.405134 0.472098 0.0970982 0.368304
1 0.414621 0.432292 0.138393 0.473214
2 0.32373 0.330357 0.546735 0.660714
3 0.228725 0.564732 0.03976 0.106399
3 0.986049 0.591146 0.0279017 0.183036
0 0.401646 0.312128 0.201172 0.551339
3 0.32373 0.330357 0.546735 0.660714
2 0.380441 0.344866 0.357422 0.615327
1 0.909598 0.348679 0.174107 0.62407
3 0.214007 0.530506 0.0351563 0.155506
3 0.213449 0.569941 0.030692 0.0989583
0 0.977121 0.572917 0.0435267 0.189732
2 0.494141 0.489397 0.193638 0.649182
0 0.405134 0.472098 0.0970982 0.368304
1 0.438198 0.47647 0.125837 0.544085
3 0.224958 0.531622 0.0461775 0.162202
