3 0.978795 0.576637 0.0368303 0.12872
1 0.342076 0.524647 0.192522 0.696243
0 0.410017 0.357236 0.313895 0.679874
0 0.401158 0.337705 0.467773 0.665365
0 0.345145 0.516276 0.196429 0.710007
0 0.379464 0.443638 0.213728 0.672247
0 0.44043 0.356399 0.184989 0.578125
0 0.347028 0.394996 0.293666 0.710007
2 0.979353 0.576265 0.0379464 0.127976
1 0.379464 0.443638 0.213728 0.672247
2 0.347098 0.510789 0.220424 0.643601
1 0.979353 0.576265 0.0379464 0.127976
0 0.480748 0.335938 0.272879 0.613839
0 0.979353 0.576265 0.0379464 0.127976
1 0.410017 0.357236 0.313895 0.679874
1 0.44043 0.356399 0.184989 0.578125
0 0.291016 0.330357 0.396205 0.660714
3 0.978237 0.584821 0.0435267 0.192708
1 0.303013 0.52846 0.157924 0.618676
1 0.394601 0.335286 0.486468 0.665737
0 0.42048 0.471354 0.141741 0.551339
1 0.367746 0.587612 0.300223 0.649182
3 0.97433 0.557292 0.0379464 0.154018
0 0.347656 0.341518 0.220982 0.614583
1 0.422154 0.516462 0.131138 0.528088
2 0.379464 0.443638 0.213728 0.672247
3 0.359375 0.511254 0.241071 0.629278
2 0.977121 0.572173 0.0446428 0.200893
2 0.410017 0.357236 0.313895 0.679874
1 0.33238 0.669271 0.333008 0.52753
0 0.522879 0.750744 0.43192 0.46875
2 0.394601 0.335286 0.486468 0.665737
1 0.977121 0.572173 0.0446428 0.200893
1 0.878348 0.348679 0.219866 0.625558
3 0.394601 0.335286 0.486468 0.665737
0 0.367746 0.587612 0.300223 0.649182
1 0.335658 0.638765 0.189174 0.530506
1 0.272321 0.684896 0.284598 0.523066
0 0.202009 0.726935 0.373326 0.537202
0 0.46582 0.404297 0.129743 0.489025
0 0.307478 0.526972 0.174107 0.597842
0 0.441964 0.482143 0.208705 0.434524
