0 0.443778 0.713728 0.220703 0.539807
3 0.705357 0.435733 0.138393 0.277344
2 0.705915 0.459356 0.160714 0.387835
1 0.706473 0.456566 0.158482 0.34282
0 0.712612 0.635696 0.195312 0.700335
2 0.704241 0.43564 0.140625 0.267113
0 0.705915 0.459821 0.16183 0.358631
1 0.439174 0.713542 0.236607 0.541667
3 0.705915 0.459356 0.160714 0.387835
0 0.71317 0.527716 0.174107 0.524926
1 0.705915 0.50558 0.165179 0.530506
1 0.712612 0.635696 0.195312 0.700335
2 0.439174 0.713542 0.236607 0.541667
0 0.704241 0.43564 0.140625 0.267113
0 0.689174 0.671131 0.285714 0.657738
3 0.439174 0.713542 0.236607 0.541667
1 0.716518 0.46317 0.137277 0.247768
0 0.743862 0.663691 0.137277 0.614583
3 0.680246 0.413318 0.0814732 0.231399
1 0.69029 0.434803 0.135045 0.271763
3 0.68192 0.447545 0.0959822 0.244048
3 0.683036 0.45359 0.141741 0.326451
3 0.680246 0.415179 0.118304 0.261905
0 0.628348 0.642299 0.352679 0.712426
0 0.497768 0.674851 0.345982 0.639881
0 0.675223 0.668155 0.196429 0.611607
1 0.693638 0.429408 0.239955 0.362909
3 0.723214 0.502604 0.125 0.21875
