1 0.660156 0.441964 0.147321 0.55506
0 0.660156 0.508836 0.137277 0.665365
2 0.660714 0.461775 0.142857 0.628534
0 0.672433 0.61756 0.158482 0.705357
0 0.643973 0.453683 0.191964 0.616443
1 0.643415 0.513486 0.135045 0.580171
1 0.679688 0.512928 0.104911 0.569382
0 0.547852 0.458705 0.393136 0.654018
1 0.615653 0.459914 0.266462 0.638207
0 0.610491 0.403646 0.294643 0.572917
3 0.659598 0.406994 0.143973 0.521577
0 0.679688 0.512928 0.104911 0.569382
0 0.638393 0.629464 0.104911 0.580357
2 0.638951 0.399833 0.215402 0.573847
0 0.69308 0.656994 0.133929 0.595238
0 0.643973 0.632906 0.256696 0.704427
1 0.645089 0.484003 0.114955 0.279762
0 0.553153 0.304222 0.340123 0.491257
3 0.679688 0.512928 0.104911 0.569382
0 0.710379 0.617653 0.197545 0.703683
0 0.702009 0.391276 0.231027 0.626674
2 0.679688 0.512928 0.104911 0.569382
0 0.614397 0.519438 0.15625 0.559338
0 0.665179 0.691406 0.129464 0.56064
0 0.640625 0.510789 0.0993304 0.280506
0 0.669643 0.399554 0.143973 0.526786
0 0.722098 0.655134 0.141741 0.595982
1 0.684152 0.513393 0.0837054 0.269345
1 0.672433 0.61756 0.158482 0.705357
