3 0.978795 0.575893 0.0368303 0.130952
1 0.282924 0.55971 0.117188 0.324033
0 0.414621 0.334914 0.30692 0.605469
2 0.283761 0.556548 0.126674 0.342262
0 0.333636 0.333147 0.553711 0.666295
0 0.284598 0.557292 0.126116 0.340774
0 0.446568 0.352307 0.161551 0.564732
0 0.429269 0.327474 0.447266 0.641183
2 0.979353 0.575149 0.0379464 0.130952
1 0.446568 0.352307 0.161551 0.564732
0 0.485073 0.334077 0.261998 0.615327
1 0.418108 0.332961 0.32673 0.613095
1 0.979353 0.575149 0.0379464 0.130952
0 0.270368 0.512463 0.180246 0.489955
1 0.252581 0.5625 0.0936105 0.244048
0 0.284877 0.365978 0.367746 0.683222
0 0.979353 0.575149 0.0379464 0.130952
0 0.308873 0.487165 0.211496 0.516741
2 0.252581 0.5625 0.0936105 0.244048
1 0.233608 0.540737 0.0908203 0.312872
1 0.270368 0.512463 0.180246 0.489955
1 0.308873 0.487165 0.211496 0.516741
3 0.978516 0.581845 0.0429688 0.198661
3 0.214774 0.562872 0.0341797 0.155506
3 0.28125 0.558966 0.120536 0.334449
2 0.233608 0.540737 0.0908203 0.312872
2 0.231655 0.541667 0.0718471 0.255208
3 0.97433 0.556548 0.0379464 0.162946
0 0.233608 0.540737 0.0908203 0.312872
0 0.317801 0.465588 0.316964 0.542039
0 0.252581 0.5625 0.0936105 0.244048
1 0.231655 0.541667 0.0718471 0.255208
1 0.272391 0.551897 0.234235 0.372396
3 0.215402 0.562128 0.0563616 0.188244
2 0.270368 0.512463 0.180246 0.489955
1 0.294922 0.504278 0.110491 0.417039
1 0.382324 0.327381 0.523298 0.654762
0 0.231027 0.531808 0.126674 0.366443
0 0.333147 0.379929 0.212054 0.573475
0 0.384766 0.369792 0.191964 0.556548
3 0.249372 0.563244 0.0810547 0.247768
2 0.414621 0.334914 0.30692 0.605469
3 0.211844 0.571801 0.0311105 0.113095
0 0.272391 0.551897 0.234235 0.372396
2 0.978516 0.581845 0.0429688 0.198661
2 0.308873 0.487165 0.211496 0.516741
0 0.424665 0.405227 0.177455 0.470796
1 0.424665 0.405227 0.177455 0.470796
1 0.906808 0.348307 0.18192 0.62779
0 0.544643 0.333333 0.209821 0.578869
0 0.580357 0.330729 0.441964 0.661458
2 0.231027 0.531808 0.126674 0.366443
2 0.215402 0.562128 0.0563616 0.188244
1 0.215402 0.562128 0.0563616 0.188244
1 0.317801 0.465588 0.316964 0.542039
2 0.214774 0.562872 0.0341797 0.155506
0 0.215402 0.562128 0.0563616 0.188244
0 0.410993 0.313616 0.203683 0.570684
3 0.390695 0.334542 0.388253 0.634487
1 0.485073 0.334077 0.261998 0.615327
1 0.322545 0.53125 0.109933 0.348214
0 0.231655 0.541667 0.0718471 0.255208
0 0.906808 0.348307 0.18192 0.62779
1 0.465681 0.403274 0.128906 0.479911
2 0.216797 0.535342 0.0407366 0.219494
1 0.9774 0.570312 0.0452008 0.214286
1 0.22998 0.589658 0.0902623 0.229911
2 0.294922 0.504278 0.110491 0.417039
0 0.322545 0.53125 0.109933 0.348214
0 0.295759 0.441592 0.148996 0.502232
3 0.231655 0.541667 0.0718471 0.255208
3 0.220703 0.595238 0.0401786 0.0997024
2 0.333636 0.333147 0.553711 0.666295
