0 0.389509 0.618397 0.121652 0.699219
1 0.387835 0.522786 0.101562 0.560082
0 0.388393 0.525019 0.102679 0.522879
2 0.386719 0.487909 0.0998884 0.420015
1 0.389509 0.618397 0.121652 0.699219
1 0.385324 0.464286 0.0959821 0.372024
2 0.390904 0.475446 0.0887277 0.296131
3 0.386719 0.487909 0.0998884 0.420015
0 0.428153 0.481957 0.208426 0.562872
0 0.522879 0.370908 0.379464 0.606399
0 0.404855 0.687128 0.128906 0.606399
0 0.411551 0.544271 0.154576 0.606399
1 0.393973 0.511905 0.0881696 0.270833
0 0.356585 0.627697 0.226004 0.704427
1 0.395926 0.440569 0.142857 0.434338
0 0.445592 0.635696 0.267299 0.709263
2 0.389509 0.618397 0.121652 0.699219
1 0.370815 0.487351 0.101004 0.449405
0 0.478795 0.475818 0.314732 0.604911
2 0.371094 0.521484 0.117188 0.50465
