3 0.979911 0.578125 0.0379464 0.130208
1 0.340402 0.560082 0.145647 0.56436
0 0.406599 0.335286 0.472517 0.661272
0 0.407087 0.353423 0.307478 0.625744
0 0.342634 0.547619 0.164621 0.587798
1 0.367188 0.558408 0.136161 0.468006
0 0.415179 0.363374 0.199777 0.572359
0 0.39202 0.447638 0.175223 0.53032
0 0.36635 0.534784 0.144531 0.457217
1 0.370257 0.515718 0.248884 0.504278
0 0.370257 0.515718 0.248884 0.504278
0 0.370257 0.377976 0.203683 0.567708
2 0.979911 0.577009 0.0368303 0.127976
0 0.355817 0.391183 0.326311 0.628348
1 0.334194 0.59003 0.244559 0.684524
0 0.414062 0.481027 0.128348 0.392113
1 0.39202 0.447638 0.175223 0.53032
1 0.350446 0.592634 0.213728 0.499256
1 0.979911 0.577009 0.0368303 0.127976
2 0.349888 0.515439 0.18471 0.478051
0 0.307757 0.549851 0.170759 0.623512
0 0.282087 0.332589 0.470424 0.665179
0 0.483259 0.337426 0.285714 0.614583
0 0.979911 0.577009 0.0368303 0.127976
1 0.415179 0.363374 0.199777 0.572359
1 0.426339 0.334821 0.329241 0.613839
0 0.334194 0.59003 0.244559 0.684524
1 0.414062 0.481027 0.128348 0.392113
0 0.284877 0.62872 0.324777 0.671131
1 0.402414 0.33231 0.483119 0.661272
0 0.46582 0.359003 0.17327 0.557292
1 0.374442 0.528646 0.116071 0.264137
0 0.214286 0.7234 0.395647 0.541295
0 0.440569 0.409877 0.162388 0.482329
1 0.358538 0.495443 0.166853 0.471912
0 0.208775 0.632999 0.230887 0.522693
1 0.415737 0.515997 0.0987723 0.233631
2 0.39202 0.447638 0.175223 0.53032
3 0.979074 0.585193 0.0418527 0.194196
2 0.367188 0.558408 0.136161 0.468006
0 0.415737 0.515997 0.0987723 0.233631
1 0.392997 0.438709 0.277623 0.56901
1 0.46582 0.359003 0.17327 0.557292
1 0.307757 0.549851 0.170759 0.623512
0 0.374442 0.528646 0.116071 0.264137
2 0.337054 0.578776 0.185826 0.675781
3 0.342634 0.547619 0.164621 0.587798
2 0.402414 0.33231 0.483119 0.661272
0 0.36077 0.489211 0.128906 0.287946
0 0.878906 0.34375 0.222098 0.633185
3 0.97433 0.558036 0.0368304 0.15625
2 0.40904 0.348958 0.313616 0.639137
3 0.402414 0.33231 0.483119 0.661272
2 0.979074 0.585193 0.0418527 0.194196
1 0.284877 0.62872 0.324777 0.671131
1 0.370257 0.377976 0.203683 0.567708
3 0.370257 0.515718 0.248884 0.504278
1 0.440569 0.409877 0.162388 0.482329
1 0.878906 0.34375 0.222098 0.633185
0 0.280692 0.383743 0.306362 0.667039
2 0.374442 0.528646 0.116071 0.264137
1 0.439453 0.505208 0.141183 0.389881
0 0.205776 0.531808 0.152065 0.466146
1 0.342634 0.539062 0.131696 0.299851
3 0.367188 0.558408 0.136161 0.468006
