2 0.937779 0.501674 0.124442 0.532366
1 0.936942 0.529948 0.126116 0.618676
0 0.440011 0.720238 0.175781 0.49256
0 0.934431 0.615885 0.131138 0.708705
1 0.440011 0.720238 0.175781 0.49256
1 0.939732 0.457589 0.117188 0.422619
0 0.416853 0.695126 0.237723 0.56808
0 0.9375 0.501302 0.125 0.509301
1 0.940569 0.648438 0.118862 0.649554
2 0.938616 0.475818 0.111607 0.300595
3 0.939732 0.457589 0.117188 0.422619
2 0.932478 0.615141 0.128348 0.71317
0 0.453962 0.647879 0.147879 0.451265
2 0.440011 0.720238 0.175781 0.49256
3 0.936942 0.529948 0.126116 0.618676
0 0.478795 0.678571 0.148438 0.488095
0 0.447824 0.679129 0.145647 0.293527
2 0.950893 0.446801 0.0982142 0.487351
1 0.416853 0.695126 0.237723 0.56808
0 0.957031 0.654762 0.0848214 0.633929
3 0.428432 0.721168 0.192243 0.504092
0 0.899554 0.620257 0.200893 0.723772
