0 0.30385 0.595796 0.253348 0.766741
1 0.306362 0.570964 0.241629 0.755394
2 0.890625 0.456194 0.168527 0.426897
1 0.889509 0.454613 0.174107 0.410714
2 0.890067 0.473586 0.152902 0.280506
0 0.896205 0.625837 0.18192 0.650112
0 0.888951 0.417504 0.188616 0.493862
1 0.893415 0.481771 0.147321 0.288691
0 0.904576 0.699963 0.148438 0.570312
1 0.888951 0.406157 0.21875 0.525484
2 0.30971 0.52939 0.246652 0.679315
2 0.876116 0.399182 0.204241 0.517857
1 0.896205 0.625837 0.18192 0.650112
0 0.888393 0.47061 0.162946 0.34003
3 0.888393 0.47061 0.162946 0.34003
3 0.30971 0.52939 0.246652 0.679315
0 0.845982 0.62965 0.276786 0.699033
2 0.305804 0.659226 0.270647 0.674107
0 0.883092 0.335565 0.233817 0.636161
0 0.90067 0.3125 0.171875 0.595238
3 0.305804 0.659226 0.270647 0.674107
0 0.304897 0.469587 0.233956 0.577195
1 0.904576 0.699963 0.148438 0.570312
1 0.90067 0.3125 0.171875 0.595238
2 0.863281 0.450149 0.127232 0.275298
3 0.888951 0.417504 0.188616 0.493862
0 0.350446 0.561105 0.241071 0.702195
1 0.90625 0.606399 0.125 0.552083
0 0.863281 0.688244 0.205357 0.602679
1 0.845982 0.62965 0.276786 0.699033
0 0.44601 0.269717 0.424944 0.473958
0 0.886719 0.500372 0.21317 0.444196
