3 0.309152 0.457589 0.0731027 0.189732
2 0.308873 0.456845 0.0719866 0.193452
3 0.485073 0.461682 0.0365513 0.135417
3 0.477679 0.464286 0.0373884 0.119048
1 0.311105 0.463914 0.0731027 0.231399
3 0.482561 0.473214 0.0917969 0.215774
0 0.311105 0.463914 0.0731027 0.231399
3 0.493583 0.452009 0.0373884 0.122024
3 0.299944 0.460938 0.0535714 0.145089
1 0.485352 0.46131 0.0393415 0.131696
0 0.485352 0.46131 0.0393415 0.131696
2 0.485352 0.46131 0.0393415 0.131696
1 0.482561 0.473214 0.0917969 0.215774
3 0.472098 0.452753 0.0373884 0.12128
0 0.482561 0.473214 0.0917969 0.215774
3 0.318359 0.482887 0.0602679 0.238095
