0 0.564314 0.656994 0.20731 0.574405
1 0.571987 0.669085 0.210938 0.614211
3 0.362165 0.526414 0.0362723 0.139881
3 0.356585 0.488839 0.0301339 0.0654762
3 0.366629 0.490699 0.0379464 0.0691964
2 0.564593 0.65625 0.221261 0.572917
3 0.367188 0.49628 0.0379464 0.138393
3 0.367467 0.53125 0.0435268 0.170387
3 0.358538 0.492932 0.0301339 0.115327
1 0.528878 0.663691 0.163225 0.563988
3 0.362723 0.52567 0.0530134 0.270833
3 0.564593 0.65625 0.221261 0.572917
3 0.359375 0.518601 0.0357143 0.0915178
3 0.367746 0.530506 0.0636161 0.366071
3 0.362165 0.569568 0.0418527 0.206101
3 0.369978 0.573661 0.0485491 0.22619
1 0.379185 0.636719 0.119978 0.607515
0 0.526925 0.686942 0.155971 0.542783
0 0.509487 0.638021 0.302455 0.607887
1 0.370536 0.574777 0.0680804 0.436756
