0 0.950335 0.372675 0.0993303 0.7234
0 0.953962 0.629929 0.0920758 0.72526
1 0.952009 0.336682 0.0892858 0.62128
0 0.930246 0.31622 0.132812 0.623512
1 0.953962 0.629929 0.0920758 0.72526
0 0.896763 0.342262 0.168527 0.631696
2 0.950335 0.372675 0.0993303 0.7234
1 0.940848 0.429315 0.112723 0.775298
2 0.948103 0.627232 0.0959821 0.703869
1 0.953683 0.470889 0.0881697 0.641555
0 0.935826 0.471261 0.128348 0.640811
0 0.902902 0.626302 0.194196 0.717634
3 0.949498 0.373326 0.101004 0.732515
0 0.895647 0.431734 0.208705 0.782366
3 0.952567 0.628999 0.09375 0.736049
1 0.930246 0.31622 0.132812 0.623512
