3 0.978795 0.579613 0.0368303 0.125744
1 0.809152 0.569661 0.210938 0.634487
0 0.8125 0.561384 0.197545 0.573661
0 0.39481 0.332961 0.356585 0.612351
0 0.333775 0.332217 0.533343 0.664435
0 0.442522 0.3524 0.172991 0.56901
1 0.398158 0.331845 0.37221 0.616816
2 0.978795 0.578869 0.0379465 0.126488
1 0.979353 0.578869 0.0379464 0.124256
1 0.8125 0.666109 0.247768 0.513021
3 0.976562 0.589286 0.046875 0.203869
1 0.442522 0.3524 0.172991 0.56901
0 0.979353 0.578869 0.0379464 0.124256
0 0.483119 0.334821 0.263672 0.610119
2 0.810268 0.572452 0.225446 0.630394
1 0.839286 0.562221 0.184152 0.539249
0 0.8125 0.666109 0.247768 0.513021
1 0.334124 0.330729 0.543806 0.661458
3 0.813616 0.565848 0.223214 0.587054
0 0.49442 0.331101 0.454241 0.662202
2 0.377651 0.33138 0.414342 0.633371
0 0.886161 0.383092 0.195312 0.651972
3 0.377651 0.33138 0.414342 0.633371
2 0.976562 0.589286 0.046875 0.203869
1 0.977679 0.573289 0.0446428 0.203869
3 0.213239 0.527158 0.0372489 0.165923
0 0.830915 0.419736 0.231027 0.55785
0 0.335658 0.360491 0.254464 0.582589
1 0.871652 0.345982 0.203125 0.584821
0 0.410854 0.314081 0.210658 0.569754
0 0.418527 0.412202 0.148438 0.47247
3 0.97433 0.556548 0.0357142 0.171131
3 0.211775 0.567336 0.030692 0.103423
3 0.986328 0.591518 0.0273438 0.191964
0 0.976562 0.589286 0.046875 0.203869
3 0.229074 0.565848 0.0429688 0.106399
