2 0.42327 0.504185 0.115513 0.463356
0 0.422712 0.611886 0.13058 0.678013
1 0.422712 0.509022 0.117746 0.467076
0 0.420759 0.526135 0.116071 0.477493
2 0.432478 0.518229 0.100446 0.273066
1 0.422712 0.611886 0.13058 0.678013
1 0.432478 0.518229 0.100446 0.273066
2 0.421038 0.483631 0.108259 0.304316
3 0.421317 0.491257 0.116071 0.413318
2 0.452846 0.521577 0.0859375 0.40625
2 0.453125 0.521205 0.0569197 0.245536
1 0.421038 0.483631 0.108259 0.304316
2 0.419643 0.613932 0.11942 0.656064
1 0.452846 0.521577 0.0859375 0.40625
0 0.398438 0.656994 0.154576 0.633929
0 0.430943 0.677827 0.171596 0.613095
3 0.432478 0.518229 0.100446 0.273066
0 0.432478 0.518229 0.100446 0.273066
0 0.533482 0.454241 0.389509 0.642113
1 0.453125 0.521205 0.0569197 0.245536
0 0.452846 0.521577 0.0859375 0.40625
3 0.453125 0.521205 0.0569197 0.245536
1 0.466797 0.484282 0.233817 0.489769
0 0.466797 0.484282 0.233817 0.489769
