2 0.0845424 0.459449 0.120815 0.276042
2 0.642857 0.441685 0.107143 0.421689
1 0.644531 0.443824 0.106027 0.408482
0 0.0856585 0.469866 0.127511 0.327381
1 0.0845424 0.464286 0.128348 0.296131
0 0.0794155 0.648066 0.154227 0.668155
2 0.646763 0.432292 0.0959821 0.304316
0 0.646763 0.62407 0.185268 0.695312
0 0.649554 0.498791 0.110491 0.523251
3 0.0870536 0.464286 0.125279 0.292411
3 0.640625 0.428199 0.106027 0.360863
2 0.616071 0.426711 0.118304 0.376488
1 0.648438 0.452753 0.09375 0.282738
0 0.639509 0.427455 0.113839 0.365327
1 0.0789621 0.647694 0.14202 0.667411
2 0.647879 0.490699 0.0848215 0.264881
2 0.613839 0.390625 0.0881697 0.279762
0 0.655692 0.615234 0.123884 0.614769
0 0.625 0.627697 0.277902 0.716332
1 0.633929 0.404018 0.104911 0.293899
1 0.616071 0.426711 0.118304 0.376488
1 0.655692 0.615234 0.123884 0.614769
0 0.112026 0.667039 0.181362 0.62128
2 0.0733817 0.498977 0.125558 0.469308
3 0.614397 0.399182 0.109375 0.34003
1 0.641183 0.49256 0.0859375 0.265625
0 0.127372 0.68006 0.254743 0.629464
1 0.65346 0.367932 0.102679 0.453869
0 0.548549 0.480562 0.350446 0.626674
