3 0.978795 0.577381 0.0368303 0.12872
1 0.462054 0.530692 0.13058 0.408854
0 0.458287 0.516927 0.134766 0.433408
0 0.382533 0.361793 0.386719 0.660342
0 0.317522 0.335752 0.559152 0.671503
1 0.459263 0.55971 0.174107 0.472842
1 0.468192 0.508185 0.104911 0.296875
2 0.460519 0.519345 0.130301 0.465774
2 0.979353 0.576637 0.0379464 0.12872
0 0.420759 0.496559 0.13058 0.460752
0 0.439174 0.390253 0.179688 0.589286
0 0.417411 0.462147 0.197545 0.545945
1 0.979353 0.576637 0.0379464 0.12872
1 0.477958 0.467727 0.156808 0.525856
0 0.454939 0.500651 0.237444 0.480841
0 0.979353 0.576637 0.0379464 0.12872
1 0.422712 0.531808 0.136719 0.442336
1 0.454939 0.500651 0.237444 0.480841
3 0.978795 0.583333 0.0424107 0.180804
0 0.383092 0.484468 0.132254 0.419457
0 0.458287 0.506324 0.119141 0.292411
0 0.477818 0.468936 0.160435 0.487723
0 0.381417 0.52753 0.0987723 0.38244
2 0.468192 0.508185 0.104911 0.296875
1 0.417411 0.462147 0.197545 0.545945
2 0.978795 0.583333 0.0424107 0.180804
0 0.495675 0.366722 0.283203 0.634115
3 0.462472 0.53125 0.127511 0.394345
1 0.363421 0.35798 0.471819 0.700707
1 0.439174 0.390253 0.179688 0.589286
0 0.419364 0.52939 0.113281 0.273065
0 0.269461 0.732329 0.467773 0.535342
3 0.97433 0.558036 0.0379464 0.154762
0 0.459263 0.55971 0.174107 0.472842
1 0.419364 0.52939 0.113281 0.273065
0 0.443917 0.445778 0.131138 0.516183
1 0.502232 0.460752 0.27567 0.518973
1 0.977121 0.573661 0.0446428 0.19494
0 0.382254 0.53125 0.0647321 0.212798
3 0.231027 0.568824 0.0379464 0.0967262
0 0.506557 0.3391 0.486886 0.678199
2 0.477958 0.467727 0.156808 0.525856
3 0.212193 0.573661 0.0292969 0.093006
0 0.38365 0.494048 0.0837054 0.244792
2 0.363421 0.35798 0.471819 0.700707
3 0.380301 0.537574 0.0418527 0.118304
