1 0.905134 0.547247 0.0892858 0.298363
0 0.388672 0.333984 0.359933 0.610305
0 0.32387 0.334077 0.54534 0.662202
3 0.979353 0.577009 0.0368304 0.130952
2 0.978237 0.577381 0.0368304 0.133185
0 0.90625 0.380208 0.154018 0.638393
1 0.905134 0.49442 0.109375 0.493304
0 0.905134 0.491908 0.110491 0.462612
2 0.907924 0.551153 0.09375 0.309896
1 0.392578 0.332961 0.37779 0.613095
0 0.906808 0.550967 0.0948661 0.255208
1 0.978795 0.578869 0.0357143 0.123512
0 0.441825 0.353795 0.169922 0.5625
3 0.983817 0.577009 0.0279018 0.166667
1 0.90625 0.380208 0.154018 0.638393
1 0.441825 0.353795 0.169922 0.5625
2 0.905134 0.49442 0.109375 0.493304
0 0.485212 0.335472 0.270647 0.616257
1 0.31536 0.335565 0.485352 0.671131
3 0.90904 0.552827 0.0892858 0.254464
1 0.983817 0.577009 0.0279018 0.166667
2 0.983817 0.577009 0.0279018 0.166667
0 0.979353 0.575893 0.0357142 0.127232
2 0.96317 0.573289 0.0625 0.219494
0 0.496094 0.332217 0.456473 0.664435
1 0.949219 0.550967 0.0736608 0.248512
2 0.392578 0.332961 0.37779 0.613095
0 0.887556 0.369141 0.224888 0.691778
1 0.96317 0.573289 0.0625 0.219494
1 0.885603 0.535714 0.110491 0.410714
0 0.983817 0.577009 0.0279018 0.166667
3 0.371652 0.33231 0.422991 0.632999
2 0.3238 0.331938 0.557757 0.663504
2 0.949219 0.550967 0.0736608 0.248512
3 0.212542 0.574777 0.0285993 0.0833333
0 0.418248 0.413318 0.137835 0.462798
1 0.895647 0.46689 0.208705 0.499256
3 0.905134 0.491908 0.110491 0.462612
1 0.418248 0.413318 0.137835 0.462798
3 0.970982 0.584449 0.045759 0.155506
3 0.230399 0.569196 0.03976 0.0967262
0 0.333984 0.362351 0.25279 0.59003
0 0.949219 0.550967 0.0736608 0.248512
0 0.383092 0.363839 0.216518 0.558036
3 0.954241 0.55506 0.0714286 0.243304
1 0.929129 0.468843 0.0959822 0.476005
0 0.544643 0.334914 0.199777 0.572731
0 0.929129 0.468843 0.0959822 0.476005
2 0.90625 0.380208 0.154018 0.638393
3 0.232422 0.566592 0.0697545 0.200149
