3 0.378348 0.466146 0.0385045 0.0952381
2 0.0196708 0.614211 0.0354353 0.381696
2 0.0192522 0.591518 0.0329241 0.252976
1 0.0206473 0.690476 0.0378069 0.537202
3 0.371652 0.468378 0.0295759 0.0848214
0 0.0206473 0.690476 0.0378069 0.537202
1 0.0198103 0.592448 0.0344587 0.356771
3 0.379464 0.481771 0.0329241 0.0974703
3 0.0198103 0.592448 0.0344587 0.356771
3 0.015625 0.583705 0.0263672 0.247768
1 0.0216239 0.502418 0.0375279 0.542783
0 0.0299944 0.511347 0.0573382 0.608259
1 0.0272042 0.592727 0.0528739 0.588356
3 0.387556 0.454985 0.0357143 0.0788691
0 0.0202985 0.456659 0.0366908 0.559896
0 0.0213449 0.554874 0.0365513 0.479539
1 0.378348 0.46503 0.0357143 0.0952381
0 0.380301 0.466146 0.0385045 0.0944941
3 0.380859 0.474702 0.061942 0.252232
3 0.368583 0.445312 0.0256696 0.0699405
2 0.0245536 0.696429 0.0447824 0.537202
0 0.0251814 0.642113 0.0503627 0.60119
2 0.0239955 0.54455 0.0410156 0.512091
3 0.391741 0.494792 0.0351562 0.0997024
3 0.0206473 0.690476 0.0378069 0.537202
2 0.0183454 0.587054 0.0301339 0.15625
0 0.0559431 0.481771 0.0957031 0.613839
3 0.391183 0.455729 0.0485491 0.123512
2 0.378348 0.46503 0.0357143 0.0952381
1 0.0222517 0.656994 0.0344587 0.285714
0 0.0192522 0.591518 0.0329241 0.252976
3 0.0145089 0.579241 0.023856 0.144345
0 0.0405273 0.585658 0.0810547 0.5891
0 0.0621512 0.637649 0.124302 0.668155
0 0.0398996 0.420294 0.0797991 0.601377
1 0.371652 0.469494 0.0323661 0.0885417
1 0.0185547 0.407087 0.0352958 0.559338
