3 0.978795 0.581473 0.0390625 0.124256
1 0.137591 0.561384 0.229283 0.767113
0 0.144182 0.589286 0.266323 0.776786
0 0.291434 0.342169 0.513114 0.669829
0 0.381487 0.334821 0.378767 0.612351
1 0.167201 0.59747 0.325195 0.796131
0 0.193848 0.661086 0.363421 0.677827
0 0.44322 0.355655 0.172712 0.561012
3 0.976562 0.576637 0.0435267 0.172619
2 0.978795 0.581101 0.0401785 0.123512
1 0.384905 0.333705 0.3976 0.618304
1 0.978795 0.580357 0.0401785 0.126488
0 0.240234 0.549851 0.436384 0.684524
1 0.291853 0.342262 0.533482 0.679316
0 0.483538 0.339658 0.258371 0.613095
0 0.978795 0.580357 0.0401785 0.126488
1 0.44322 0.355655 0.172712 0.561012
1 0.108677 0.649182 0.205636 0.65253
2 0.137486 0.560826 0.238421 0.759301
2 0.976562 0.576637 0.0435267 0.172619
0 0.130406 0.470145 0.195103 0.623698
3 0.145089 0.59003 0.266183 0.77381
0 0.49135 0.332031 0.442522 0.664062
2 0.291853 0.342262 0.533482 0.679316
0 0.108677 0.649182 0.205636 0.65253
2 0.381487 0.334821 0.378767 0.612351
3 0.291853 0.342262 0.533482 0.679316
1 0.240234 0.549851 0.436384 0.684524
0 0.416295 0.413783 0.150112 0.4641
1 0.192243 0.531994 0.194196 0.642857
3 0.98577 0.591146 0.0284598 0.164435
2 0.130406 0.470145 0.195103 0.623698
0 0.466657 0.40625 0.128069 0.479911
1 0.911272 0.349795 0.168527 0.626302
0 0.407366 0.31436 0.199777 0.560268
3 0.381487 0.334821 0.378767 0.612351
3 0.973214 0.561384 0.0379464 0.125
0 0.544503 0.334449 0.187779 0.561012
