1 0.917969 0.507533 0.154018 0.632254
0 0.910156 0.601191 0.174107 0.772321
3 0.363281 0.528274 0.0385045 0.122768
0 0.346819 0.694941 0.133929 0.583333
2 0.917969 0.507441 0.15625 0.616071
1 0.364397 0.641741 0.0998884 0.630208
3 0.367746 0.502604 0.0373884 0.0647321
0 0.364397 0.641741 0.0998884 0.630208
3 0.36356 0.52753 0.0518973 0.220238
3 0.369141 0.524554 0.0446429 0.0833333
3 0.367188 0.504836 0.0345982 0.120536
3 0.359096 0.496652 0.0340402 0.0639881
3 0.369699 0.565104 0.0446429 0.208333
1 0.346819 0.694941 0.133929 0.583333
3 0.36942 0.571429 0.0585938 0.377976
3 0.359654 0.5 0.0340402 0.109375
3 0.362444 0.588914 0.102121 0.564732
1 0.368025 0.620722 0.0664062 0.472842
0 0.919643 0.439732 0.149554 0.541667
1 0.36356 0.52753 0.0518973 0.220238
1 0.363281 0.528274 0.0385045 0.122768
1 0.907924 0.65067 0.175223 0.655506
3 0.917969 0.507441 0.15625 0.616071
2 0.364397 0.641741 0.0998884 0.630208
1 0.369699 0.565104 0.0446429 0.208333
3 0.373047 0.555804 0.0418527 0.0848214
0 0.36356 0.52753 0.0518973 0.220238
0 0.857701 0.61756 0.284598 0.761905
0 0.36942 0.571429 0.0585938 0.377976
3 0.351562 0.64881 0.132812 0.647321
0 0.270926 0.678757 0.328125 0.639509
