1 0.224051 0.556734 0.154018 0.490699
3 0.978795 0.579241 0.0368303 0.124256
0 0.40067 0.335472 0.332589 0.608817
0 0.334403 0.350446 0.344587 0.660714
0 0.378906 0.329427 0.523438 0.658854
2 0.226283 0.557292 0.15346 0.486607
0 0.226074 0.557664 0.153878 0.487351
0 0.442383 0.354911 0.171038 0.561012
1 0.404018 0.334449 0.345982 0.613839
2 0.979353 0.578869 0.0379464 0.124256
1 0.442383 0.354911 0.171038 0.561012
1 0.979353 0.579241 0.0368304 0.119048
0 0.484654 0.335565 0.257254 0.607887
0 0.979353 0.578869 0.0379464 0.124256
1 0.207729 0.580729 0.217913 0.576637
3 0.978795 0.587798 0.0424107 0.177827
0 0.30971 0.337705 0.231027 0.607329
1 0.252232 0.52474 0.243862 0.539807
1 0.378906 0.329427 0.523438 0.658854
0 0.496652 0.331473 0.447545 0.662946
1 0.334403 0.350446 0.344587 0.660714
0 0.381975 0.363839 0.199777 0.564732
0 0.252232 0.52474 0.243862 0.539807
2 0.404018 0.334449 0.345982 0.613839
3 0.226074 0.557664 0.153878 0.487351
0 0.41769 0.41183 0.145647 0.474702
3 0.381487 0.33417 0.404436 0.636719
1 0.226842 0.565476 0.141183 0.28869
2 0.978795 0.587798 0.0424107 0.177827
1 0.234933 0.669643 0.170201 0.431548
0 0.301339 0.428199 0.157366 0.508184
1 0.41769 0.41183 0.145647 0.474702
3 0.986328 0.59003 0.0273438 0.177083
0 0.207729 0.580729 0.217913 0.576637
3 0.973214 0.55878 0.0379464 0.15253
0 0.54534 0.333705 0.187221 0.568452
2 0.378906 0.329427 0.523438 0.658854
2 0.334403 0.350446 0.344587 0.660714
1 0.977679 0.575893 0.0446428 0.19494
0 0.339565 0.47433 0.160714 0.444196
1 0.289342 0.516555 0.189732 0.478795
1 0.256696 0.502976 0.152344 0.470238
1 0.465262 0.405878 0.126395 0.474702
