3 0.978795 0.580729 0.0379465 0.124256
0 0.142787 0.598586 0.280273 0.776042
1 0.121966 0.50465 0.236537 0.746652
0 0.325405 0.330264 0.552316 0.650484
0 0.432757 0.332682 0.287388 0.603981
0 0.250279 0.690104 0.450335 0.615327
0 0.118513 0.46317 0.225028 0.658482
1 0.386091 0.331473 0.403041 0.619792
0 0.44322 0.354167 0.171596 0.56622
2 0.979353 0.579613 0.0390625 0.125744
1 0.178641 0.609933 0.355887 0.777158
1 0.979353 0.580357 0.0379464 0.119792
0 0.103795 0.6516 0.191406 0.65811
1 0.305176 0.334449 0.506836 0.668899
3 0.978795 0.587054 0.0424107 0.166667
2 0.123082 0.506045 0.242676 0.737909
0 0.979353 0.579613 0.0390625 0.125744
1 0.44322 0.354167 0.171596 0.56622
1 0.133963 0.651042 0.265555 0.668155
3 0.123082 0.506045 0.242676 0.737909
1 0.91183 0.348214 0.171875 0.627232
2 0.178641 0.609933 0.355887 0.777158
1 0.078683 0.601749 0.140346 0.731027
2 0.978795 0.587054 0.0424107 0.166667
1 0.0176479 0.657366 0.0352958 0.579613
0 0.490653 0.333333 0.447266 0.666667
2 0.38344 0.332589 0.381557 0.614583
0 0.184605 0.659226 0.272531 0.639881
2 0.305176 0.334449 0.506836 0.668899
1 0.977121 0.576265 0.0446428 0.191964
3 0.178641 0.609933 0.355887 0.777158
3 0.305176 0.334449 0.506836 0.668899
0 0.248954 0.556827 0.439593 0.591704
1 0.253697 0.689174 0.478097 0.621652
3 0.986328 0.591146 0.0273438 0.184524
0 0.256138 0.458519 0.385603 0.571057
0 0.416853 0.413318 0.148438 0.465774
0 0.91183 0.348214 0.171875 0.627232
0 0.178781 0.423363 0.354492 0.671131
3 0.973214 0.559524 0.0401786 0.15625
3 0.38344 0.332589 0.381557 0.614583
1 0.0554199 0.654576 0.100656 0.61942
1 0.878906 0.3125 0.223214 0.616816
0 0.0554199 0.654576 0.100656 0.61942
0 0.544782 0.33417 0.188337 0.569754
0 0.501674 0.335193 0.208705 0.598214
