2 0.523438 0.447545 0.0926339 0.234375
3 0.52274 0.445312 0.0839844 0.221726
3 0.537946 0.458333 0.0591518 0.188988
1 0.52274 0.447917 0.094029 0.233631
2 0.537946 0.458333 0.0591518 0.188988
3 0.549107 0.468006 0.0390625 0.135417
0 0.52274 0.447917 0.094029 0.233631
3 0.558036 0.472098 0.0256696 0.107887
2 0.524554 0.475074 0.104911 0.320685
3 0.547433 0.484003 0.0457589 0.237351
3 0.523996 0.473679 0.100446 0.336868
3 0.52846 0.457961 0.0636161 0.154762
0 0.512695 0.666295 0.157645 0.609375
2 0.549107 0.468006 0.0390625 0.135417
3 0.558036 0.47061 0.046875 0.220238
3 0.525809 0.481399 0.0700335 0.248512
1 0.535714 0.458333 0.0613839 0.181548
