2 0.952567 0.456845 0.0948661 0.360863
0 0.0703823 0.649554 0.135742 0.677083
2 0.0696847 0.491815 0.12486 0.337798
1 0.0711147 0.649461 0.136789 0.681734
2 0.0714286 0.549758 0.13365 0.492746
1 0.951451 0.471354 0.0959822 0.386161
1 0.0675572 0.554316 0.12772 0.456845
0 0.0675572 0.554316 0.12772 0.456845
2 0.942522 0.469122 0.0926339 0.283482
0 0.948103 0.45824 0.0970983 0.393043
0 0.94615 0.633371 0.107701 0.646949
1 0.066476 0.478051 0.121233 0.296875
3 0.952009 0.456845 0.0948661 0.355655
1 0.953683 0.467634 0.0825892 0.27381
3 0.070731 0.486607 0.120257 0.333333
2 0.941406 0.511812 0.116071 0.510603
2 0.960938 0.49256 0.0625 0.385417
3 0.0673828 0.55292 0.127511 0.49535
1 0.94615 0.633371 0.107701 0.646949
3 0.0751953 0.646949 0.139788 0.679316
0 0.9375 0.408854 0.11942 0.567708
0 0.100063 0.659598 0.166504 0.639137
0 0.941406 0.511812 0.116071 0.510603
2 0.964844 0.49628 0.0569197 0.226935
0 0.953683 0.467634 0.0825892 0.27381
0 0.066476 0.478051 0.121233 0.296875
1 0.941406 0.511812 0.116071 0.510603
2 0.9375 0.408854 0.11942 0.567708
0 0.959822 0.667039 0.0736608 0.588542
