3 0.428013 0.466146 0.047433 0.113839
3 0.436942 0.46131 0.0530134 0.111607
3 0.439453 0.463542 0.0697545 0.131696
3 0.485491 0.472098 0.0491072 0.0870536
3 0.435826 0.468378 0.0982143 0.144345
0 0.439453 0.463542 0.0697545 0.131696
1 0.431641 0.465402 0.047433 0.116815
3 0.497489 0.476562 0.0340402 0.0811012
0 0.431641 0.465402 0.047433 0.116815
1 0.439453 0.463542 0.0697545 0.131696
3 0.447824 0.47433 0.102121 0.215774
3 0.498884 0.475446 0.0546875 0.154018
3 0.4149 0.479911 0.0273438 0.0818452
3 0.49163 0.459449 0.0368304 0.0766369
3 0.479911 0.485863 0.0502232 0.108631
3 0.507812 0.457589 0.0279018 0.0729167
3 0.506696 0.457961 0.0379465 0.0900297
2 0.431641 0.465402 0.047433 0.116815
3 0.408482 0.472098 0.0234375 0.0863095
3 0.0108119 0.639137 0.0182757 0.21875
3 0.486189 0.46131 0.0599888 0.127232
0 0.435826 0.468378 0.0982143 0.144345
3 0.00955636 0.636533 0.0154855 0.109375
3 0.442801 0.479167 0.0563616 0.103423
3 0.479911 0.486607 0.0714285 0.160714
2 0.439453 0.463542 0.0697545 0.131696
0 0.447824 0.47433 0.102121 0.215774
1 0.0108119 0.639137 0.0182757 0.21875
3 0.510603 0.457961 0.0680804 0.185268
