3 0.979353 0.578869 0.0379464 0.125744
1 0.0445033 0.523438 0.0851004 0.786458
0 0.0466657 0.585007 0.0871931 0.75558
0 0.392997 0.333054 0.359096 0.609189
0 0.318848 0.331008 0.554269 0.6609
0 0.0438058 0.437872 0.0848214 0.697173
1 0.0486886 0.646205 0.0842634 0.649554
1 0.0585938 0.60705 0.117188 0.74721
0 0.44322 0.354539 0.169364 0.559524
1 0.396903 0.332217 0.373605 0.611607
2 0.979911 0.578497 0.0379464 0.125744
1 0.979911 0.578497 0.0379464 0.125744
2 0.044608 0.462705 0.081543 0.648996
0 0.486049 0.335286 0.270089 0.610677
0 0.0625698 0.65439 0.119838 0.639137
1 0.44322 0.354539 0.169364 0.559524
0 0.979911 0.578497 0.0379464 0.125744
3 0.978795 0.585938 0.0424107 0.178571
0 0.202846 0.522786 0.157366 0.463356
1 0.319336 0.329241 0.566685 0.658482
2 0.0486189 0.584263 0.0908203 0.754092
0 0.112758 0.607701 0.223145 0.75186
0 0.493304 0.331101 0.44308 0.662202
0 0.184431 0.614583 0.225446 0.53125
0 0.183803 0.629464 0.354492 0.577381
2 0.374023 0.33138 0.423828 0.630394
1 0.0435268 0.360863 0.0814732 0.573661
3 0.229422 0.563988 0.0422712 0.107887
3 0.97433 0.55692 0.0390625 0.156994
0 0.0668248 0.400856 0.13365 0.686384
2 0.977679 0.575149 0.0446428 0.197917
1 0.0336914 0.686012 0.0623605 0.605655
3 0.374023 0.33138 0.423828 0.630394
3 0.0447126 0.50465 0.085798 0.740699
0 0.219587 0.359375 0.424107 0.71875
1 0.977679 0.575149 0.0446428 0.197917
0 0.417969 0.412109 0.141183 0.46596
0 0.036377 0.357515 0.0701032 0.563988
3 0.230539 0.562128 0.0679409 0.183036
0 0.544782 0.33417 0.205078 0.569754
3 0.226842 0.530878 0.0485491 0.168899
0 0.184919 0.518043 0.324358 0.520461
0 0.0336914 0.686012 0.0623605 0.605655
0 0.337542 0.361886 0.252372 0.575335
0 0.409877 0.313988 0.205915 0.56622
3 0.987165 0.590402 0.0256696 0.142113
0 0.263463 0.72247 0.440709 0.550595
1 0.908482 0.349423 0.176339 0.627046
3 0.215123 0.570685 0.0345982 0.10119
3 0.0585938 0.60705 0.117188 0.74721
1 0.109061 0.524368 0.205985 0.763765
1 0.0607561 0.451079 0.121512 0.642485
2 0.0414342 0.651042 0.0711496 0.642857
