1 0.339286 0.533854 0.1875 0.648066
3 0.979911 0.577381 0.0379464 0.129464
0 0.436105 0.335658 0.277344 0.605469
0 0.406599 0.335286 0.455776 0.656808
0 0.341239 0.52567 0.183036 0.637649
0 0.441825 0.354167 0.176618 0.575149
0 0.378069 0.440104 0.183036 0.603423
1 0.378069 0.440104 0.183036 0.603423
2 0.979911 0.576637 0.0368303 0.127232
0 0.343192 0.397879 0.288504 0.632812
0 0.371373 0.337798 0.216518 0.598958
1 0.419085 0.350167 0.277902 0.641927
1 0.979911 0.576637 0.0368303 0.127232
0 0.28683 0.327102 0.408482 0.652344
2 0.34096 0.513951 0.213728 0.576265
0 0.421596 0.418248 0.140067 0.545945
1 0.441825 0.354167 0.176618 0.575149
0 0.979911 0.576637 0.0368303 0.127232
1 0.304129 0.533761 0.160714 0.605097
1 0.398996 0.332124 0.482143 0.65718
2 0.378069 0.440104 0.183036 0.603423
3 0.979074 0.585938 0.0418527 0.198661
2 0.419085 0.350167 0.277902 0.641927
1 0.364118 0.591425 0.297433 0.595424
1 0.422712 0.516462 0.109375 0.441778
0 0.422712 0.516462 0.109375 0.441778
0 0.304129 0.533761 0.160714 0.605097
3 0.334821 0.511812 0.198103 0.573103
1 0.880022 0.347005 0.21317 0.628906
3 0.97433 0.557292 0.0379464 0.15997
0 0.341239 0.398531 0.176339 0.563058
0 0.880022 0.347005 0.21317 0.628906
1 0.421596 0.418248 0.140067 0.545945
2 0.398996 0.332124 0.482143 0.65718
0 0.304408 0.34375 0.198103 0.570685
1 0.371373 0.337798 0.216518 0.598958
0 0.27567 0.686384 0.366629 0.540923
1 0.326939 0.669643 0.326032 0.510417
3 0.402902 0.35612 0.337054 0.66276
0 0.27567 0.385045 0.268973 0.643601
2 0.979074 0.585938 0.0418527 0.198661
0 0.499721 0.334821 0.207031 0.590774
0 0.442941 0.478516 0.193359 0.4016
