3 0.978795 0.577381 0.0379465 0.127976
1 0.461077 0.547247 0.126953 0.332589
0 0.377372 0.353423 0.408203 0.668155
2 0.459263 0.548549 0.127232 0.352307
0 0.453404 0.530971 0.142299 0.448475
0 0.458845 0.545387 0.116909 0.319941
0 0.289411 0.340402 0.501535 0.680804
1 0.425502 0.534598 0.0920759 0.241815
0 0.410993 0.477679 0.205915 0.479167
2 0.979353 0.576637 0.0379464 0.127232
0 0.438616 0.389509 0.191964 0.595238
1 0.979353 0.577753 0.0368304 0.12128
2 0.424386 0.532738 0.0859375 0.233631
0 0.413504 0.508185 0.09375 0.331845
0 0.425502 0.534598 0.0920759 0.241815
1 0.393136 0.526414 0.0664062 0.211309
0 0.39202 0.52567 0.0837054 0.255208
0 0.979353 0.576637 0.0379464 0.127232
1 0.410993 0.477679 0.205915 0.479167
1 0.413504 0.508185 0.09375 0.331845
1 0.429129 0.543341 0.243304 0.383557
3 0.978516 0.584077 0.0429688 0.180804
0 0.38923 0.49256 0.102121 0.297619
0 0.429129 0.543341 0.243304 0.383557
3 0.458845 0.545387 0.116909 0.319941
2 0.393136 0.526414 0.0664062 0.211309
1 0.365862 0.351191 0.475865 0.700893
2 0.410993 0.477679 0.205915 0.479167
0 0.503906 0.365978 0.40625 0.698103
0 0.420759 0.439081 0.130022 0.428385
1 0.38923 0.49256 0.102121 0.297619
1 0.41183 0.509673 0.078125 0.227679
2 0.978516 0.584077 0.0429688 0.180804
3 0.424386 0.532738 0.0859375 0.233631
3 0.973772 0.55878 0.0379464 0.154018
0 0.41183 0.509673 0.078125 0.227679
3 0.393136 0.526414 0.0664062 0.211309
1 0.438616 0.389509 0.191964 0.595238
3 0.230399 0.56808 0.038644 0.0982143
3 0.21296 0.575149 0.0283203 0.0863096
2 0.413504 0.508185 0.09375 0.331845
2 0.41183 0.531622 0.0546875 0.154018
1 0.977121 0.573661 0.0446428 0.198661
1 0.384766 0.549107 0.0915179 0.255952
3 0.453404 0.530971 0.142299 0.448475
1 0.478237 0.547247 0.216518 0.380208
2 0.453823 0.517113 0.110212 0.263393
2 0.365862 0.351191 0.475865 0.700893
0 0.439872 0.441778 0.140346 0.512277
2 0.41183 0.509673 0.078125 0.227679
1 0.389718 0.45266 0.375698 0.56343
1 0.468052 0.515997 0.101841 0.268601
3 0.393973 0.535714 0.0507812 0.147321
3 0.22433 0.574777 0.03125 0.0855655
3 0.232213 0.565848 0.0651507 0.191964
3 0.365862 0.351191 0.475865 0.700893
0 0.908482 0.34747 0.174107 0.627232
1 0.41183 0.531622 0.0546875 0.154018
3 0.384766 0.549107 0.0664062 0.186756
