2 0.37779 0.459077 0.0853795 0.248512
3 0.378348 0.453125 0.0820312 0.237351
3 0.380301 0.473214 0.0876116 0.344494
0 0.380859 0.475818 0.0892857 0.313988
1 0.380859 0.475818 0.0892857 0.313988
3 0.798549 0.432292 0.0725446 0.220238
0 0.397879 0.65439 0.165737 0.69122
2 0.387835 0.489583 0.0747768 0.321429
0 0.545201 0.448847 0.40067 0.673735
2 0.383929 0.473214 0.0625 0.151786
3 0.376116 0.468378 0.0675223 0.155506
3 0.780134 0.34933 0.0279018 0.0773809
3 0.389788 0.487351 0.0652902 0.230655
2 0.389788 0.487351 0.0652902 0.230655
0 0.399554 0.676339 0.291295 0.647321
