1 0.0458636 0.518973 0.0901925 0.603423
0 0.0498047 0.610119 0.0996094 0.706845
2 0.0473633 0.510045 0.0908203 0.536458
1 0.0544085 0.622675 0.101283 0.710007
0 0.0476423 0.502325 0.0913783 0.490885
1 0.0486886 0.475446 0.0837054 0.305804
1 0.0575474 0.44615 0.0972377 0.464844
2 0.0560826 0.621187 0.107422 0.711496
0 0.0725446 0.678199 0.145089 0.640625
3 0.0467355 0.520461 0.0909598 0.560268
2 0.0486886 0.475446 0.0837054 0.305804
0 0.0573382 0.726191 0.103237 0.534226
0 0.103795 0.628069 0.207589 0.730469
3 0.0560826 0.621187 0.107422 0.711496
