3 0.978795 0.578869 0.0379465 0.125744
0 0.746094 0.569103 0.229911 0.757626
1 0.737723 0.533668 0.203125 0.673735
0 0.392718 0.332961 0.361886 0.612351
0 0.332101 0.331845 0.52553 0.662202
1 0.760045 0.640811 0.194196 0.632069
0 0.710379 0.534226 0.226563 0.647321
0 0.44322 0.353144 0.173828 0.566034
1 0.395926 0.331845 0.37779 0.616816
2 0.979353 0.578125 0.0379464 0.125744
1 0.979353 0.578125 0.0379464 0.125744
0 0.777902 0.538597 0.191964 0.654948
0 0.750558 0.659598 0.284598 0.622768
2 0.737723 0.532552 0.199777 0.664062
1 0.44322 0.353144 0.173828 0.566034
0 0.979353 0.578125 0.0379464 0.125744
1 0.771763 0.590495 0.262277 0.746094
0 0.488281 0.334914 0.267857 0.603981
3 0.979074 0.585194 0.0418527 0.179316
1 0.71875 0.5851 0.273438 0.71224
1 0.32115 0.332589 0.44029 0.665179
3 0.228237 0.568452 0.0412946 0.104167
1 0.704799 0.454613 0.217634 0.544643
3 0.743862 0.571429 0.258929 0.758929
3 0.213658 0.575149 0.0297154 0.0922619
2 0.373884 0.33138 0.421875 0.633371
3 0.23019 0.565104 0.0602679 0.163691
3 0.373884 0.33138 0.421875 0.633371
2 0.977679 0.573661 0.0446428 0.191964
1 0.756138 0.467262 0.145089 0.566964
1 0.977679 0.573661 0.0446428 0.191964
3 0.213937 0.571429 0.0436663 0.132441
0 0.485491 0.329613 0.420759 0.659226
0 0.698661 0.672619 0.297991 0.55506
0 0.41769 0.413039 0.152344 0.47154
1 0.777902 0.538597 0.191964 0.654948
3 0.214844 0.536086 0.0351562 0.154018
3 0.97433 0.55692 0.0379464 0.15997
3 0.224819 0.533854 0.0481306 0.165923
3 0.221819 0.577381 0.0345982 0.0997024
3 0.986049 0.590774 0.0279017 0.18006
0 0.412249 0.315197 0.213449 0.573475
0 0.336844 0.361328 0.250419 0.573475
0 0.539062 0.747024 0.523438 0.488095
1 0.881138 0.352214 0.21875 0.611049
