1 0.0881348 0.539807 0.154646 0.52753
3 0.978795 0.575893 0.0368303 0.130208
0 0.398996 0.333612 0.33817 0.603609
0 0.332031 0.334077 0.526786 0.664435
1 0.403599 0.332961 0.360212 0.608631
0 0.444755 0.35119 0.162946 0.566964
1 0.444755 0.35119 0.162946 0.566964
2 0.979353 0.575149 0.0379464 0.129464
0 0.486886 0.331845 0.280692 0.623512
0 0.0889718 0.540179 0.155204 0.520833
2 0.0871931 0.54176 0.150949 0.481957
1 0.979353 0.575149 0.0379464 0.129464
0 0.50014 0.331845 0.452846 0.65997
0 0.979353 0.575149 0.0379464 0.129464
1 0.318011 0.337426 0.473354 0.674851
3 0.978795 0.581845 0.0424107 0.188244
2 0.398996 0.333612 0.33817 0.603609
0 0.175781 0.52167 0.1875 0.542969
3 0.97433 0.557292 0.0368304 0.154762
1 0.0869141 0.53311 0.140904 0.302083
0 0.162109 0.524275 0.301897 0.549665
2 0.977679 0.571429 0.0446428 0.199405
3 0.0871931 0.54176 0.150949 0.481957
0 0.579799 0.352214 0.381696 0.658668
0 0.272879 0.712798 0.478795 0.552083
3 0.374581 0.331752 0.413783 0.632627
2 0.330566 0.332403 0.536412 0.664807
0 0.545201 0.334356 0.219866 0.584263
0 0.42048 0.412853 0.131138 0.46596
0 0.202288 0.469866 0.199219 0.624256
1 0.42048 0.412853 0.131138 0.46596
1 0.486886 0.331845 0.280692 0.623512
1 0.977679 0.571429 0.0446428 0.199405
0 0.331194 0.364118 0.236607 0.582775
1 0.175781 0.52167 0.1875 0.542969
0 0.413504 0.315011 0.204241 0.572359
0 0.236677 0.608631 0.291155 0.491071
0 0.174421 0.603795 0.25272 0.537946
