3 0.355469 0.448289 0.0518973 0.137649
3 0.628906 0.461682 0.046875 0.114583
3 0.628348 0.456473 0.077009 0.189732
3 0.621094 0.465774 0.0379464 0.104911
3 0.353516 0.44308 0.0597098 0.194196
3 0.638951 0.459077 0.0357143 0.101935
3 0.354632 0.484375 0.0647321 0.321429
1 0.354074 0.460565 0.0574777 0.180059
0 0.354074 0.460565 0.0574777 0.180059
3 0.367746 0.419643 0.0357143 0.0952381
3 0.359375 0.460938 0.078125 0.191964
2 0.354911 0.448661 0.0597098 0.156994
1 0.628348 0.456473 0.077009 0.189732
0 0.375558 0.664062 0.15067 0.624256
0 0.628348 0.456473 0.077009 0.189732
3 0.365513 0.438988 0.0920759 0.266369
1 0.628348 0.460938 0.046875 0.119048
0 0.630022 0.463914 0.0513392 0.118304
3 0.626116 0.478795 0.0401786 0.0982143
3 0.355469 0.483631 0.046317 0.186756
0 0.35798 0.443824 0.0502232 0.134673
0 0.354632 0.484375 0.0647321 0.321429
1 0.35798 0.443824 0.0502232 0.134673
1 0.354632 0.484375 0.0647321 0.321429
3 0.361607 0.488095 0.0507812 0.25372
3 0.378906 0.428943 0.031808 0.107143
3 0.356864 0.421875 0.0479911 0.112351
0 0.371931 0.644345 0.101562 0.580357
0 0.365513 0.438988 0.0920759 0.266369
3 0.645089 0.481399 0.0357143 0.0974703
2 0.628348 0.460938 0.046875 0.119048
3 0.349888 0.483259 0.0457589 0.0997024
3 0.616071 0.448661 0.0379465 0.102679
3 0.623326 0.454241 0.122768 0.206845
