3 0.978795 0.579241 0.0379465 0.127232
1 0.779018 0.54548 0.158482 0.545945
0 0.398158 0.332868 0.343192 0.608073
0 0.31815 0.331101 0.545619 0.65997
0 0.78404 0.540086 0.154018 0.518043
0 0.443638 0.353051 0.167411 0.567708
2 0.978795 0.579241 0.0390625 0.127232
1 0.401507 0.331752 0.358817 0.610305
0 0.805804 0.514137 0.222098 0.599702
1 0.979353 0.578869 0.0390625 0.127232
1 0.443638 0.353051 0.167411 0.567708
3 0.978237 0.58631 0.0435267 0.182292
2 0.78404 0.540086 0.154018 0.518043
0 0.979353 0.578869 0.0390625 0.127232
0 0.486747 0.334542 0.273158 0.610677
1 0.805804 0.514137 0.222098 0.599702
1 0.319266 0.329241 0.55678 0.658482
2 0.978237 0.58631 0.0435267 0.182292
0 0.500558 0.331473 0.458705 0.662946
2 0.398158 0.332868 0.343192 0.608073
3 0.78404 0.540086 0.154018 0.518043
1 0.977121 0.575149 0.0435267 0.189732
2 0.319266 0.329241 0.55678 0.658482
3 0.319266 0.329241 0.55678 0.658482
3 0.212891 0.576265 0.0295759 0.0877976
0 0.816964 0.410342 0.21317 0.591518
3 0.229283 0.569568 0.039202 0.0989583
0 0.41183 0.315011 0.209821 0.572359
3 0.398158 0.332868 0.343192 0.608073
3 0.97433 0.55692 0.0379464 0.162202
0 0.419922 0.411086 0.142299 0.473214
3 0.986049 0.590774 0.0279017 0.18378
0 0.582031 0.359375 0.389509 0.657738
0 0.336217 0.361142 0.246094 0.576823
0 0.977121 0.575149 0.0435267 0.189732
