2 0.501256 0.437872 0.118025 0.274554
3 0.318359 0.464286 0.093192 0.200149
2 0.318638 0.46503 0.0954241 0.204613
3 0.500558 0.438244 0.112723 0.270833
1 0.501256 0.437872 0.118025 0.274554
0 0.318638 0.472098 0.0970982 0.235119
1 0.318638 0.472098 0.0970982 0.235119
0 0.501256 0.437872 0.118025 0.274554
0 0.294364 0.647786 0.214844 0.699963
3 0.324777 0.469494 0.0747768 0.157738
2 0.505022 0.473958 0.121652 0.409226
3 0.508929 0.486328 0.111607 0.36663
3 0.47726 0.434245 0.093471 0.253534
0 0.512137 0.644717 0.188895 0.65253
3 0.522879 0.442336 0.0859375 0.260417
0 0.377651 0.664435 0.320592 0.671131
1 0.508929 0.611235 0.127232 0.561756
