1 0.623326 0.454427 0.231027 0.707217
0 0.622768 0.596912 0.226562 0.672247
0 0.618304 0.434524 0.252232 0.6875
1 0.625 0.595889 0.252232 0.666853
0 0.645089 0.652716 0.194196 0.533854
2 0.622768 0.454706 0.238839 0.712612
3 0.618304 0.434524 0.252232 0.6875
1 0.677455 0.433036 0.142857 0.623512
1 0.597238 0.366816 0.195033 0.570685
1 0.572684 0.442615 0.222935 0.640067
0 0.649554 0.668899 0.296875 0.583333
0 0.485212 0.453032 0.367746 0.718936
2 0.625 0.595889 0.252232 0.666853
0 0.566964 0.662946 0.170759 0.608631
0 0.597238 0.366816 0.195033 0.570685
0 0.572684 0.442615 0.222935 0.640067
3 0.625 0.595889 0.252232 0.666853
1 0.645089 0.652716 0.194196 0.533854
0 0.601562 0.68378 0.198661 0.572917
0 0.689732 0.65532 0.129464 0.510789
