2 0.669085 0.433036 0.135045 0.404018
1 0.0885533 0.483073 0.158831 0.513021
2 0.0870885 0.456566 0.15618 0.396391
0 0.0881348 0.598028 0.168597 0.607515
0 0.667969 0.437407 0.13058 0.431734
1 0.669643 0.42792 0.13058 0.404576
1 0.0881348 0.598028 0.168597 0.607515
0 0.0890416 0.483166 0.159528 0.468192
3 0.668527 0.432199 0.137277 0.406436
1 0.0682199 0.565848 0.112165 0.564732
3 0.0889718 0.477865 0.163574 0.428199
0 0.532366 0.447824 0.389509 0.674293
0 0.651786 0.418527 0.180804 0.489583
0 0.120117 0.679688 0.240234 0.615327
2 0.0758929 0.516369 0.145647 0.547619
2 0.652344 0.418527 0.168527 0.504464
0 0.066476 0.65625 0.123465 0.605655
1 0.0866699 0.463542 0.149205 0.304316
0 0.66183 0.604167 0.143973 0.540179
2 0.664062 0.488467 0.117188 0.265625
2 0.100342 0.504092 0.125209 0.27381
1 0.636161 0.443452 0.225446 0.487351
