0 0.529576 0.675223 0.200893 0.607887
1 0.529018 0.672619 0.200893 0.598214
3 0.368862 0.517485 0.0412946 0.0773809
3 0.358259 0.520089 0.0334821 0.078125
3 0.367746 0.50186 0.0334821 0.0691964
3 0.368304 0.523066 0.0485491 0.130208
3 0.356027 0.5 0.0284598 0.0714286
2 0.529018 0.672619 0.200893 0.598214
3 0.37221 0.547247 0.0385045 0.12128
3 0.371931 0.544271 0.0401786 0.0736607
3 0.358259 0.546131 0.0329241 0.119048
3 0.533343 0.674293 0.185547 0.600818
3 0.38923 0.534226 0.047433 0.122768
3 0.390346 0.530134 0.0362723 0.0818452
0 0.538504 0.671875 0.160714 0.291667
3 0.37221 0.550967 0.0563616 0.237351
3 0.390067 0.56436 0.0535714 0.144345
