1 0.0359235 0.555153 0.0678013 0.605469
0 0.0350167 0.616257 0.0693359 0.710938
2 0.0359933 0.521112 0.0633371 0.503906
1 0.0334124 0.442801 0.0651507 0.434338
1 0.0454102 0.65067 0.0657087 0.648065
0 0.0498744 0.666667 0.0958426 0.645833
2 0.0350167 0.616257 0.0693359 0.710938
1 0.0297503 0.635603 0.0595006 0.657366
1 0.0503627 0.619978 0.0996094 0.718378
1 0.0372489 0.482515 0.0615234 0.302827
0 0.0359933 0.521112 0.0633371 0.503906
3 0.0359933 0.521112 0.0633371 0.503906
2 0.0379464 0.515253 0.0574777 0.289435
3 0.0350167 0.616257 0.0693359 0.710938
