1 0.405134 0.514044 0.147879 0.550781
0 0.40346 0.588914 0.16183 0.674851
2 0.404576 0.533668 0.143973 0.626116
1 0.407645 0.645089 0.139509 0.625
0 0.399275 0.495629 0.141741 0.516183
3 0.404297 0.534226 0.144531 0.595238
1 0.452148 0.494699 0.256417 0.592448
1 0.407645 0.523065 0.130022 0.290923
2 0.407645 0.523065 0.130022 0.290923
2 0.422712 0.501209 0.135603 0.478237
0 0.452148 0.494699 0.256417 0.592448
0 0.390765 0.667411 0.247489 0.653274
2 0.394531 0.458984 0.131696 0.451079
0 0.526088 0.44708 0.320592 0.626674
0 0.424665 0.64974 0.140067 0.584449
0 0.526228 0.296131 0.421875 0.5
