1 0.695312 0.55506 0.104911 0.416667
3 0.978795 0.579613 0.0379465 0.127976
0 0.393555 0.333333 0.360212 0.612351
0 0.333845 0.332496 0.522042 0.6609
0 0.443638 0.354539 0.166295 0.563988
2 0.695871 0.553571 0.103795 0.400298
1 0.396973 0.332217 0.375698 0.61756
2 0.979353 0.578497 0.0390625 0.12872
1 0.979353 0.578497 0.0390625 0.12872
3 0.978516 0.585193 0.0429688 0.168155
1 0.443638 0.354539 0.166295 0.563988
0 0.979353 0.578497 0.0390625 0.12872
0 0.695871 0.559524 0.108259 0.428571
1 0.323103 0.334449 0.438616 0.668899
0 0.484096 0.341983 0.243862 0.616629
2 0.977121 0.574777 0.0435267 0.190476
1 0.689174 0.566964 0.0970983 0.297619
1 0.977121 0.574777 0.0435267 0.190476
2 0.373186 0.33231 0.425502 0.634487
3 0.694754 0.555432 0.106027 0.414435
3 0.229074 0.563988 0.0435268 0.108631
3 0.214007 0.570685 0.0301339 0.0989584
3 0.973772 0.558036 0.0390625 0.157738
3 0.373186 0.33231 0.425502 0.634487
3 0.215123 0.533482 0.0351562 0.153274
3 0.231097 0.561756 0.0662667 0.172619
3 0.226562 0.531622 0.0496652 0.161458
0 0.417411 0.412109 0.148996 0.468936
3 0.986049 0.590774 0.0279017 0.18006
3 0.214286 0.567708 0.0457589 0.139137
0 0.488421 0.332961 0.433873 0.665923
0 0.410296 0.314825 0.208426 0.572731
0 0.338449 0.361235 0.255022 0.581845
0 0.977121 0.574777 0.0435267 0.190476
