2 0.062221 0.475818 0.120536 0.353423
2 0.654576 0.427455 0.110491 0.380952
0 0.0684291 0.640811 0.136858 0.694569
1 0.062221 0.475818 0.120536 0.353423
1 0.651786 0.425223 0.106027 0.375
0 0.0627093 0.507626 0.125419 0.437128
2 0.631696 0.410993 0.170759 0.444382
0 0.643415 0.431176 0.136161 0.405506
1 0.0631627 0.616908 0.117536 0.629278
2 0.0688477 0.526786 0.129046 0.520833
1 0.631696 0.410993 0.170759 0.444382
0 0.550363 0.461123 0.372489 0.628348
3 0.0647321 0.477772 0.118862 0.364397
1 0.669643 0.395833 0.104911 0.46875
2 0.660156 0.456101 0.0848214 0.284226
0 0.602679 0.406157 0.287946 0.471912
3 0.652902 0.426339 0.113839 0.376488
0 0.0616629 0.467634 0.115792 0.298363
1 0.604911 0.434152 0.25558 0.458333
0 0.106445 0.642764 0.212891 0.714472
2 0.0684291 0.640811 0.136858 0.694569
1 0.550363 0.461123 0.372489 0.628348
2 0.669643 0.395833 0.104911 0.46875
2 0.640067 0.421875 0.112723 0.30878
0 0.664621 0.403274 0.245536 0.449405
0 0.657366 0.36542 0.110491 0.473028
2 0.0479911 0.467262 0.0864955 0.287202
0 0.0405971 0.663319 0.0811942 0.625744
1 0.667969 0.454985 0.0736607 0.319196
0 0.667411 0.42885 0.0870535 0.411644
2 0.686384 0.422991 0.148438 0.473958
3 0.66183 0.487723 0.0725447 0.238839
1 0.0824498 0.659598 0.1649 0.645089
