3 0.680246 0.44494 0.0870536 0.221726
1 0.513811 0.695685 0.111886 0.513393
0 0.514509 0.709821 0.11942 0.556548
2 0.679129 0.442708 0.0970982 0.220238
3 0.670759 0.455357 0.116071 0.307292
1 0.679129 0.442708 0.0970982 0.220238
0 0.679129 0.442708 0.0970982 0.220238
2 0.513811 0.695685 0.111886 0.513393
2 0.512695 0.574033 0.0996094 0.328125
1 0.512974 0.633185 0.093471 0.403274
3 0.514369 0.511533 0.0962612 0.216518
2 0.670759 0.455357 0.116071 0.307292
3 0.512695 0.511161 0.0862165 0.145089
0 0.670759 0.455357 0.116071 0.307292
1 0.670759 0.455357 0.116071 0.307292
2 0.518415 0.527158 0.137277 0.266369
3 0.518415 0.527158 0.137277 0.266369
3 0.512416 0.694941 0.10798 0.547619
0 0.519671 0.524554 0.143694 0.270833
1 0.519671 0.524554 0.143694 0.270833
1 0.514369 0.511533 0.0962612 0.216518
3 0.688058 0.443452 0.0680804 0.151786
3 0.523996 0.525298 0.0747768 0.15625
2 0.514369 0.511533 0.0962612 0.216518
3 0.672991 0.44308 0.0703125 0.154018
0 0.514369 0.511533 0.0962612 0.216518
0 0.511719 0.578125 0.104911 0.324405
2 0.512695 0.511161 0.0862165 0.145089
3 0.527204 0.520461 0.0594308 0.116071
3 0.513393 0.588356 0.103795 0.311384
2 0.51409 0.552455 0.0867746 0.240327
