2 0.372489 0.444196 0.0948661 0.239583
3 0.371094 0.438988 0.0915178 0.236607
3 0.807478 0.454241 0.0959821 0.206101
2 0.804688 0.446429 0.109375 0.238095
3 0.797433 0.457961 0.0725446 0.166667
1 0.806362 0.445685 0.104911 0.245536
2 0.375837 0.483352 0.106585 0.357701
3 0.805246 0.469122 0.104911 0.357143
0 0.370815 0.440104 0.0948661 0.232887
0 0.804688 0.446429 0.109375 0.238095
1 0.370815 0.440104 0.0948661 0.232887
2 0.8125 0.44122 0.0736607 0.209077
3 0.809152 0.443824 0.0691964 0.139137
3 0.824219 0.438988 0.0513393 0.13244
2 0.805246 0.469122 0.104911 0.357143
1 0.8125 0.44122 0.0736607 0.209077
3 0.80692 0.420387 0.078125 0.215774
0 0.368025 0.656622 0.178013 0.668899
0 0.400112 0.66276 0.166295 0.617932
3 0.375 0.457589 0.0691964 0.153274
2 0.375 0.457589 0.0691964 0.153274
3 0.789621 0.462054 0.0524554 0.135417
0 0.375837 0.483352 0.106585 0.357701
0 0.379743 0.631882 0.116629 0.59933
3 0.805246 0.484003 0.0736607 0.170387
3 0.362723 0.435268 0.0636161 0.15625
3 0.375279 0.482422 0.103795 0.383371
0 0.805246 0.469122 0.104911 0.357143
2 0.797433 0.442336 0.0747767 0.186012
