0 0.536691 0.674851 0.244699 0.584821
1 0.532366 0.678571 0.262277 0.59375
3 0.361328 0.521205 0.0290179 0.106399
3 0.365513 0.492932 0.030692 0.0639881
2 0.536691 0.674851 0.244699 0.584821
3 0.368583 0.49628 0.0329241 0.111607
3 0.356864 0.491071 0.0267857 0.0639881
3 0.368862 0.52753 0.0334821 0.124256
3 0.532366 0.678571 0.262277 0.59375
3 0.36942 0.518601 0.0373884 0.0773809
3 0.357701 0.493304 0.0273438 0.101935
3 0.361328 0.518601 0.0440848 0.206101
3 0.369699 0.495536 0.0524554 0.249256
3 0.368583 0.559896 0.0351562 0.178571
