1 0.916853 0.569103 0.158482 0.742746
0 0.905134 0.601749 0.186384 0.778646
1 0.919643 0.458333 0.154018 0.49256
2 0.919085 0.515439 0.154018 0.617932
0 0.352121 0.644345 0.13058 0.654762
1 0.365792 0.641741 0.0970982 0.630208
3 0.363839 0.531994 0.0407366 0.148065
0 0.364397 0.665551 0.0870536 0.578125
3 0.369699 0.502976 0.0379464 0.0662203
3 0.369978 0.538319 0.0558036 0.302827
0 0.919085 0.515718 0.155134 0.601005
3 0.36942 0.50558 0.0368304 0.136905
3 0.369978 0.569941 0.0479911 0.22619
3 0.363839 0.524554 0.0418527 0.0915178
1 0.348214 0.692894 0.13058 0.581473
1 0.368583 0.622954 0.0675223 0.486235
2 0.928572 0.424479 0.141741 0.493304
3 0.364118 0.592913 0.101562 0.586496
3 0.360491 0.496652 0.0340402 0.0639881
2 0.365792 0.641741 0.0970982 0.630208
1 0.369978 0.538319 0.0558036 0.302827
0 0.926897 0.65253 0.140625 0.638393
0 0.847935 0.617467 0.304129 0.760603
3 0.360212 0.5 0.0362723 0.130208
1 0.369978 0.569941 0.0479911 0.22619
3 0.919085 0.515718 0.155134 0.601005
1 0.363839 0.531994 0.0407366 0.148065
0 0.369978 0.577009 0.0613839 0.408482
3 0.368583 0.622954 0.0675223 0.486235
3 0.373605 0.560268 0.0435268 0.0907738
0 0.321429 0.694196 0.174107 0.565476
0 0.317732 0.650298 0.229492 0.662202
0 0.364118 0.53125 0.0552455 0.269345
2 0.905134 0.601749 0.186384 0.778646
3 0.360491 0.5 0.0535714 0.261161
3 0.352121 0.667783 0.113281 0.609375
