1 0.656808 0.551711 0.112723 0.389137
3 0.978237 0.577381 0.0379464 0.129464
0 0.40346 0.333705 0.334821 0.602679
0 0.327567 0.33324 0.532366 0.665365
1 0.407924 0.333426 0.352679 0.605469
0 0.444057 0.352307 0.162109 0.563988
2 0.978237 0.577009 0.0390625 0.127232
1 0.444057 0.352307 0.162109 0.563988
1 0.978795 0.576265 0.0390625 0.129464
0 0.655134 0.552083 0.112723 0.397321
0 0.978795 0.576265 0.0390625 0.129464
3 0.978516 0.583705 0.0429688 0.181548
2 0.657366 0.551711 0.113839 0.390625
1 0.374721 0.326637 0.537388 0.649554
0 0.486747 0.337798 0.25865 0.611607
2 0.978516 0.583705 0.0429688 0.181548
0 0.492188 0.329613 0.44308 0.659226
1 0.638393 0.520275 0.138393 0.447545
2 0.407924 0.333426 0.352679 0.605469
3 0.655134 0.552083 0.112723 0.397321
1 0.685826 0.558222 0.160714 0.460938
3 0.973772 0.558036 0.0379464 0.155506
1 0.976562 0.573661 0.0435267 0.192708
1 0.666853 0.562314 0.106027 0.297991
3 0.378767 0.332217 0.409877 0.631696
1 0.633371 0.552827 0.204241 0.416667
2 0.326311 0.332031 0.54827 0.664062
0 0.420201 0.412574 0.131696 0.461309
0 0.90346 0.345145 0.183036 0.62965
3 0.231934 0.562872 0.0428293 0.112351
0 0.412946 0.313988 0.199777 0.569941
1 0.420201 0.412574 0.131696 0.461309
0 0.333984 0.363467 0.244978 0.585565
1 0.875558 0.312872 0.227679 0.623512
0 0.382254 0.363467 0.203125 0.554315
0 0.570452 0.309617 0.412667 0.617374
0 0.976562 0.573661 0.0435267 0.192708
