3 0.296875 0.440476 0.0479911 0.129464
3 0.382254 0.444941 0.03125 0.0855655
3 0.37779 0.456845 0.0401786 0.09375
3 0.299107 0.459077 0.0602679 0.174107
3 0.337891 0.461682 0.0641741 0.107887
3 0.382254 0.46689 0.0340402 0.0855655
3 0.30692 0.457961 0.0909598 0.15253
3 0.318917 0.443452 0.0563616 0.0974702
3 0.382254 0.466518 0.0524554 0.12872
3 0.298549 0.419271 0.0424107 0.0877976
3 0.385882 0.441964 0.0323661 0.0669643
3 0.373047 0.487723 0.0418527 0.129464
0 0.297991 0.443824 0.0496652 0.122768
1 0.297991 0.443824 0.0496652 0.122768
3 0.319475 0.488839 0.107701 0.282738
2 0.299107 0.459077 0.0602679 0.174107
2 0.297991 0.443824 0.0496652 0.122768
0 0.337333 0.680804 0.190848 0.58631
3 0.387556 0.442708 0.0546875 0.125744
3 0.373326 0.489583 0.0597098 0.142113
1 0.299107 0.459077 0.0602679 0.174107
3 0.297154 0.460566 0.0892857 0.19494
3 0.288504 0.413691 0.0373884 0.0818453
3 0.375558 0.413318 0.0379464 0.101935
