2 0.943638 0.543527 0.103795 0.290179
3 0.941964 0.53683 0.0982142 0.232143
2 0.94308 0.609747 0.109375 0.450149
1 0.941406 0.662388 0.107143 0.532366
0 0.943638 0.700149 0.109375 0.565476
2 0.956473 0.533482 0.0669643 0.239583
0 0.943638 0.543527 0.103795 0.290179
1 0.943638 0.543527 0.103795 0.290179
2 0.929129 0.521949 0.141741 0.353423
3 0.931362 0.553943 0.111607 0.311756
0 0.691964 0.767113 0.0825893 0.346726
2 0.961496 0.554129 0.0647322 0.33817
1 0.923549 0.704055 0.145089 0.562128
3 0.954799 0.531994 0.0714286 0.289435
0 0.916574 0.700707 0.166853 0.586682
1 0.960938 0.707589 0.0736608 0.547619
0 0.931083 0.63244 0.137835 0.483631
1 0.691964 0.767113 0.0825893 0.346726
0 0.691964 0.790179 0.116071 0.386905
0 0.712054 0.758743 0.188616 0.434896
2 0.944197 0.515625 0.0881696 0.214286
