3 0.979353 0.579985 0.0379464 0.125
1 0.515625 0.55692 0.169643 0.49628
0 0.3893 0.344866 0.420061 0.639137
0 0.508929 0.520926 0.175223 0.53404
1 0.524972 0.576172 0.252511 0.585751
0 0.480469 0.458054 0.237723 0.606213
1 0.478934 0.458984 0.225167 0.628162
0 0.293597 0.33817 0.502093 0.676339
2 0.979911 0.579613 0.0379464 0.125744
1 0.392578 0.344215 0.435826 0.649368
1 0.979911 0.579613 0.0379464 0.125744
2 0.510184 0.520554 0.178292 0.564546
0 0.536133 0.543899 0.171038 0.465774
0 0.979911 0.579613 0.0379464 0.125744
0 0.443638 0.46875 0.154018 0.537202
0 0.524972 0.576172 0.252511 0.585751
3 0.979074 0.586682 0.0418527 0.172619
1 0.540179 0.506045 0.157366 0.47154
0 0.47433 0.346354 0.217634 0.592262
0 0.424107 0.421875 0.253348 0.502976
3 0.228795 0.56622 0.0435268 0.107143
2 0.478934 0.458984 0.225167 0.628162
1 0.569754 0.570126 0.217634 0.50558
1 0.409598 0.473307 0.107143 0.348028
0 0.409598 0.473307 0.107143 0.348028
1 0.443638 0.46875 0.154018 0.537202
3 0.215193 0.573661 0.0311105 0.0944941
0 0.416295 0.370071 0.177455 0.553013
3 0.230539 0.563988 0.0634766 0.167411
2 0.536133 0.543899 0.171038 0.465774
1 0.908482 0.351283 0.178572 0.626302
0 0.492467 0.407645 0.369978 0.592448
2 0.3893 0.344866 0.420061 0.639137
3 0.508929 0.520926 0.175223 0.53404
1 0.405134 0.508929 0.0809152 0.308036
0 0.414062 0.428571 0.140625 0.467262
1 0.405413 0.513765 0.0585938 0.228423
2 0.524972 0.576172 0.252511 0.585751
3 0.215053 0.537202 0.0347377 0.147321
1 0.424107 0.421875 0.253348 0.502976
3 0.225725 0.53497 0.0485491 0.160714
1 0.977679 0.575521 0.0446428 0.194196
3 0.215123 0.570685 0.0446429 0.133929
3 0.986328 0.591146 0.0273438 0.171131
1 0.492467 0.648438 0.157924 0.523066
3 0.973772 0.558036 0.0390625 0.158482
3 0.222377 0.575149 0.0357143 0.100446
2 0.977679 0.575521 0.0446428 0.194196
3 0.378697 0.343471 0.500419 0.667225
1 0.419085 0.49814 0.175223 0.375744
3 0.524972 0.576172 0.252511 0.585751
1 0.516183 0.530506 0.143973 0.304316
0 0.419085 0.49814 0.175223 0.375744
