3 0.298549 0.460565 0.0753348 0.174851
2 0.297712 0.459077 0.0731027 0.174107
3 0.469587 0.463914 0.0597098 0.135417
3 0.471819 0.476562 0.0876116 0.24628
3 0.48577 0.468378 0.0362723 0.105655
0 0.384905 0.670387 0.253627 0.614583
1 0.469727 0.463914 0.061663 0.138393
1 0.471819 0.476562 0.0876116 0.24628
1 0.301618 0.465402 0.0742188 0.184524
0 0.471819 0.476562 0.0876116 0.24628
0 0.301618 0.465402 0.0742188 0.184524
3 0.485212 0.469122 0.0418527 0.145089
0 0.469448 0.464658 0.0655692 0.140625
3 0.449219 0.481399 0.140625 0.235119
2 0.469727 0.463914 0.061663 0.138393
3 0.478655 0.480655 0.0482701 0.108631
0 0.337054 0.683222 0.228795 0.615699
1 0.384905 0.670387 0.253627 0.614583
2 0.471819 0.476562 0.0876116 0.24628
3 0.462054 0.481771 0.0580358 0.15997
3 0.441406 0.46689 0.0541295 0.12872
0 0.28683 0.662574 0.161272 0.625744
0 0.449219 0.481399 0.140625 0.235119
