3 0.978795 0.578497 0.0379465 0.127232
1 0.292411 0.547247 0.145647 0.475446
1 0.283761 0.589472 0.183036 0.606771
0 0.424665 0.345331 0.274554 0.603981
0 0.414132 0.326637 0.454102 0.646577
2 0.220424 0.530878 0.0641741 0.362351
2 0.264509 0.515067 0.117746 0.44308
2 0.287109 0.553385 0.142857 0.503348
0 0.443359 0.356399 0.173549 0.561756
0 0.22433 0.540923 0.0853795 0.392857
2 0.219657 0.525298 0.0567801 0.261905
1 0.220424 0.530878 0.0641741 0.362351
0 0.288225 0.55506 0.141183 0.488095
1 0.264509 0.515067 0.117746 0.44308
0 0.264509 0.515067 0.117746 0.44308
1 0.219657 0.525298 0.0567801 0.261905
1 0.443359 0.356399 0.173549 0.561756
1 0.425781 0.342634 0.282366 0.611607
2 0.979353 0.577753 0.0390625 0.127232
0 0.272042 0.611979 0.179129 0.593006
1 0.239467 0.607701 0.107003 0.522693
0 0.428292 0.431455 0.18471 0.452567
0 0.486886 0.336682 0.271763 0.613839
1 0.979353 0.578497 0.0379464 0.12128
3 0.978795 0.585194 0.0424107 0.165179
1 0.397321 0.495629 0.176339 0.388207
0 0.220424 0.520461 0.0647321 0.319196
0 0.239467 0.607701 0.107003 0.522693
0 0.979353 0.577753 0.0390625 0.127232
0 0.219866 0.499907 0.116629 0.458519
1 0.428292 0.431455 0.18471 0.452567
1 0.224958 0.56064 0.0584542 0.250744
2 0.218401 0.543155 0.114537 0.377976
2 0.224958 0.56064 0.0584542 0.250744
0 0.220982 0.620164 0.220424 0.537946
1 0.320033 0.59375 0.163504 0.534226
0 0.263393 0.668713 0.261719 0.573289
0 0.376395 0.33231 0.222656 0.573475
2 0.263881 0.608538 0.169782 0.599888
0 0.207938 0.633185 0.317383 0.580357
1 0.313895 0.495443 0.143415 0.424293
1 0.423549 0.464751 0.124442 0.38151
1 0.406599 0.324033 0.473633 0.644345
1 0.263393 0.668713 0.261719 0.573289
2 0.976562 0.575149 0.0435267 0.186756
3 0.288225 0.55506 0.141183 0.488095
1 0.319406 0.511812 0.219448 0.455543
0 0.328125 0.413411 0.265067 0.505022
3 0.220424 0.530878 0.0641741 0.362351
2 0.425781 0.342634 0.282366 0.611607
0 0.313616 0.527158 0.146205 0.432292
2 0.239467 0.607701 0.107003 0.522693
0 0.215751 0.603423 0.107561 0.433036
2 0.313616 0.527158 0.146205 0.432292
0 0.423549 0.464751 0.124442 0.38151
3 0.219657 0.525298 0.0567801 0.261905
1 0.976562 0.575149 0.0435267 0.186756
3 0.973214 0.55878 0.0390625 0.149554
1 0.244141 0.65067 0.168527 0.582589
0 0.319406 0.511812 0.219448 0.455543
1 0.218401 0.543155 0.114537 0.377976
0 0.401786 0.492188 0.183036 0.368304
0 0.275739 0.3125 0.446289 0.610863
0 0.268415 0.508278 0.216518 0.465588
1 0.280134 0.571243 0.126116 0.286086
1 0.385603 0.520647 0.123884 0.360491
2 0.406599 0.324033 0.473633 0.644345
0 0.189523 0.547991 0.259347 0.453125
1 0.270647 0.690476 0.166295 0.544643
2 0.428292 0.431455 0.18471 0.452567
3 0.283761 0.589472 0.183036 0.606771
3 0.412946 0.344959 0.332589 0.62407
3 0.264509 0.515067 0.117746 0.44308
0 0.545201 0.33417 0.198661 0.569754
3 0.215751 0.603423 0.107561 0.433036
1 0.377232 0.372489 0.177455 0.528832
3 0.986328 0.59003 0.0273438 0.1875
0 0.375558 0.4375 0.142299 0.458333
1 0.388811 0.495443 0.282645 0.430246
1 0.424107 0.511533 0.102679 0.234375
3 0.239467 0.607701 0.107003 0.522693
1 0.268415 0.508278 0.216518 0.465588
