1 0.176339 0.532552 0.131696 0.479539
3 0.979353 0.578125 0.0368304 0.125
0 0.393415 0.333705 0.361607 0.612351
0 0.316755 0.345982 0.444615 0.691964
2 0.175014 0.526693 0.125977 0.507626
0 0.176618 0.525856 0.128348 0.495908
1 0.396484 0.332589 0.376674 0.619048
0 0.442383 0.356399 0.176618 0.557292
2 0.979353 0.577753 0.0379464 0.125
1 0.979353 0.577753 0.0379464 0.125
0 0.241839 0.45452 0.230608 0.648996
1 0.442383 0.356399 0.176618 0.557292
1 0.208775 0.514695 0.235352 0.547991
0 0.979353 0.577753 0.0379464 0.125
0 0.484375 0.335938 0.264509 0.607887
1 0.322614 0.348586 0.476423 0.697173
0 0.262486 0.444847 0.339983 0.689174
3 0.979074 0.585566 0.0418527 0.180804
3 0.17606 0.530413 0.128348 0.474888
0 0.15046 0.501116 0.136579 0.587054
0 0.188895 0.514509 0.216518 0.533482
1 0.214844 0.522972 0.155692 0.537388
0 0.493025 0.332217 0.457031 0.664435
2 0.396484 0.332589 0.376674 0.619048
3 0.973772 0.557664 0.0379464 0.153274
1 0.178013 0.525298 0.116071 0.302827
3 0.376116 0.332496 0.428571 0.637091
1 0.241839 0.45452 0.230608 0.648996
1 0.158517 0.537295 0.200265 0.507254
2 0.335938 0.335379 0.544643 0.670759
2 0.979074 0.585566 0.0418527 0.180804
0 0.41769 0.413225 0.152902 0.466704
1 0.15046 0.501116 0.136579 0.587054
2 0.241839 0.45452 0.230608 0.648996
1 0.90904 0.349702 0.171875 0.620536
0 0.383929 0.361235 0.215402 0.564732
1 0.977958 0.574405 0.0440848 0.202381
2 0.14202 0.502604 0.130022 0.59003
1 0.41769 0.413225 0.152902 0.466704
3 0.987165 0.59003 0.0256696 0.145833
2 0.178013 0.525298 0.116071 0.302827
1 0.262486 0.444847 0.339983 0.689174
