1 0.0469448 0.545108 0.0908203 0.519903
3 0.978795 0.577009 0.0379465 0.12872
0 0.318708 0.333333 0.543387 0.662202
0 0.391741 0.333426 0.34933 0.608445
2 0.0475028 0.53497 0.0913784 0.505952
1 0.395508 0.332217 0.367467 0.612351
0 0.0486886 0.544829 0.0912388 0.50558
0 0.443638 0.352679 0.166295 0.563988
2 0.978795 0.576265 0.0390625 0.12872
1 0.443638 0.352679 0.166295 0.563988
1 0.978795 0.576265 0.0390625 0.12872
0 0.485073 0.333333 0.261998 0.616816
0 0.978795 0.576265 0.0390625 0.12872
1 0.311454 0.334821 0.484236 0.669643
3 0.978516 0.581473 0.0429688 0.177083
0 0.497768 0.331473 0.446429 0.662946
1 0.0474679 0.532738 0.0830776 0.303571
2 0.391741 0.333426 0.34933 0.608445
2 0.978516 0.581473 0.0429688 0.177083
3 0.97433 0.558036 0.0379464 0.154018
3 0.0475725 0.540086 0.0912388 0.482329
1 0.0491071 0.666295 0.0800781 0.439732
2 0.318569 0.331473 0.553711 0.662946
3 0.370117 0.331752 0.418248 0.632627
1 0.977121 0.572545 0.0446428 0.196429
0 0.199847 0.513579 0.147182 0.425223
0 0.33231 0.361979 0.25279 0.587798
0 0.419643 0.413318 0.137835 0.463542
3 0.231794 0.563244 0.0447824 0.110863
1 0.905692 0.345889 0.179688 0.62965
0 0.410156 0.314453 0.202009 0.56901
0 0.544782 0.333426 0.197266 0.572731
1 0.070452 0.684524 0.123047 0.441964
1 0.419643 0.413318 0.137835 0.463542
0 0.905692 0.345889 0.179688 0.62965
