2 0.0945522 0.467262 0.117257 0.258185
3 0.0916574 0.466146 0.11356 0.252232
3 0.579241 0.454241 0.0390625 0.119048
3 0.573661 0.465774 0.0424107 0.130208
3 0.569196 0.454241 0.0368304 0.0959822
1 0.0915179 0.466518 0.120815 0.255952
0 0.0915179 0.466518 0.120815 0.255952
3 0.107178 0.491443 0.0769392 0.210566
3 0.573661 0.467262 0.140625 0.328869
3 0.0738002 0.489583 0.0733817 0.193452
0 0.0597098 0.705357 0.113002 0.550595
3 0.0848214 0.483259 0.0666853 0.143601
3 0.0648717 0.476562 0.0585938 0.138393
1 0.578683 0.453869 0.0435268 0.113839
0 0.578683 0.453869 0.0435268 0.113839
2 0.077846 0.478795 0.109933 0.337054
2 0.0848214 0.483259 0.0666853 0.143601
2 0.105225 0.489583 0.0825195 0.208333
3 0.597098 0.464286 0.046875 0.106399
