0 0.0941685 0.664621 0.167132 0.667783
3 0.429967 0.470982 0.0340402 0.113839
3 0.112305 0.468378 0.0750558 0.227679
3 0.427455 0.452009 0.0351562 0.10119
3 0.431362 0.470982 0.0412947 0.148065
0 0.101283 0.575056 0.128906 0.550781
3 0.434152 0.472842 0.0507812 0.249256
3 0.435826 0.447173 0.0429688 0.116815
1 0.101283 0.575056 0.128906 0.550781
3 0.101423 0.572917 0.123605 0.584821
3 0.428571 0.496652 0.0273438 0.165179
2 0.101283 0.575056 0.128906 0.550781
2 0.115095 0.459449 0.0708705 0.205357
1 0.429967 0.470982 0.0340402 0.113839
1 0.431362 0.470982 0.0412947 0.148065
1 0.0941685 0.664621 0.167132 0.667783
3 0.440569 0.48298 0.0853795 0.403088
3 0.422433 0.492932 0.0256697 0.0892857
2 0.111189 0.473214 0.0867746 0.269345
0 0.451869 0.676339 0.126395 0.599702
1 0.434152 0.472842 0.0507812 0.249256
1 0.111189 0.473214 0.0867746 0.269345
0 0.431362 0.470982 0.0412947 0.148065
3 0.101179 0.517485 0.100656 0.354911
0 0.429967 0.470982 0.0340402 0.113839
0 0.440569 0.48298 0.0853795 0.403088
1 0.115095 0.459449 0.0708705 0.205357
3 0.100202 0.507441 0.0825195 0.230655
2 0.429967 0.470982 0.0340402 0.113839
1 0.440569 0.48298 0.0853795 0.403088
0 0.434152 0.472842 0.0507812 0.249256
3 0.4375 0.509673 0.0457589 0.206845
3 0.455078 0.495722 0.130022 0.46689
1 0.428571 0.496652 0.0273438 0.165179
2 0.0941685 0.664621 0.167132 0.667783
3 0.119978 0.471726 0.0507812 0.133184
2 0.116908 0.485026 0.121931 0.425781
