1 0.712612 0.552083 0.103795 0.394345
3 0.978795 0.578869 0.0379465 0.127232
0 0.390276 0.332217 0.367885 0.612351
0 0.334124 0.331752 0.541574 0.6609
2 0.71317 0.552083 0.104911 0.392857
1 0.393555 0.330729 0.384766 0.61756
0 0.442104 0.354539 0.171596 0.5625
2 0.979353 0.578125 0.0390625 0.127976
1 0.979353 0.578125 0.0390625 0.127976
3 0.977121 0.574033 0.0435267 0.183036
0 0.71317 0.554501 0.104911 0.399926
0 0.979353 0.578125 0.0390625 0.127976
1 0.442104 0.354539 0.171596 0.5625
1 0.333357 0.330357 0.552037 0.660714
0 0.482701 0.335938 0.264509 0.616816
2 0.977121 0.574033 0.0435267 0.183036
1 0.685268 0.563988 0.120536 0.376488
1 0.977121 0.574033 0.0435267 0.183036
2 0.390276 0.332217 0.367885 0.612351
3 0.71317 0.554501 0.104911 0.399926
3 0.228306 0.569568 0.0400391 0.100446
3 0.213379 0.575521 0.0297154 0.0915179
0 0.487165 0.331101 0.449777 0.662202
3 0.374023 0.330822 0.430525 0.632999
2 0.333357 0.330357 0.552037 0.660714
3 0.229911 0.566964 0.0613839 0.162946
3 0.986049 0.590402 0.0279017 0.174107
3 0.973772 0.56064 0.0379464 0.12872
3 0.213588 0.572545 0.0454799 0.133185
0 0.415737 0.41183 0.146763 0.465774
3 0.213449 0.536086 0.0357143 0.146577
1 0.877232 0.346354 0.217634 0.635417
0 0.977121 0.574033 0.0435267 0.183036
0 0.409598 0.315104 0.203125 0.564732
3 0.222098 0.578125 0.0323661 0.0952381
3 0.227121 0.53311 0.047433 0.162202
