3 0.979353 0.577753 0.0368304 0.127232
1 0.341518 0.544829 0.236607 0.657366
0 0.409459 0.357515 0.288225 0.634673
0 0.396694 0.332589 0.454381 0.64881
0 0.346261 0.525949 0.263393 0.62965
0 0.420061 0.368955 0.192243 0.580543
0 0.339076 0.388114 0.320731 0.650856
0 0.404715 0.466983 0.236328 0.634487
2 0.979353 0.577381 0.0379464 0.126488
0 0.287667 0.327753 0.417969 0.655506
0 0.374721 0.380952 0.191406 0.565476
0 0.490234 0.335938 0.294085 0.619792
1 0.413225 0.355655 0.297433 0.642857
1 0.979353 0.577381 0.0379464 0.126488
2 0.34933 0.52381 0.267857 0.645833
0 0.414342 0.527995 0.148996 0.552641
1 0.439174 0.357143 0.188616 0.573661
0 0.50279 0.332961 0.46875 0.665923
0 0.979353 0.577381 0.0379464 0.126488
0 0.461775 0.357515 0.194754 0.567708
1 0.324568 0.670015 0.289481 0.514137
1 0.391741 0.329985 0.489955 0.651042
3 0.978795 0.585566 0.0424107 0.183036
3 0.34096 0.548084 0.251116 0.659784
1 0.41183 0.549851 0.123326 0.535714
1 0.271833 0.697917 0.291155 0.459821
1 0.374721 0.380952 0.191406 0.565476
2 0.413225 0.355655 0.297433 0.642857
1 0.404715 0.466983 0.236328 0.634487
1 0.339076 0.388114 0.320731 0.650856
3 0.973772 0.558036 0.0379464 0.156994
0 0.435407 0.600074 0.199498 0.533482
2 0.978795 0.585566 0.0424107 0.183036
2 0.391741 0.329985 0.489955 0.651042
0 0.337054 0.398066 0.195871 0.544643
3 0.395926 0.35891 0.348772 0.664621
3 0.209054 0.566964 0.0601284 0.252976
0 0.271833 0.697917 0.291155 0.459821
1 0.436942 0.487165 0.185268 0.50186
0 0.570452 0.352679 0.294364 0.622024
3 0.986607 0.590402 0.0267857 0.194196
2 0.420061 0.368955 0.192243 0.580543
1 0.977679 0.573661 0.0446428 0.202381
0 0.546178 0.335193 0.197824 0.566964
0 0.30106 0.484003 0.194196 0.642113
