3 0.332589 0.471726 0.0585938 0.110119
3 0.372489 0.475074 0.0491071 0.102679
3 0.380859 0.475818 0.030692 0.0825893
3 0.32115 0.465402 0.0329241 0.0870536
3 0.348493 0.473958 0.109375 0.119048
3 0.324219 0.481771 0.0407366 0.0989583
1 0.381138 0.47433 0.0418527 0.0877976
0 0.381138 0.47433 0.0418527 0.0877976
0 0.371652 0.47433 0.0507812 0.104167
0 0.32952 0.470238 0.046317 0.104911
1 0.32952 0.470238 0.046317 0.104911
3 0.387835 0.489583 0.0362723 0.0796131
3 0.387277 0.460193 0.0290178 0.0691964
1 0.371652 0.47433 0.0507812 0.104167
0 0.344308 0.475074 0.0809152 0.111607
1 0.339286 0.480655 0.061942 0.105655
3 0.474051 0.237723 0.0117188 0.0390625
3 0.38923 0.489583 0.0580357 0.129464
2 0.32952 0.470238 0.046317 0.104911
