0 0.574777 0.677827 0.227679 0.590774
1 0.564732 0.676711 0.246652 0.576637
3 0.370536 0.495536 0.0396205 0.0736607
3 0.369978 0.499256 0.0385045 0.115327
3 0.363839 0.525298 0.0418527 0.125744
0 0.532366 0.678757 0.191964 0.565104
3 0.371094 0.500744 0.0535714 0.252976
1 0.364955 0.672061 0.0864955 0.533854
2 0.564732 0.676711 0.246652 0.576637
3 0.373605 0.522321 0.0485491 0.0892857
3 0.359375 0.489955 0.0334821 0.0699405
3 0.370257 0.563244 0.0491071 0.200893
3 0.564732 0.676711 0.246652 0.576637
0 0.518276 0.673363 0.289342 0.60119
3 0.370257 0.568266 0.0641741 0.351562
1 0.374721 0.691406 0.139509 0.563616
3 0.359933 0.494048 0.0368304 0.118304
0 0.359375 0.652344 0.139509 0.641741
0 0.364955 0.672061 0.0864955 0.533854
3 0.389509 0.528274 0.0351562 0.0758928
3 0.385882 0.53125 0.0463169 0.133929
