3 0.979353 0.578869 0.0379464 0.12872
1 0.387835 0.551525 0.226562 0.617188
0 0.393136 0.534226 0.260603 0.645833
0 0.324498 0.335938 0.496094 0.671875
0 0.441825 0.389044 0.256975 0.616257
0 0.381836 0.389974 0.336775 0.639695
0 0.451451 0.463914 0.180804 0.618304
2 0.979353 0.577753 0.0379464 0.127232
0 0.404297 0.34375 0.203683 0.571429
1 0.979353 0.578497 0.0368304 0.12128
0 0.433594 0.335286 0.465402 0.661272
2 0.393276 0.534319 0.240234 0.6516
0 0.979353 0.577753 0.0379464 0.127232
1 0.446847 0.538876 0.179967 0.571057
3 0.978795 0.585566 0.0424107 0.177827
0 0.483259 0.431548 0.131696 0.532738
3 0.393136 0.534226 0.260603 0.645833
0 0.351493 0.487909 0.379604 0.717634
0 0.479353 0.517671 0.101563 0.547991
0 0.372768 0.387649 0.177455 0.558036
0 0.408761 0.448475 0.176339 0.522693
1 0.441825 0.389044 0.256975 0.616257
1 0.321498 0.336496 0.53111 0.672991
0 0.486049 0.367188 0.219866 0.610119
2 0.978795 0.585566 0.0424107 0.177827
0 0.248047 0.705357 0.381696 0.556548
3 0.212542 0.528646 0.0369699 0.164435
1 0.479911 0.541295 0.0881696 0.514137
0 0.339844 0.342634 0.219308 0.595238
1 0.381836 0.389974 0.336775 0.639695
2 0.451451 0.463914 0.180804 0.618304
3 0.225167 0.561756 0.0457589 0.120536
0 0.257185 0.51051 0.195452 0.499814
3 0.211775 0.565104 0.0334821 0.106399
3 0.973772 0.55878 0.0390625 0.15625
0 0.214914 0.521205 0.130999 0.384673
0 0.404855 0.388021 0.135045 0.248512
1 0.977679 0.575521 0.0446428 0.200149
1 0.905692 0.350539 0.180804 0.629278
3 0.226353 0.561012 0.0751953 0.248512
0 0.905692 0.350539 0.180804 0.629278
0 0.259277 0.594866 0.226981 0.506696
