1 0.686384 0.558966 0.147321 0.405878
3 0.978795 0.577009 0.0379465 0.130208
0 0.395926 0.332496 0.342076 0.605841
0 0.330776 0.332217 0.528181 0.664435
1 0.400391 0.33231 0.358817 0.609189
0 0.443917 0.353051 0.165737 0.559524
2 0.978795 0.577009 0.0390625 0.12872
2 0.689732 0.558036 0.140625 0.403274
1 0.443917 0.353051 0.165737 0.559524
1 0.978795 0.575893 0.0390625 0.130208
0 0.978795 0.575893 0.0390625 0.130208
3 0.978516 0.584077 0.0429688 0.183036
0 0.689732 0.558036 0.140625 0.403274
1 0.319545 0.334077 0.432338 0.668155
0 0.484933 0.335193 0.247768 0.613095
1 0.664062 0.561756 0.231027 0.458333
2 0.400391 0.33231 0.358817 0.609189
2 0.977121 0.573289 0.0435267 0.195684
3 0.686384 0.559524 0.147321 0.404762
0 0.490792 0.330357 0.439174 0.660714
0 0.906808 0.34561 0.175223 0.634673
3 0.375349 0.331101 0.413365 0.631696
1 0.977121 0.573289 0.0435267 0.195684
3 0.973772 0.558408 0.0379464 0.159226
2 0.32952 0.331101 0.541853 0.662202
1 0.715402 0.582403 0.227679 0.484003
3 0.210938 0.575521 0.0267857 0.0833333
0 0.408203 0.313244 0.203683 0.571429
3 0.229632 0.569941 0.0357143 0.0922619
0 0.419643 0.411458 0.140067 0.465774
1 0.906808 0.34561 0.175223 0.634673
0 0.335379 0.362351 0.241629 0.581845
0 0.664062 0.561756 0.231027 0.458333
1 0.704241 0.567708 0.136161 0.297619
