3 0.656808 0.459077 0.0926339 0.201637
2 0.656808 0.459821 0.0970982 0.193452
0 0.515625 0.708519 0.120536 0.559152
1 0.513951 0.69122 0.106027 0.549107
3 0.512416 0.509673 0.0890067 0.145833
1 0.657924 0.459449 0.0926339 0.198661
2 0.511161 0.548921 0.102679 0.284598
0 0.65904 0.463542 0.0959821 0.214286
3 0.514648 0.518229 0.125837 0.203125
2 0.511719 0.515997 0.135045 0.212054
2 0.512835 0.688988 0.114955 0.517857
1 0.511161 0.548921 0.102679 0.284598
2 0.512835 0.510417 0.0982142 0.167411
1 0.512835 0.510417 0.0982142 0.167411
0 0.510045 0.553385 0.109375 0.28311
1 0.512974 0.619234 0.0923549 0.383557
1 0.511719 0.515997 0.135045 0.212054
0 0.512835 0.510417 0.0982142 0.167411
3 0.651228 0.46317 0.0703125 0.154762
3 0.526367 0.515253 0.062221 0.126488
0 0.511719 0.515997 0.135045 0.212054
3 0.512695 0.542411 0.092913 0.27381
3 0.513951 0.69122 0.106027 0.549107
3 0.669643 0.462798 0.0647322 0.150298
3 0.512974 0.619234 0.0923549 0.383557
