1 0.487165 0.561384 0.199777 0.505208
3 0.978795 0.580357 0.0379465 0.125744
0 0.324916 0.334077 0.575614 0.668155
0 0.483119 0.550874 0.229074 0.53218
0 0.436663 0.395647 0.348772 0.616443
2 0.978795 0.580357 0.0390625 0.125
1 0.469866 0.51051 0.276786 0.595052
1 0.427595 0.52074 0.178292 0.454055
3 0.978516 0.586682 0.0429688 0.161458
1 0.979353 0.579613 0.0390625 0.127232
0 0.408343 0.454148 0.251395 0.55599
0 0.427595 0.52074 0.178292 0.454055
0 0.979353 0.579613 0.0390625 0.127232
2 0.483119 0.550874 0.229074 0.53218
0 0.438198 0.515346 0.317801 0.519903
0 0.420061 0.334821 0.465681 0.618304
3 0.483119 0.550874 0.229074 0.53218
2 0.977121 0.576265 0.0435267 0.186012
1 0.321359 0.346726 0.519113 0.693452
1 0.977121 0.576265 0.0435267 0.186012
0 0.38644 0.480841 0.145647 0.44308
0 0.389509 0.520833 0.103795 0.397321
0 0.413504 0.379836 0.198661 0.574405
1 0.412109 0.555804 0.132254 0.433036
3 0.228795 0.565848 0.0446429 0.107143
0 0.48005 0.346354 0.219587 0.561756
3 0.214146 0.573289 0.0337612 0.0959821
1 0.408343 0.454148 0.251395 0.55599
3 0.215332 0.534598 0.0397601 0.154018
3 0.986049 0.591518 0.0279017 0.173363
1 0.389509 0.520833 0.103795 0.397321
3 0.230539 0.563244 0.0690569 0.178571
3 0.973214 0.55878 0.0390625 0.15625
1 0.910156 0.346726 0.175223 0.635417
2 0.427595 0.52074 0.178292 0.454055
3 0.226842 0.532366 0.0530134 0.165923
0 0.910156 0.346726 0.175223 0.635417
1 0.526228 0.566034 0.195313 0.481027
0 0.38923 0.524182 0.0742188 0.231399
0 0.977121 0.576265 0.0435267 0.186012
1 0.38923 0.524182 0.0742188 0.231399
0 0.269601 0.72247 0.43178 0.532738
0 0.412109 0.555804 0.132254 0.433036
2 0.324916 0.334077 0.575614 0.668155
3 0.214007 0.569941 0.0530134 0.142857
