2 0.0730678 0.46131 0.132882 0.295387
2 0.655134 0.429222 0.118304 0.437686
1 0.0722656 0.458705 0.133092 0.291667
1 0.654576 0.429316 0.120536 0.411458
0 0.0759975 0.469494 0.132045 0.318452
0 0.648438 0.438337 0.139509 0.428385
1 0.670201 0.400298 0.0870536 0.443452
2 0.657924 0.428943 0.0982143 0.301339
1 0.65904 0.493304 0.0881696 0.419643
1 0.669085 0.492746 0.100446 0.535342
0 0.0983538 0.644345 0.171596 0.61756
3 0.0732422 0.461682 0.134766 0.299107
3 0.639509 0.420015 0.128348 0.377976
1 0.661272 0.458333 0.0837053 0.268601
2 0.669085 0.492746 0.100446 0.535342
0 0.669085 0.492746 0.100446 0.535342
2 0.638393 0.396112 0.116071 0.295573
2 0.65904 0.493304 0.0881696 0.419643
0 0.65904 0.493304 0.0881696 0.419643
2 0.670759 0.452846 0.0725446 0.393415
0 0.550363 0.469959 0.38365 0.634487
0 0.648438 0.624721 0.179688 0.664249
3 0.65904 0.493304 0.0881696 0.419643
2 0.671875 0.457217 0.0613839 0.269345
2 0.659598 0.49256 0.0758929 0.227679
1 0.671317 0.428571 0.0725446 0.296131
0 0.686384 0.624814 0.15625 0.672991
3 0.659598 0.49256 0.0758929 0.227679
1 0.65625 0.40253 0.101562 0.296875
0 0.669085 0.423363 0.0825892 0.412946
1 0.676897 0.496931 0.0680803 0.430246
1 0.0966797 0.644345 0.152623 0.626488
1 0.68471 0.443638 0.104911 0.553199
2 0.0971331 0.459821 0.0819615 0.25
1 0.608817 0.445592 0.258929 0.480841
2 0.611607 0.393136 0.169643 0.40718
0 0.608817 0.445592 0.258929 0.480841
2 0.0965402 0.479167 0.0744978 0.147321
0 0.563058 0.39881 0.305804 0.509673
3 0.669085 0.423363 0.0825892 0.412946
2 0.68471 0.443638 0.104911 0.553199
1 0.550363 0.469959 0.38365 0.634487
