0 0.90346 0.598772 0.184152 0.77567
0 0.901228 0.393229 0.183036 0.768601
0 0.314523 0.334542 0.449079 0.665737
0 0.857143 0.605655 0.283482 0.78869
0 0.927455 0.653646 0.133929 0.658482
0 0.441546 0.350911 0.172712 0.583891
0 0.861049 0.339007 0.24442 0.66276
0 0.426897 0.334821 0.258929 0.616816
1 0.38365 0.333984 0.356585 0.625186
1 0.441546 0.350911 0.172712 0.583891
1 0.901228 0.393229 0.183036 0.768601
1 0.886719 0.599702 0.226562 0.775298
1 0.322196 0.331473 0.530831 0.662946
0 0.416016 0.328497 0.400112 0.651786
3 0.232352 0.568824 0.0425502 0.104167
0 0.772879 0.331473 0.398438 0.662946
2 0.901228 0.394531 0.185268 0.761533
0 0.852679 0.440476 0.289062 0.845238
1 0.907924 0.65067 0.164063 0.667411
3 0.214007 0.575149 0.0329241 0.09375
2 0.902902 0.598958 0.185268 0.775298
2 0.314453 0.335379 0.469308 0.670759
3 0.234375 0.566592 0.063058 0.168899
3 0.884487 0.342541 0.231027 0.678013
0 0.483956 0.347005 0.2274 0.603609
3 0.886719 0.599702 0.226562 0.775298
3 0.314453 0.335379 0.469308 0.670759
3 0.213588 0.536086 0.0421317 0.148065
0 0.780692 0.629185 0.390625 0.702939
0 0.418806 0.410435 0.15625 0.491629
0 0.811942 0.33417 0.233259 0.641183
3 0.225446 0.577753 0.0345982 0.094494
0 0.333984 0.358631 0.261161 0.59003
0 0.926897 0.476935 0.137277 0.666667
3 0.213518 0.571801 0.0484096 0.127232
3 0.228864 0.536086 0.0511998 0.153274
3 0.216797 0.592634 0.0329241 0.0706846
3 0.231585 0.592262 0.0412946 0.0885417
