1 0.736607 0.427176 0.214286 0.718564
0 0.72433 0.599702 0.262277 0.787202
3 0.978795 0.580357 0.0390625 0.127232
0 0.400949 0.334542 0.34654 0.609189
0 0.736607 0.4734 0.227679 0.791295
0 0.320312 0.332217 0.540179 0.663691
0 0.671317 0.65997 0.397321 0.68006
0 0.444475 0.353795 0.162388 0.563244
1 0.405273 0.333333 0.36356 0.613839
1 0.723772 0.601377 0.273438 0.785342
3 0.978516 0.58631 0.0429688 0.172619
2 0.978795 0.579613 0.0401785 0.127976
1 0.444475 0.353795 0.162388 0.563244
1 0.978795 0.579613 0.0401785 0.127976
2 0.737723 0.425781 0.22433 0.719866
0 0.978795 0.579613 0.0401785 0.127976
1 0.311872 0.334821 0.47447 0.669643
3 0.737723 0.425781 0.22433 0.719866
1 0.918527 0.348586 0.158482 0.630952
2 0.723772 0.601377 0.273438 0.785342
1 0.976562 0.575521 0.0435267 0.190476
2 0.976562 0.575521 0.0435267 0.190476
0 0.487444 0.337426 0.241629 0.607143
3 0.723772 0.601377 0.273438 0.785342
0 0.918527 0.348586 0.158482 0.630952
2 0.400949 0.334542 0.34654 0.609189
1 0.668527 0.660156 0.402902 0.679688
0 0.557478 0.715774 0.475446 0.511905
3 0.214286 0.531994 0.0362723 0.15997
2 0.320801 0.331101 0.550363 0.662202
3 0.376674 0.332868 0.420759 0.633371
3 0.973772 0.557664 0.0390625 0.167411
3 0.226353 0.565104 0.0422712 0.109375
3 0.21317 0.56808 0.0345982 0.105655
1 0.748884 0.653646 0.209821 0.662946
3 0.223214 0.529762 0.046875 0.170387
3 0.986049 0.591518 0.0279017 0.183036
0 0.419085 0.412295 0.140067 0.477493
0 0.976562 0.575521 0.0435267 0.190476
0 0.382533 0.362351 0.210379 0.563244
0 0.334542 0.360119 0.25279 0.587798
3 0.227748 0.5625 0.0651507 0.190476
0 0.410714 0.314732 0.191964 0.564732
0 0.591099 0.386254 0.188337 0.629278
0 0.484933 0.331473 0.426339 0.662946
