3 0.262835 0.480655 0.0452009 0.0915179
3 0.404018 0.478423 0.0351562 0.0855655
1 0.403181 0.482515 0.0368304 0.0922619
1 0.263114 0.483259 0.046317 0.0959821
0 0.263114 0.483259 0.046317 0.0959821
3 0.405134 0.490327 0.0602679 0.140625
3 0.412946 0.478051 0.0334821 0.0766369
0 0.404018 0.476191 0.0357143 0.0840774
3 0.414621 0.493304 0.0876116 0.237351
3 0.399275 0.487351 0.0340402 0.0870536
3 0.25558 0.466146 0.0373884 0.0699405
3 0.398996 0.462426 0.0267857 0.0699405
2 0.403181 0.482515 0.0368304 0.0922619
0 0.259766 0.707589 0.118304 0.556548
2 0.263114 0.483259 0.046317 0.0959821
