3 0.561942 0.444568 0.0669643 0.18378
3 0.560268 0.444941 0.0926339 0.209077
2 0.560268 0.444941 0.0926339 0.209077
3 0.548549 0.439732 0.0602678 0.159226
0 0.560268 0.444941 0.0926339 0.209077
1 0.560268 0.444941 0.0926339 0.209077
2 0.561942 0.444568 0.0669643 0.18378
3 0.573103 0.457961 0.0513393 0.146577
3 0.546875 0.435268 0.0412946 0.138393
3 0.554688 0.422619 0.0479911 0.146577
0 0.560826 0.448289 0.0680804 0.18378
1 0.560826 0.448289 0.0680804 0.18378
3 0.595982 0.459449 0.0424107 0.127976
