1 0.398438 0.506696 0.152344 0.556548
2 0.398438 0.513951 0.149554 0.611979
0 0.400391 0.576451 0.163504 0.603051
0 0.413783 0.49628 0.195871 0.56994
0 0.530134 0.45359 0.353795 0.634487
1 0.45173 0.490513 0.281808 0.605283
3 0.398158 0.513858 0.149554 0.583891
0 0.388393 0.667969 0.206473 0.586682
1 0.403739 0.521205 0.131138 0.298363
2 0.419643 0.521856 0.134487 0.520275
1 0.422154 0.496931 0.140625 0.489769
1 0.404576 0.640253 0.132813 0.572173
2 0.403739 0.521205 0.131138 0.298363
0 0.419643 0.521856 0.134487 0.520275
1 0.424107 0.55013 0.105469 0.492001
0 0.543108 0.376488 0.474051 0.599702
1 0.530134 0.45359 0.353795 0.634487
0 0.389788 0.464193 0.142299 0.483817
0 0.35519 0.606027 0.277344 0.697173
1 0.393415 0.585193 0.212054 0.610863
