3 0.979353 0.579613 0.0379464 0.125744
1 0.0666504 0.596912 0.132882 0.728795
0 0.389648 0.33231 0.359096 0.609189
0 0.322545 0.331194 0.553571 0.654576
0 0.0768694 0.599609 0.153739 0.727865
1 0.393415 0.331101 0.377232 0.612351
2 0.0619768 0.556176 0.117118 0.609375
0 0.442801 0.353051 0.170201 0.563988
0 0.0619768 0.556176 0.117118 0.609375
2 0.979353 0.578869 0.0390625 0.125744
1 0.979353 0.578869 0.0390625 0.125744
0 0.483538 0.334821 0.258371 0.610119
1 0.442801 0.353051 0.170201 0.563988
0 0.979353 0.578869 0.0390625 0.125744
3 0.977121 0.575893 0.0435267 0.1875
1 0.311872 0.333333 0.501256 0.666667
0 0.186663 0.530227 0.202567 0.525856
0 0.178571 0.619048 0.357143 0.613095
1 0.111468 0.601749 0.222935 0.728051
0 0.10519 0.570592 0.17327 0.607329
0 0.169678 0.610491 0.242118 0.55878
0 0.491071 0.331473 0.436384 0.662946
2 0.977121 0.575893 0.0435267 0.1875
2 0.389648 0.33231 0.359096 0.609189
1 0.977121 0.575893 0.0435267 0.1875
3 0.062779 0.587519 0.121931 0.676153
1 0.0885882 0.666295 0.177176 0.616815
2 0.322475 0.328869 0.564872 0.65625
1 0.0479911 0.545852 0.0898438 0.609189
3 0.370675 0.330636 0.42606 0.630394
2 0.0768694 0.599609 0.153739 0.727865
1 0.0400042 0.6516 0.0681501 0.631324
3 0.986049 0.591146 0.0279017 0.177827
0 0.0609654 0.681548 0.119141 0.605655
3 0.97433 0.559896 0.0368304 0.127232
0 0.410296 0.315476 0.210658 0.572173
0 0.544085 0.334077 0.190848 0.568452
3 0.228795 0.567336 0.0424107 0.104167
0 0.417969 0.411365 0.147321 0.468936
1 0.107422 0.542411 0.179408 0.587798
