0 0.36649 0.598028 0.302734 0.765253
0 0.351493 0.447917 0.315988 0.808036
0 0.394671 0.339472 0.456194 0.678943
1 0.359236 0.583333 0.310547 0.744048
0 0.353795 0.686756 0.236607 0.569941
2 0.354911 0.583426 0.299107 0.731957
0 0.322266 0.339937 0.242746 0.65346
0 0.297154 0.656622 0.160714 0.524554
1 0.386998 0.65811 0.241629 0.655506
1 0.394671 0.339472 0.456194 0.678943
3 0.359236 0.583333 0.310547 0.744048
0 0.294992 0.58231 0.226981 0.613653
1 0.348842 0.342634 0.28111 0.65625
2 0.352818 0.449033 0.330078 0.838542
1 0.274833 0.546131 0.148438 0.568452
2 0.394671 0.339472 0.456194 0.678943
0 0.271833 0.671503 0.336914 0.543899
1 0.27567 0.651042 0.123884 0.465774
0 0.440569 0.461031 0.34096 0.752046
3 0.394671 0.339472 0.456194 0.678943
0 0.416295 0.6609 0.320313 0.678199
1 0.294992 0.58231 0.226981 0.613653
