1 0.771205 0.551153 0.101562 0.356027
3 0.979353 0.580729 0.0390625 0.12872
0 0.390276 0.332496 0.370117 0.613281
0 0.336565 0.330729 0.532227 0.661458
2 0.770647 0.550223 0.0970982 0.354911
1 0.393415 0.331101 0.383929 0.617559
0 0.442801 0.35426 0.171317 0.559338
2 0.979353 0.579613 0.0390625 0.127976
1 0.979353 0.579613 0.0390625 0.127976
0 0.484096 0.336775 0.262835 0.609189
3 0.978795 0.585938 0.0424107 0.174851
0 0.979353 0.579613 0.0390625 0.127976
0 0.770647 0.551339 0.0970982 0.358631
1 0.442801 0.35426 0.171317 0.559338
3 0.769531 0.549851 0.0959821 0.354167
0 0.489676 0.331101 0.439174 0.662202
2 0.374023 0.331008 0.430525 0.634115
3 0.229074 0.569196 0.0418527 0.101935
3 0.374023 0.331008 0.430525 0.634115
2 0.977679 0.576637 0.0435268 0.194196
3 0.213797 0.575893 0.0305525 0.0907738
1 0.977679 0.576637 0.0435268 0.194196
3 0.230748 0.56622 0.063058 0.161458
0 0.876116 0.34933 0.234375 0.633929
3 0.2274 0.533482 0.0496652 0.167411
3 0.986328 0.591146 0.0273438 0.181548
0 0.336775 0.359003 0.258371 0.584821
0 0.415737 0.414062 0.147321 0.458333
3 0.214565 0.535714 0.0362723 0.151042
0 0.410435 0.312965 0.204799 0.566034
0 0.543527 0.335565 0.19308 0.572173
3 0.222866 0.578125 0.0352957 0.0952381
3 0.214076 0.572917 0.0461775 0.136161
1 0.876116 0.34933 0.234375 0.633929
