1 0.657924 0.468006 0.154018 0.577381
2 0.658482 0.430804 0.149554 0.483631
0 0.652902 0.603795 0.16183 0.704613
0 0.65904 0.421038 0.146205 0.483817
1 0.652902 0.603795 0.16183 0.704613
0 0.639509 0.608538 0.243304 0.745722
3 0.658482 0.468285 0.154018 0.557478
2 0.667969 0.517764 0.146205 0.586496
2 0.652902 0.603795 0.16183 0.704613
0 0.627232 0.661644 0.100446 0.614211
0 0.526228 0.481678 0.383929 0.725632
0 0.553153 0.47926 0.265346 0.681362
1 0.632254 0.556455 0.228795 0.695127
0 0.68471 0.658482 0.18192 0.613095
0 0.664621 0.470796 0.202009 0.567336
