3 0.371373 0.4375 0.0435268 0.10119
3 0.361886 0.436756 0.0279018 0.0974703
3 0.37779 0.450893 0.0502232 0.104911
3 0.381696 0.452753 0.0608259 0.171875
3 0.363281 0.460566 0.0256696 0.0833334
3 0.397042 0.44122 0.0719866 0.101935
3 0.398438 0.441964 0.0920759 0.197917
0 0.435128 0.674851 0.206752 0.602679
3 0.36356 0.463542 0.0345982 0.119792
3 0.404018 0.460566 0.0837054 0.114583
1 0.381696 0.452753 0.0608259 0.171875
3 0.405413 0.460565 0.109375 0.264881
3 0.366908 0.417411 0.0385045 0.0788691
1 0.374442 0.438988 0.0507812 0.110863
3 0.35519 0.412202 0.0273438 0.0699405
3 0.35519 0.412946 0.030692 0.0997024
0 0.374442 0.438988 0.0507812 0.110863
3 0.397042 0.455357 0.0574777 0.0989584
3 0.381417 0.467262 0.0870536 0.325149
0 0.381696 0.452753 0.0608259 0.171875
0 0.467076 0.657738 0.322545 0.684524
3 0.410156 0.479632 0.154576 0.400856
1 0.36356 0.4375 0.0262277 0.0855655
1 0.398438 0.441964 0.0920759 0.197917
