2 0.665179 0.450428 0.112723 0.39974
2 0.0633371 0.460566 0.122768 0.375
1 0.0626395 0.453497 0.121652 0.340774
0 0.0703823 0.637835 0.140765 0.694568
1 0.0636858 0.481027 0.127372 0.511161
0 0.0643136 0.467262 0.125558 0.373512
1 0.664062 0.429316 0.111607 0.390625
0 0.661272 0.456752 0.112723 0.430246
3 0.663504 0.434524 0.108259 0.392113
1 0.0625 0.608817 0.117746 0.621652
2 0.0699637 0.502046 0.12793 0.534598
2 0.663504 0.495536 0.101563 0.254464
3 0.0633371 0.460566 0.122768 0.375
2 0.643415 0.470517 0.109375 0.429502
0 0.0699637 0.502046 0.12793 0.534598
1 0.0809849 0.631324 0.16197 0.695685
2 0.648438 0.400577 0.128348 0.410156
0 0.110631 0.64016 0.221261 0.71224
3 0.643415 0.470517 0.109375 0.429502
0 0.640067 0.407738 0.174107 0.436756
2 0.668527 0.434989 0.0904018 0.301153
1 0.643415 0.470517 0.109375 0.429502
3 0.663504 0.495536 0.101563 0.254464
0 0.666853 0.598586 0.147321 0.567708
2 0.651786 0.506231 0.147321 0.49349
2 0.640625 0.47619 0.0848214 0.264881
2 0.68471 0.443824 0.139509 0.509673
2 0.0703823 0.637835 0.140765 0.694568
