3 0.978795 0.576265 0.0368303 0.130208
1 0.326451 0.542039 0.152902 0.454613
0 0.425223 0.363839 0.238839 0.585566
1 0.323103 0.586682 0.208147 0.582589
0 0.405273 0.328218 0.448382 0.650112
0 0.39202 0.467355 0.15346 0.426897
0 0.328683 0.527158 0.147879 0.423363
0 0.424107 0.377511 0.147321 0.55599
2 0.328125 0.534226 0.142857 0.430059
1 0.401507 0.470517 0.140625 0.43843
0 0.417969 0.476935 0.112165 0.399554
1 0.444336 0.361979 0.169364 0.567708
2 0.979353 0.575893 0.0379464 0.129464
1 0.357701 0.521856 0.243862 0.43099
1 0.372768 0.522507 0.123326 0.371652
0 0.485352 0.338449 0.294922 0.625186
2 0.401507 0.470517 0.140625 0.43843
1 0.979353 0.575893 0.0379464 0.129464
0 0.357701 0.521856 0.243862 0.43099
1 0.418806 0.513021 0.0998884 0.356399
0 0.392578 0.462612 0.256138 0.479539
0 0.274135 0.324777 0.469587 0.649554
0 0.323103 0.586682 0.208147 0.582589
0 0.979353 0.575893 0.0379464 0.129464
0 0.295829 0.635789 0.315709 0.634673
0 0.498884 0.334821 0.467634 0.669643
1 0.439453 0.341518 0.292969 0.619792
0 0.372768 0.522507 0.123326 0.371652
1 0.421317 0.429967 0.132254 0.482329
3 0.978795 0.581845 0.0424107 0.1875
1 0.419364 0.515253 0.0887277 0.244792
1 0.329241 0.521577 0.132812 0.300595
2 0.372768 0.522507 0.123326 0.371652
1 0.295829 0.635789 0.315709 0.634673
1 0.357143 0.609375 0.328125 0.544643
1 0.392578 0.462612 0.256138 0.479539
0 0.296317 0.49721 0.171317 0.520461
0 0.331473 0.412202 0.27567 0.512649
3 0.97433 0.557664 0.0379464 0.156994
3 0.326451 0.542039 0.152902 0.454613
0 0.435407 0.479818 0.173828 0.40346
1 0.37779 0.519717 0.101004 0.267857
2 0.428432 0.357794 0.243583 0.599888
1 0.400739 0.326079 0.493164 0.652158
0 0.377232 0.338914 0.178571 0.542411
0 0.332868 0.404018 0.383371 0.572173
0 0.357143 0.609375 0.328125 0.544643
0 0.216518 0.723214 0.401786 0.550595
2 0.977679 0.571801 0.0446428 0.200893
0 0.41769 0.485119 0.0993304 0.276042
0 0.369978 0.392857 0.128348 0.491071
2 0.323103 0.586682 0.208147 0.582589
0 0.2101 0.635789 0.226004 0.517113
1 0.435407 0.479818 0.173828 0.40346
2 0.37779 0.519717 0.101004 0.267857
2 0.357701 0.521856 0.243862 0.43099
2 0.418806 0.513021 0.0998884 0.356399
0 0.211217 0.531436 0.138951 0.44308
1 0.317243 0.565104 0.141183 0.289435
1 0.289062 0.578125 0.148996 0.511905
1 0.359654 0.488839 0.101004 0.279018
1 0.977679 0.571801 0.0446428 0.200893
2 0.329241 0.521577 0.132812 0.300595
3 0.401507 0.470517 0.140625 0.43843
0 0.463728 0.40439 0.141741 0.49256
0 0.263114 0.389509 0.265067 0.604911
0 0.418806 0.542411 0.0898438 0.333333
0 0.285993 0.489397 0.274554 0.55692
2 0.419364 0.515253 0.0887277 0.244792
1 0.373047 0.594494 0.152902 0.46131
