3 0.979353 0.578125 0.0368304 0.126488
1 0.61942 0.559338 0.149554 0.384301
0 0.399135 0.332868 0.355748 0.605097
0 0.326242 0.332217 0.545061 0.663691
1 0.40346 0.331845 0.373884 0.607887
0 0.444336 0.354167 0.167132 0.563244
0 0.616071 0.558408 0.145089 0.399554
2 0.979353 0.577753 0.0379464 0.125744
2 0.621094 0.560268 0.143973 0.391369
1 0.444336 0.354167 0.167132 0.563244
1 0.979353 0.578125 0.0368304 0.120536
0 0.489955 0.34747 0.28125 0.616816
0 0.979353 0.577381 0.0379464 0.126488
0 0.493583 0.330357 0.454799 0.660714
1 0.326242 0.330729 0.558454 0.661458
3 0.978516 0.58631 0.0429688 0.1875
0 0.501674 0.421131 0.164062 0.50372
1 0.501674 0.421131 0.164062 0.50372
2 0.399135 0.332868 0.355748 0.605097
3 0.621094 0.560268 0.143973 0.391369
1 0.635045 0.563802 0.129464 0.295015
1 0.583705 0.53125 0.233259 0.427083
0 0.572545 0.384673 0.233259 0.532738
2 0.978516 0.58631 0.0429688 0.1875
3 0.379325 0.331566 0.426618 0.63151
2 0.326242 0.330729 0.558454 0.661458
0 0.583705 0.53125 0.233259 0.427083
3 0.97433 0.558036 0.0379464 0.15625
0 0.419085 0.4149 0.136719 0.449963
3 0.231236 0.56808 0.0397601 0.10119
1 0.467494 0.407366 0.140904 0.488839
3 0.213658 0.573661 0.0308315 0.0922619
2 0.635045 0.563802 0.129464 0.295015
0 0.576451 0.379929 0.361607 0.59282
1 0.9774 0.574405 0.0452008 0.200149
0 0.467494 0.407366 0.140904 0.488839
1 0.419085 0.4149 0.136719 0.449963
1 0.642299 0.582031 0.229911 0.454985
