3 0.978795 0.577381 0.0368303 0.129464
1 0.45745 0.525484 0.13644 0.419271
0 0.387626 0.357515 0.406669 0.657738
0 0.453962 0.501488 0.144531 0.441964
0 0.423131 0.454055 0.216239 0.535342
1 0.45731 0.504092 0.117746 0.289435
0 0.424665 0.527902 0.143973 0.401042
2 0.454939 0.504371 0.142578 0.483817
2 0.979353 0.576637 0.0379464 0.12872
0 0.45731 0.504092 0.117746 0.289435
0 0.291574 0.34003 0.498326 0.68006
1 0.979353 0.576637 0.0379464 0.12872
1 0.475586 0.448661 0.177176 0.532738
0 0.475586 0.448661 0.177176 0.532738
0 0.492327 0.364676 0.314453 0.656064
1 0.424665 0.527902 0.143973 0.401042
0 0.979353 0.576637 0.0379464 0.12872
0 0.427455 0.530134 0.25 0.430804
0 0.385324 0.487351 0.138393 0.375744
1 0.427455 0.530134 0.25 0.430804
1 0.423131 0.454055 0.216239 0.535342
1 0.369838 0.354725 0.472377 0.695312
3 0.978795 0.583333 0.0424107 0.19122
0 0.419922 0.52567 0.12221 0.270089
0 0.420759 0.428106 0.154576 0.497954
1 0.479353 0.52567 0.229911 0.414435
0 0.452009 0.563244 0.174107 0.479167
2 0.45731 0.504092 0.117746 0.289435
3 0.457589 0.526414 0.133929 0.401042
0 0.50279 0.34189 0.5 0.68378
3 0.97433 0.557292 0.0379464 0.156994
1 0.419922 0.52567 0.12221 0.270089
2 0.977679 0.572917 0.0446428 0.204613
0 0.381696 0.526042 0.0725446 0.206845
2 0.423131 0.454055 0.216239 0.535342
1 0.429688 0.377511 0.319196 0.645275
2 0.369838 0.354725 0.472377 0.695312
0 0.444475 0.353051 0.213728 0.613839
0 0.378069 0.550595 0.0848214 0.291667
1 0.496791 0.441499 0.285435 0.515811
0 0.268973 0.733631 0.465402 0.525298
1 0.905692 0.344215 0.178571 0.628534
3 0.369838 0.354725 0.472377 0.695312
2 0.475586 0.448661 0.177176 0.532738
3 0.375 0.554316 0.0329241 0.078125
2 0.424665 0.527902 0.143973 0.401042
1 0.977679 0.572917 0.0446428 0.204613
3 0.211914 0.570685 0.0287388 0.09375
0 0.905692 0.344215 0.178571 0.628534
1 0.381138 0.522693 0.109375 0.333333
3 0.227609 0.56622 0.038644 0.10119
3 0.212123 0.531622 0.0333426 0.153274
3 0.986607 0.590402 0.0267857 0.203125
1 0.381696 0.526042 0.0725446 0.206845
