3 0.978795 0.580729 0.0390625 0.126488
0 0.173689 0.593192 0.33231 0.792783
0 0.397879 0.333612 0.351562 0.605097
0 0.140834 0.565662 0.230608 0.764509
1 0.140834 0.565662 0.230608 0.764509
0 0.318848 0.331566 0.554269 0.650856
0 0.444894 0.353795 0.1649 0.563244
1 0.174247 0.595796 0.331194 0.796503
0 0.249512 0.675595 0.484235 0.64881
1 0.402065 0.332589 0.371094 0.610119
2 0.978795 0.580357 0.0390625 0.126488
0 0.483677 0.335566 0.264788 0.614583
3 0.976562 0.576265 0.0435267 0.177827
1 0.978795 0.579613 0.0401785 0.127976
1 0.444894 0.353795 0.1649 0.563244
0 0.978795 0.579613 0.0401785 0.127976
0 0.228585 0.554688 0.349749 0.697173
1 0.296177 0.340681 0.51702 0.680246
1 0.143345 0.467634 0.197684 0.604911
0 0.493304 0.330729 0.440848 0.661458
2 0.976562 0.576265 0.0435267 0.177827
2 0.174247 0.595796 0.331194 0.796503
2 0.133231 0.529018 0.215123 0.706845
1 0.976562 0.576265 0.0435267 0.177827
3 0.174247 0.595796 0.331194 0.796503
2 0.397879 0.333612 0.351562 0.605097
0 0.261649 0.46689 0.476702 0.726935
1 0.185268 0.534319 0.209263 0.6516
3 0.133894 0.527716 0.228864 0.700521
2 0.316476 0.329613 0.571289 0.654018
1 0.90904 0.344122 0.176339 0.637649
0 0.543945 0.333705 0.20452 0.570684
0 0.419364 0.413969 0.136161 0.463728
0 0.185268 0.534319 0.209263 0.6516
0 0.410017 0.313616 0.200056 0.564732
3 0.370675 0.331938 0.434989 0.633743
3 0.986049 0.590774 0.0279017 0.169643
0 0.976562 0.576265 0.0435267 0.177827
1 0.249512 0.675595 0.484235 0.64881
0 0.143345 0.467634 0.197684 0.604911
0 0.90904 0.344122 0.176339 0.637649
0 0.465262 0.405134 0.130859 0.479167
0 0.107282 0.64881 0.194196 0.645833
3 0.973214 0.561012 0.0379464 0.127976
