0 0.569894 0.608817 0.278739 0.713914
3 0.357701 0.517485 0.0385045 0.0848214
0 0.556362 0.413969 0.337054 0.691406
3 0.352121 0.495908 0.0295759 0.0699405
1 0.567104 0.607701 0.2899 0.710194
3 0.361328 0.49442 0.0340402 0.0654762
3 0.362723 0.497396 0.0329241 0.109375
3 0.363281 0.528274 0.0373884 0.129464
0 0.608259 0.65997 0.196429 0.626488
3 0.360491 0.521205 0.0452009 0.173363
0 0.551339 0.327846 0.446429 0.63151
3 0.363281 0.526042 0.0535714 0.289435
0 0.558733 0.357236 0.2274 0.556362
2 0.567104 0.607701 0.2899 0.710194
3 0.359654 0.555432 0.0379464 0.171875
3 0.567104 0.607701 0.2899 0.710194
1 0.608259 0.65997 0.196429 0.626488
3 0.354911 0.498512 0.0401786 0.163691
3 0.369141 0.563244 0.0418527 0.194196
0 0.504464 0.562314 0.279018 0.684896
0 0.61942 0.360863 0.199777 0.573661
0 0.541155 0.571429 0.202288 0.595238
1 0.585798 0.402251 0.244699 0.603237
1 0.359654 0.521949 0.0323661 0.0997024
1 0.360491 0.521205 0.0452009 0.173363
