0 0.563616 0.603237 0.41183 0.772693
3 0.978795 0.582589 0.0390625 0.123512
0 0.472238 0.374442 0.506417 0.739211
0 0.379743 0.335286 0.569754 0.656808
0 0.55971 0.39202 0.392857 0.751674
3 0.976562 0.578125 0.0435267 0.180804
0 0.466239 0.540179 0.368862 0.684524
2 0.978795 0.581845 0.0401785 0.125744
1 0.978795 0.581845 0.0390625 0.119792
1 0.560268 0.603981 0.412946 0.765253
0 0.583705 0.655878 0.290179 0.65997
0 0.978795 0.581845 0.0401785 0.125744
1 0.380999 0.333054 0.604074 0.661272
3 0.231306 0.571057 0.0440848 0.103423
0 0.646205 0.341518 0.44308 0.683036
1 0.976562 0.578125 0.0435267 0.180804
2 0.976562 0.578125 0.0435267 0.180804
0 0.504464 0.672619 0.453125 0.641369
3 0.215123 0.576637 0.0340402 0.0900297
3 0.390067 0.52753 0.0591518 0.171131
3 0.23305 0.568452 0.0651507 0.18006
1 0.521763 0.392485 0.438616 0.764137
2 0.560268 0.603981 0.412946 0.765253
2 0.473493 0.374349 0.516183 0.742374
3 0.560268 0.603981 0.412946 0.765253
3 0.473493 0.374349 0.516183 0.742374
3 0.223772 0.579241 0.0362723 0.09375
2 0.379743 0.335286 0.569754 0.656808
0 0.526786 0.346447 0.293527 0.650856
3 0.985491 0.592262 0.0290178 0.171131
3 0.401786 0.522693 0.0591518 0.177083
3 0.214844 0.573289 0.0518973 0.133929
3 0.214774 0.537202 0.0408761 0.150298
3 0.390067 0.52939 0.0915179 0.294643
0 0.976562 0.578125 0.0435267 0.180804
3 0.229632 0.593006 0.0418527 0.0855655
3 0.379743 0.335286 0.569754 0.656808
3 0.229074 0.537946 0.0524554 0.154762
3 0.217425 0.594494 0.0344587 0.0669643
1 0.466239 0.540179 0.368862 0.684524
3 0.388114 0.534226 0.0424107 0.125744
3 0.378906 0.554688 0.046875 0.135417
0 0.732143 0.335658 0.383929 0.636719
3 0.22433 0.594866 0.0362723 0.0572917
