0 0.387277 0.574405 0.107143 0.613095
1 0.387277 0.574405 0.107143 0.613095
0 0.39202 0.623605 0.151786 0.724516
2 0.387277 0.574405 0.107143 0.613095
2 0.382533 0.49814 0.0904018 0.473958
3 0.384487 0.496745 0.0948661 0.455915
1 0.39202 0.624442 0.141183 0.718378
1 0.382533 0.49814 0.0904018 0.473958
0 0.526786 0.449033 0.397321 0.648066
3 0.388393 0.57487 0.110491 0.580915
0 0.429967 0.629185 0.24721 0.735677
0 0.382533 0.49814 0.0904018 0.473958
0 0.352958 0.627976 0.25279 0.729167
2 0.384208 0.478423 0.0853795 0.299107
1 0.384208 0.478423 0.0853795 0.299107
0 0.35798 0.657366 0.155134 0.627232
