2 0.908482 0.455729 0.145089 0.316964
0 0.300851 0.674107 0.287807 0.616071
1 0.303013 0.656436 0.28125 0.588914
1 0.907366 0.456845 0.15067 0.313244
2 0.303013 0.656436 0.28125 0.588914
2 0.888393 0.449777 0.15625 0.399554
0 0.906808 0.442057 0.151786 0.334635
3 0.908482 0.455264 0.147322 0.320127
0 0.256138 0.669085 0.189174 0.620164
3 0.306083 0.65625 0.287388 0.584821
1 0.359375 0.62128 0.194196 0.427083
0 0.90625 0.71131 0.178571 0.549107
2 0.359375 0.62128 0.194196 0.427083
0 0.321638 0.590402 0.278599 0.478423
0 0.410226 0.276042 0.401646 0.478423
2 0.921875 0.493676 0.120536 0.260417
1 0.897879 0.433873 0.204241 0.376302
0 0.359375 0.62128 0.194196 0.427083
2 0.421317 0.614211 0.0502232 0.223958
1 0.41769 0.639695 0.0641741 0.315848
0 0.897879 0.433873 0.204241 0.376302
