0 0.235491 0.601749 0.34096 0.781622
3 0.979911 0.579985 0.0379464 0.122768
0 0.393345 0.339658 0.362863 0.619792
0 0.299386 0.43285 0.375 0.777158
0 0.280971 0.42234 0.258371 0.722284
0 0.444755 0.351935 0.167411 0.571429
0 0.246443 0.450428 0.175642 0.661644
1 0.244699 0.660342 0.34654 0.679315
2 0.979911 0.579241 0.0379464 0.122024
1 0.979911 0.579613 0.0368303 0.116815
1 0.444755 0.351935 0.167411 0.571429
1 0.378278 0.33817 0.405273 0.642113
0 0.316058 0.349981 0.261858 0.630394
0 0.412109 0.399554 0.233817 0.517113
1 0.258022 0.494048 0.332171 0.761905
0 0.979911 0.579241 0.0379464 0.122024
0 0.482422 0.336217 0.24721 0.616257
3 0.979074 0.587054 0.0418527 0.172619
1 0.436244 0.333705 0.278181 0.607887
1 0.246443 0.450428 0.175642 0.661644
2 0.237165 0.602865 0.34654 0.773438
0 0.229632 0.721726 0.276786 0.55506
0 0.37221 0.368304 0.244978 0.578125
0 0.299107 0.674851 0.335938 0.629464
2 0.378278 0.33817 0.405273 0.642113
0 0.24135 0.349795 0.135603 0.569754
3 0.237165 0.602865 0.34654 0.773438
0 0.273438 0.35119 0.195871 0.595982
3 0.378278 0.33817 0.405273 0.642113
1 0.907366 0.347842 0.180804 0.631696
0 0.419085 0.411179 0.141183 0.460379
0 0.49149 0.332031 0.414342 0.664062
2 0.979074 0.587054 0.0418527 0.172619
1 0.280971 0.42234 0.258371 0.722284
0 0.907366 0.347842 0.180804 0.631696
3 0.973772 0.557664 0.0379464 0.151042
1 0.977679 0.575521 0.0446428 0.197173
0 0.340681 0.522042 0.171875 0.566034
1 0.24135 0.349795 0.135603 0.569754
0 0.545619 0.334077 0.188895 0.56994
3 0.986886 0.59003 0.0262277 0.141369
0 0.372768 0.515439 0.108259 0.356027
