3 0.978795 0.577009 0.0379465 0.12872
0 0.702567 0.55506 0.262277 0.705357
0 0.397042 0.332682 0.357701 0.608445
1 0.704241 0.567429 0.268973 0.728237
0 0.324707 0.333798 0.550363 0.665737
1 0.401088 0.331473 0.376395 0.612351
2 0.978795 0.576265 0.0390625 0.127976
0 0.499023 0.335938 0.280971 0.601191
0 0.442383 0.354167 0.163225 0.563244
1 0.978795 0.577381 0.0368303 0.12128
1 0.442383 0.354167 0.163225 0.563244
0 0.726562 0.662574 0.287946 0.622768
0 0.978795 0.576265 0.0390625 0.127976
0 0.490792 0.327753 0.451451 0.655506
3 0.978516 0.581473 0.0429688 0.177827
0 0.614816 0.392113 0.234654 0.530506
2 0.702567 0.568638 0.272321 0.731771
1 0.317522 0.33724 0.492188 0.674479
3 0.702567 0.568638 0.272321 0.731771
1 0.691964 0.46782 0.217634 0.558408
2 0.401088 0.331473 0.376395 0.612351
2 0.977121 0.572917 0.0446428 0.194196
1 0.704799 0.681176 0.237723 0.570685
3 0.231027 0.564732 0.0401786 0.10119
3 0.37793 0.331752 0.431641 0.634115
0 0.691964 0.46782 0.217634 0.558408
2 0.324777 0.331845 0.5625 0.663691
3 0.973772 0.55878 0.0379464 0.153274
1 0.977121 0.572917 0.0446428 0.194196
0 0.746652 0.535063 0.236607 0.645647
3 0.213239 0.570312 0.0299944 0.0922619
1 0.883371 0.349702 0.203125 0.618304
0 0.417969 0.414062 0.135045 0.456845
3 0.232701 0.5625 0.0680804 0.19122
0 0.334263 0.363002 0.248884 0.586496
3 0.213867 0.53311 0.0337612 0.146577
1 0.614816 0.392113 0.234654 0.530506
3 0.226004 0.532366 0.0424107 0.151786
0 0.382812 0.361979 0.210379 0.555804
1 0.417969 0.414062 0.135045 0.456845
