3 0.979353 0.577381 0.0368304 0.12872
1 0.41476 0.568824 0.226283 0.71503
0 0.408901 0.526228 0.244699 0.739211
0 0.388323 0.384022 0.422015 0.709635
0 0.287319 0.341518 0.507952 0.683036
0 0.390904 0.476191 0.334263 0.772321
2 0.979353 0.577009 0.0379464 0.127976
0 0.389509 0.55785 0.185826 0.616443
1 0.979353 0.577009 0.0379464 0.127976
0 0.489955 0.377697 0.350446 0.689546
0 0.979353 0.577009 0.0379464 0.127976
2 0.409319 0.526042 0.246094 0.74256
1 0.452288 0.664062 0.276228 0.584077
3 0.978795 0.585566 0.0424107 0.192708
3 0.415039 0.570778 0.234654 0.72154
0 0.253906 0.720238 0.413505 0.553571
0 0.501814 0.341146 0.509766 0.682292
1 0.380441 0.382161 0.462333 0.722284
1 0.416295 0.684338 0.186384 0.527158
1 0.386719 0.588914 0.138951 0.564732
1 0.347935 0.585938 0.203683 0.570685
0 0.347935 0.585938 0.203683 0.570685
0 0.418666 0.638207 0.191685 0.574777
0 0.411691 0.398065 0.190011 0.619048
2 0.978795 0.585566 0.0424107 0.192708
0 0.348842 0.587054 0.3637 0.653274
0 0.493164 0.432106 0.260324 0.680432
3 0.97433 0.558036 0.0379464 0.15625
1 0.390904 0.476191 0.334263 0.772321
0 0.269601 0.612723 0.379325 0.552827
3 0.211565 0.569196 0.0311105 0.09375
0 0.442522 0.352679 0.202009 0.622024
0 0.452288 0.664062 0.276228 0.584077
3 0.227958 0.565476 0.0390625 0.0997024
0 0.268973 0.600819 0.247768 0.511161
1 0.880022 0.347377 0.214286 0.625186
1 0.348842 0.587054 0.3637 0.653274
2 0.389509 0.55785 0.185826 0.616443
2 0.380441 0.382161 0.462333 0.722284
1 0.977958 0.574033 0.0440848 0.204613
1 0.351283 0.653088 0.101563 0.458705
