3 0.115513 0.463914 0.077846 0.234375
0 0.0912737 0.658482 0.148368 0.650298
2 0.117188 0.457589 0.0764509 0.221726
3 0.428013 0.473214 0.0273438 0.0907738
3 0.427734 0.453125 0.031808 0.0870536
2 0.107422 0.549386 0.115513 0.480097
0 0.107422 0.549386 0.115513 0.480097
3 0.10784 0.545759 0.111328 0.518601
2 0.11635 0.475446 0.0951451 0.345982
1 0.107422 0.549386 0.115513 0.480097
3 0.430246 0.451265 0.0424108 0.168155
3 0.4375 0.442336 0.0390625 0.105655
3 0.430804 0.471354 0.0368303 0.125744
3 0.424665 0.497768 0.0228795 0.131696
1 0.0980748 0.646763 0.146763 0.706473
3 0.438895 0.442057 0.0591518 0.287016
3 0.112444 0.494048 0.100725 0.352679
1 0.115234 0.467262 0.0842634 0.238839
3 0.419085 0.493304 0.0223214 0.0684524
3 0.119838 0.470982 0.0549665 0.138393
3 0.102818 0.468006 0.047433 0.123512
0 0.12486 0.645647 0.170759 0.684896
3 0.104492 0.495536 0.0703125 0.216518
1 0.428013 0.473214 0.0273438 0.0907738
3 0.131836 0.464658 0.0538504 0.209821
1 0.42913 0.452381 0.0279018 0.0811012
0 0.115234 0.467262 0.0842634 0.238839
0 0.115792 0.475446 0.105748 0.337798
1 0.115792 0.475446 0.105748 0.337798
1 0.430246 0.451265 0.0424108 0.168155
2 0.0980748 0.646763 0.146763 0.706473
