3 0.978237 0.579613 0.0379464 0.125744
1 0.0747768 0.539062 0.135882 0.606399
0 0.391741 0.332496 0.361607 0.608817
0 0.330357 0.331845 0.540179 0.663691
2 0.075858 0.526972 0.134556 0.597842
0 0.0758929 0.53897 0.137556 0.596168
1 0.395159 0.331473 0.378209 0.613095
0 0.442522 0.353795 0.172991 0.561012
2 0.978795 0.579241 0.0390625 0.126488
0 0.488002 0.333333 0.288504 0.613095
1 0.978795 0.579241 0.0390625 0.126488
3 0.978516 0.584821 0.0429688 0.168899
1 0.442522 0.353795 0.172991 0.561012
0 0.978795 0.579241 0.0390625 0.126488
0 0.497907 0.331659 0.45731 0.663318
1 0.319894 0.335565 0.487444 0.671131
1 0.107038 0.578962 0.210031 0.678385
2 0.976562 0.574033 0.0435267 0.191964
3 0.0741839 0.533296 0.131766 0.552455
2 0.391741 0.332496 0.361607 0.608817
1 0.976562 0.574033 0.0435267 0.191964
0 0.176618 0.521484 0.180246 0.529948
3 0.973772 0.557292 0.0390625 0.157738
0 0.169085 0.521391 0.324777 0.570312
1 0.879464 0.345331 0.22433 0.629278
3 0.373535 0.331008 0.427037 0.631138
1 0.0894252 0.668899 0.174665 0.553571
0 0.579241 0.349051 0.38058 0.65904
2 0.329869 0.331101 0.5512 0.662202
1 0.0426549 0.528739 0.0703823 0.545201
3 0.986328 0.591518 0.0273438 0.172619
0 0.417411 0.413969 0.143415 0.46224
2 0.0426549 0.528739 0.0703823 0.545201
0 0.409598 0.314267 0.209821 0.569382
0 0.544643 0.334449 0.214286 0.572173
0 0.268485 0.724702 0.476423 0.544643
0 0.17048 0.608631 0.253348 0.547619
0 0.338518 0.361142 0.252651 0.575335
3 0.987165 0.59375 0.0256696 0.107143
0 0.976562 0.574033 0.0435267 0.191964
1 0.488002 0.333333 0.288504 0.613095
