2 0.757254 0.441964 0.0870535 0.208333
3 0.75558 0.441592 0.0870536 0.219494
1 0.516183 0.695685 0.113839 0.55506
0 0.517299 0.708333 0.118304 0.563988
1 0.755022 0.44308 0.0881697 0.207589
0 0.756696 0.440848 0.0881696 0.209821
2 0.745536 0.446429 0.114955 0.259673
1 0.513393 0.563988 0.107143 0.352679
3 0.514648 0.507812 0.101284 0.234375
3 0.513811 0.507441 0.0851005 0.145833
2 0.513393 0.563988 0.107143 0.352679
2 0.516183 0.695685 0.113839 0.55506
3 0.745536 0.448289 0.109375 0.271577
1 0.514648 0.507812 0.101284 0.234375
3 0.75 0.438244 0.0725446 0.156994
1 0.745536 0.446429 0.114955 0.259673
2 0.511579 0.524926 0.139788 0.295387
1 0.514509 0.632812 0.0915179 0.432292
2 0.75 0.438244 0.0725446 0.156994
0 0.511719 0.522321 0.147321 0.296131
3 0.760603 0.450521 0.0703125 0.155506
3 0.524693 0.524926 0.0689174 0.158482
0 0.745536 0.446429 0.114955 0.259673
1 0.511719 0.522321 0.147321 0.296131
3 0.515207 0.69401 0.10798 0.558408
2 0.760603 0.450521 0.0703125 0.155506
