0 0.397879 0.621094 0.13058 0.719122
1 0.397879 0.568359 0.113281 0.626674
2 0.397879 0.568359 0.113281 0.626674
0 0.398996 0.520368 0.115513 0.536644
0 0.416295 0.490327 0.162946 0.559524
0 0.534738 0.375837 0.408203 0.666481
2 0.414621 0.490141 0.166853 0.591146
1 0.403181 0.463914 0.122768 0.423363
1 0.416295 0.490327 0.162946 0.559524
2 0.403181 0.463914 0.122768 0.423363
3 0.399554 0.49628 0.119978 0.486607
2 0.400949 0.484375 0.107143 0.299851
0 0.34933 0.625651 0.257813 0.738281
0 0.422433 0.662574 0.113839 0.616816
0 0.539062 0.309896 0.529018 0.590774
2 0.387277 0.492467 0.109933 0.529948
1 0.400949 0.484375 0.107143 0.299851
0 0.434431 0.625372 0.231585 0.719494
1 0.387277 0.492467 0.109933 0.529948
1 0.397321 0.666295 0.145647 0.661458
3 0.397879 0.621094 0.13058 0.719122
