3 0.978237 0.578869 0.0379464 0.124256
1 0.225725 0.572638 0.22433 0.676153
0 0.309222 0.350539 0.438477 0.696243
0 0.393973 0.333426 0.354911 0.608445
0 0.229353 0.557013 0.210938 0.612165
2 0.978237 0.578497 0.0390625 0.124256
1 0.397461 0.332961 0.374721 0.614583
0 0.442662 0.352307 0.169364 0.559524
1 0.442662 0.352307 0.169364 0.559524
1 0.978795 0.578497 0.0379465 0.119792
2 0.230748 0.557943 0.229911 0.641555
0 0.484933 0.333333 0.262277 0.613839
0 0.248884 0.504557 0.279018 0.69029
0 0.978795 0.578125 0.0390625 0.125
3 0.978516 0.585566 0.0429688 0.174851
1 0.242397 0.667783 0.267439 0.524554
1 0.314593 0.351935 0.451172 0.699405
0 0.495117 0.331008 0.445033 0.6609
3 0.227679 0.574591 0.233259 0.675223
2 0.978516 0.585566 0.0429688 0.174851
2 0.393973 0.333426 0.354911 0.608445
0 0.299037 0.368025 0.256836 0.610677
0 0.235142 0.344122 0.220564 0.595238
2 0.314593 0.351935 0.451172 0.699405
0 0.286761 0.52846 0.278041 0.562128
1 0.976562 0.574033 0.0435267 0.190476
1 0.183733 0.533017 0.143136 0.550037
1 0.24714 0.65067 0.177595 0.564732
1 0.905692 0.347842 0.18192 0.627232
3 0.314593 0.351935 0.451172 0.699405
0 0.409598 0.313988 0.203125 0.568452
0 0.417411 0.413318 0.147321 0.462054
3 0.973214 0.559152 0.0379464 0.153274
0 0.545061 0.332961 0.197824 0.575149
0 0.879464 0.346726 0.220982 0.631696
1 0.256208 0.501023 0.310128 0.700335
3 0.393973 0.333426 0.354911 0.608445
1 0.209054 0.687872 0.18457 0.524554
1 0.417411 0.413318 0.147321 0.462054
