1 0.934431 0.498512 0.131138 0.772321
0 0.933594 0.582775 0.132812 0.768973
0 0.313825 0.329892 0.533064 0.64974
0 0.399554 0.334356 0.342634 0.605097
0 0.443778 0.351935 0.171596 0.571429
1 0.40346 0.333333 0.357143 0.608631
1 0.918527 0.37221 0.15067 0.636533
1 0.443778 0.351935 0.171596 0.571429
1 0.934152 0.656808 0.129464 0.668527
0 0.48577 0.334449 0.267299 0.617559
1 0.308733 0.329985 0.474051 0.65997
2 0.930804 0.592355 0.136161 0.755766
0 0.498326 0.332217 0.433036 0.664435
0 0.93192 0.371187 0.136161 0.625186
2 0.399554 0.334356 0.342634 0.605097
0 0.956752 0.65067 0.0864955 0.627232
2 0.31529 0.327381 0.543527 0.651042
3 0.229632 0.568824 0.0412946 0.102679
1 0.90346 0.529018 0.19308 0.806548
3 0.31529 0.327381 0.543527 0.651042
1 0.95173 0.451916 0.0965402 0.64974
3 0.933594 0.582961 0.132812 0.764137
0 0.411412 0.31436 0.215123 0.575149
3 0.212751 0.575521 0.0320871 0.0907738
0 0.899554 0.652716 0.148438 0.632068
0 0.90346 0.529018 0.19308 0.806548
0 0.582589 0.349702 0.376116 0.648065
3 0.231027 0.565848 0.063058 0.164435
0 0.420201 0.40997 0.139509 0.473958
3 0.399554 0.334356 0.342634 0.605097
0 0.544782 0.336217 0.206194 0.576079
2 0.932478 0.437965 0.131696 0.716332
3 0.225795 0.532738 0.0500837 0.167411
