1 0.912388 0.491071 0.160714 0.770833
0 0.916295 0.57301 0.157366 0.749814
0 0.39481 0.333333 0.352121 0.607143
0 0.320173 0.33231 0.535993 0.650856
1 0.914621 0.636161 0.15625 0.639881
1 0.39767 0.332217 0.369838 0.610119
0 0.443778 0.351656 0.17048 0.566034
1 0.443778 0.351656 0.17048 0.566034
0 0.898717 0.490048 0.202567 0.760975
1 0.885045 0.372396 0.207589 0.632441
0 0.484654 0.338542 0.261719 0.614583
1 0.310128 0.331008 0.471261 0.659412
2 0.91183 0.492002 0.160714 0.763021
2 0.39481 0.333333 0.352121 0.607143
1 0.931362 0.558408 0.13058 0.648066
1 0.978795 0.571429 0.0357143 0.547619
0 0.498326 0.333426 0.43192 0.663505
0 0.88058 0.605376 0.22433 0.757999
2 0.310128 0.331008 0.471261 0.659412
3 0.91183 0.492002 0.160714 0.763021
3 0.371512 0.330822 0.415458 0.625558
0 0.978795 0.571429 0.0357143 0.547619
3 0.230469 0.567336 0.0435268 0.105655
0 0.936942 0.666295 0.126116 0.59003
0 0.905134 0.373419 0.174107 0.62965
0 0.546317 0.336682 0.199777 0.564732
1 0.42048 0.412946 0.136161 0.468006
3 0.231864 0.564732 0.0697545 0.184524
0 0.42048 0.412946 0.136161 0.468006
2 0.914621 0.636161 0.15625 0.639881
3 0.21303 0.572545 0.0359933 0.100446
3 0.988281 0.579613 0.0167411 0.106399
1 0.865513 0.46503 0.247768 0.779762
0 0.336286 0.360212 0.250419 0.577195
3 0.988281 0.578869 0.0189733 0.19494
