0 0.625 0.455822 0.253348 0.64788
0 0.611189 0.398996 0.373605 0.660342
1 0.629464 0.457868 0.247768 0.654204
0 0.558594 0.45824 0.381696 0.665365
0 0.659598 0.501488 0.125 0.623512
0 0.638393 0.511812 0.191964 0.628162
1 0.656808 0.486421 0.114955 0.509301
0 0.6875 0.621466 0.126116 0.673735
2 0.629464 0.457868 0.247768 0.654204
1 0.611189 0.398996 0.373605 0.660342
1 0.656808 0.387277 0.152902 0.564732
0 0.643415 0.629185 0.16183 0.665737
1 0.674107 0.510882 0.0669643 0.509487
1 0.669643 0.487351 0.0636161 0.268601
0 0.672991 0.554036 0.0758928 0.502046
1 0.631138 0.439546 0.175223 0.561384
1 0.552455 0.466518 0.407366 0.684524
