2 0.615513 0.4375 0.0859375 0.25744
3 0.614955 0.444941 0.0758928 0.240327
2 0.601562 0.443824 0.0970982 0.379464
1 0.614397 0.434524 0.0859375 0.247768
0 0.615513 0.436849 0.0892857 0.255766
3 0.601562 0.443824 0.0970982 0.379464
3 0.603237 0.421875 0.0703125 0.255952
2 0.615513 0.444196 0.0602679 0.154018
3 0.616629 0.461682 0.061384 0.154018
1 0.601562 0.443824 0.0970982 0.379464
3 0.629464 0.457961 0.0703125 0.200149
3 0.606585 0.435268 0.0569197 0.153274
0 0.600446 0.444941 0.117188 0.345982
3 0.585379 0.433408 0.0736607 0.241816
