3 0.637277 0.444568 0.0982143 0.24256
2 0.639509 0.453125 0.11942 0.278274
1 0.639509 0.453125 0.11942 0.278274
3 0.641183 0.456101 0.11942 0.34375
0 0.641183 0.457589 0.118304 0.311756
0 0.643973 0.64881 0.169643 0.677083
0 0.647321 0.502232 0.132812 0.440476
0 0.650112 0.436012 0.165179 0.40253
3 0.654576 0.450149 0.0636161 0.140625
2 0.650112 0.436012 0.165179 0.40253
0 0.654576 0.668155 0.122768 0.58631
3 0.669643 0.472098 0.0580357 0.188244
1 0.647321 0.461682 0.0959821 0.216518
0 0.639509 0.449405 0.0993304 0.232143
3 0.617188 0.457124 0.143973 0.295573
2 0.635603 0.49135 0.142857 0.392299
3 0.635045 0.462054 0.0636161 0.145089
3 0.617746 0.453869 0.0993303 0.231399
3 0.668527 0.471354 0.0870536 0.302083
1 0.647321 0.502232 0.132812 0.440476
3 0.651786 0.492188 0.0870535 0.201637
2 0.647321 0.461682 0.0959821 0.216518
1 0.650112 0.436012 0.165179 0.40253
1 0.61942 0.44308 0.117188 0.247768
2 0.632254 0.419643 0.09375 0.267113
