2 0.313616 0.463542 0.0915179 0.197173
2 0.505441 0.441964 0.120815 0.28497
3 0.313616 0.463542 0.0915179 0.197173
3 0.506557 0.445312 0.121931 0.295387
1 0.505441 0.441964 0.120815 0.28497
0 0.505441 0.441964 0.120815 0.28497
0 0.313337 0.465774 0.093192 0.198661
1 0.313337 0.465774 0.093192 0.198661
0 0.289969 0.652344 0.199079 0.668527
2 0.316127 0.467262 0.0747768 0.15625
3 0.316127 0.467262 0.0747768 0.15625
0 0.49721 0.646205 0.200893 0.694196
1 0.511161 0.607887 0.127232 0.574405
3 0.475307 0.434896 0.0873326 0.25744
0 0.510045 0.663691 0.139509 0.590774
1 0.509347 0.639509 0.179967 0.664435
3 0.526088 0.460566 0.0851005 0.24256
2 0.501814 0.491164 0.147042 0.416481
2 0.350446 0.46317 0.15067 0.243304
2 0.526088 0.460566 0.0851005 0.24256
