1 0.862165 0.429222 0.24442 0.549293
1 0.366908 0.649368 0.0954241 0.603051
0 0.36635 0.651042 0.102121 0.596726
3 0.363839 0.528646 0.0496652 0.139137
0 0.867188 0.429408 0.242188 0.548921
3 0.368583 0.538691 0.0625 0.272321
3 0.367746 0.501116 0.046875 0.0736607
3 0.366908 0.576451 0.0680804 0.388765
1 0.857701 0.623884 0.21317 0.604911
3 0.365513 0.592262 0.093192 0.505952
0 0.873326 0.62314 0.246652 0.598958
3 0.368025 0.505208 0.0429688 0.131696
1 0.36635 0.62407 0.0736607 0.469122
2 0.366908 0.649368 0.0954241 0.603051
2 0.863281 0.433129 0.247768 0.563802
1 0.351004 0.696429 0.133929 0.575893
3 0.362444 0.573289 0.0580357 0.234375
3 0.368304 0.527158 0.0552455 0.0982143
0 0.345982 0.683966 0.155692 0.611235
3 0.361049 0.501116 0.0407366 0.11756
1 0.368583 0.538691 0.0625 0.272321
3 0.361886 0.50186 0.0541295 0.212054
3 0.863281 0.433129 0.247768 0.563802
0 0.36635 0.62407 0.0736607 0.469122
1 0.362444 0.573289 0.0580357 0.234375
0 0.368583 0.538691 0.0625 0.272321
1 0.363839 0.528646 0.0496652 0.139137
0 0.877232 0.700149 0.203125 0.55506
2 0.87221 0.625 0.217634 0.589286
3 0.356027 0.654018 0.121652 0.608631
2 0.366908 0.576451 0.0680804 0.388765
3 0.373047 0.529204 0.119978 0.47433
3 0.367467 0.611979 0.0613839 0.276042
2 0.351004 0.696429 0.133929 0.575893
2 0.367188 0.569941 0.0580357 0.234375
3 0.370815 0.561012 0.0518973 0.104167
1 0.367467 0.611979 0.0613839 0.276042
0 0.268485 0.68006 0.335798 0.630952
1 0.368025 0.505208 0.0429688 0.131696
