3 0.614397 0.450521 0.0636161 0.164435
2 0.612723 0.452381 0.0658482 0.175595
1 0.612723 0.452381 0.0658482 0.175595
0 0.612723 0.452381 0.0658482 0.175595
3 0.600446 0.456101 0.100446 0.328125
3 0.628906 0.459077 0.0457589 0.138393
3 0.628906 0.462426 0.0558036 0.182292
3 0.611049 0.466518 0.0825893 0.236607
3 0.614397 0.422247 0.0535714 0.12128
1 0.600446 0.456101 0.100446 0.328125
3 0.604911 0.420015 0.0502232 0.151786
3 0.580915 0.462054 0.0904018 0.244048
0 0.600446 0.456101 0.100446 0.328125
