3 0.36356 0.519345 0.0412946 0.0855655
3 0.368304 0.502976 0.0373884 0.0773809
0 0.582171 0.709077 0.225167 0.441964
3 0.370815 0.504836 0.0435268 0.126488
3 0.369699 0.542411 0.0385045 0.118304
3 0.369699 0.539062 0.0429688 0.0729167
3 0.370257 0.546131 0.0524554 0.220238
3 0.361607 0.542783 0.0362723 0.126488
1 0.582171 0.709077 0.225167 0.441964
1 0.364955 0.520833 0.0340402 0.0818452
3 0.384766 0.523438 0.0351562 0.0744047
3 0.36942 0.564918 0.0792411 0.344866
1 0.367746 0.520461 0.046317 0.108631
3 0.359375 0.539435 0.0396205 0.0855655
1 0.369699 0.504836 0.031808 0.078869
0 0.561803 0.708333 0.162109 0.257441
0 0.365513 0.521577 0.0412946 0.093006
3 0.386719 0.558036 0.0440848 0.125
3 0.38644 0.554688 0.030692 0.0572917
0 0.552455 0.38244 0.362723 0.601191
1 0.370257 0.546131 0.0524554 0.220238
3 0.385324 0.524926 0.0686384 0.186756
1 0.369699 0.542411 0.0385045 0.118304
2 0.364955 0.520833 0.0340402 0.0818452
2 0.369699 0.504836 0.031808 0.078869
0 0.630162 0.736049 0.26423 0.486235
0 0.480469 0.667969 0.242188 0.577753
0 0.369699 0.504836 0.031808 0.078869
