1 0.895647 0.543527 0.0859375 0.304316
0 0.389927 0.333984 0.36077 0.613281
0 0.325893 0.334077 0.540179 0.662202
3 0.980469 0.572173 0.0368303 0.139137
1 0.897879 0.519252 0.101562 0.430246
2 0.978795 0.573289 0.0368303 0.139881
2 0.896763 0.547619 0.0904018 0.313988
0 0.905692 0.384952 0.151786 0.62593
0 0.897879 0.517113 0.102679 0.407738
1 0.393903 0.332961 0.379604 0.616816
1 0.980469 0.571429 0.0357142 0.136905
0 0.898438 0.549107 0.0915178 0.261161
0 0.44322 0.352307 0.169364 0.568452
1 0.905692 0.384952 0.151786 0.62593
2 0.897879 0.519252 0.101562 0.430246
0 0.483956 0.334449 0.267578 0.618304
1 0.44322 0.352307 0.169364 0.568452
3 0.901228 0.550223 0.0837054 0.258185
0 0.980469 0.571429 0.0357142 0.136905
1 0.320173 0.335565 0.453404 0.671131
0 0.496373 0.33138 0.451451 0.661644
2 0.983817 0.575521 0.0279018 0.168899
2 0.965402 0.571801 0.0591517 0.226935
2 0.389927 0.333984 0.36077 0.613281
2 0.325195 0.331845 0.54827 0.663691
3 0.371652 0.332124 0.424107 0.634859
1 0.892857 0.493304 0.209821 0.447917
3 0.897879 0.517113 0.102679 0.407738
1 0.969308 0.548735 0.0546875 0.225446
0 0.418806 0.412202 0.141741 0.467262
3 0.97154 0.553199 0.0513392 0.218006
0 0.333705 0.362258 0.25 0.586496
0 0.544782 0.33417 0.199498 0.575707
3 0.230399 0.563988 0.0419922 0.110863
3 0.214076 0.52939 0.0361328 0.157738
0 0.381417 0.361607 0.217076 0.561756
1 0.418806 0.412202 0.141741 0.467262
3 0.213309 0.567708 0.030971 0.10119
