3 0.978237 0.578497 0.0379464 0.127976
1 0.45452 0.546782 0.175781 0.675781
0 0.45466 0.549293 0.168806 0.618676
0 0.307687 0.335379 0.531947 0.670759
0 0.455915 0.580543 0.245536 0.696057
2 0.978795 0.577381 0.0401785 0.127976
0 0.387556 0.375 0.28404 0.612351
1 0.453544 0.457868 0.153181 0.515811
1 0.436942 0.612258 0.236607 0.62221
1 0.978795 0.577381 0.0401785 0.127976
3 0.978516 0.582961 0.0429688 0.164435
1 0.426479 0.536737 0.152623 0.582775
0 0.978795 0.577381 0.0401785 0.127976
0 0.434989 0.426897 0.208147 0.55692
2 0.450474 0.54083 0.172712 0.637091
1 0.424665 0.660714 0.162946 0.568452
2 0.976562 0.573661 0.0435267 0.186012
0 0.405971 0.341797 0.173549 0.545573
0 0.418527 0.444196 0.142299 0.526786
0 0.424665 0.660714 0.162946 0.568452
1 0.976562 0.573661 0.0435267 0.186012
2 0.455915 0.580543 0.245536 0.696057
1 0.307687 0.335379 0.531947 0.670759
3 0.973772 0.558036 0.0390625 0.154762
1 0.465402 0.667783 0.361607 0.572173
0 0.313267 0.716518 0.481724 0.544643
3 0.454939 0.546317 0.17606 0.660342
1 0.418527 0.444196 0.142299 0.526786
0 0.406808 0.68378 0.310268 0.55506
1 0.879464 0.348679 0.21317 0.625558
0 0.976562 0.573661 0.0435267 0.186012
0 0.493862 0.569382 0.19308 0.620164
3 0.986328 0.590402 0.0273438 0.182292
1 0.374163 0.567336 0.0652902 0.439732
1 0.493862 0.569382 0.19308 0.620164
0 0.333705 0.336031 0.246094 0.603237
2 0.307687 0.335379 0.531947 0.670759
1 0.387556 0.375 0.28404 0.612351
0 0.378069 0.387928 0.155134 0.55599
0 0.273717 0.787202 0.455915 0.424107
