0 0.936942 0.676711 0.120536 0.591518
1 0.936942 0.676711 0.120536 0.591518
0 0.631696 0.748326 0.136161 0.440848
2 0.943917 0.602679 0.112165 0.46131
2 0.933036 0.671317 0.127232 0.585938
1 0.637277 0.729911 0.0982143 0.346726
0 0.637277 0.729911 0.0982143 0.346726
3 0.941406 0.548177 0.100446 0.303943
1 0.631696 0.748326 0.136161 0.440848
2 0.947545 0.518043 0.100447 0.410342
0 0.961496 0.698661 0.0747767 0.58631
0 0.898438 0.676339 0.185268 0.581845
1 0.961496 0.698661 0.0747767 0.58631
3 0.941964 0.497024 0.0837053 0.208333
3 0.929129 0.492188 0.0814732 0.182292
3 0.939732 0.591146 0.110491 0.451637
3 0.929688 0.494792 0.0915178 0.254464
1 0.646205 0.720424 0.0747768 0.264509
3 0.924386 0.678385 0.151228 0.59561
1 0.898438 0.676339 0.185268 0.581845
