3 0.978795 0.579241 0.0379465 0.126488
0 0.63058 0.594308 0.197545 0.763765
0 0.318917 0.331659 0.541853 0.663318
0 0.392369 0.333705 0.36928 0.611607
1 0.632812 0.519066 0.183036 0.698475
0 0.657366 0.516834 0.21875 0.698475
1 0.395508 0.332589 0.383092 0.615327
1 0.634487 0.641369 0.168527 0.65625
2 0.978795 0.578125 0.0390625 0.127976
0 0.445592 0.354911 0.164621 0.563244
1 0.978795 0.578125 0.0390625 0.127976
3 0.978516 0.583333 0.0429688 0.165923
1 0.445592 0.354911 0.164621 0.563244
0 0.635603 0.467355 0.155134 0.602493
0 0.978795 0.578125 0.0390625 0.127976
0 0.510045 0.367188 0.229911 0.584821
1 0.319615 0.329985 0.552734 0.65997
0 0.575893 0.620536 0.345982 0.699405
0 0.535714 0.438709 0.196429 0.60026
2 0.632254 0.518787 0.18192 0.68564
2 0.976562 0.573661 0.0435267 0.188988
3 0.97433 0.557664 0.0390625 0.155506
1 0.535714 0.438709 0.196429 0.60026
0 0.499163 0.370536 0.349888 0.631696
3 0.228446 0.56622 0.0436663 0.107143
1 0.976562 0.573661 0.0435267 0.188988
2 0.372838 0.333054 0.432896 0.630022
1 0.618862 0.660528 0.270089 0.652158
3 0.215681 0.532366 0.0385045 0.159226
0 0.570871 0.530506 0.25 0.611607
1 0.510045 0.367188 0.229911 0.584821
0 0.714286 0.615234 0.348214 0.732329
3 0.213728 0.572917 0.031808 0.0974702
3 0.372838 0.333054 0.432896 0.630022
3 0.230469 0.563988 0.0641741 0.181548
0 0.665737 0.660528 0.274554 0.672991
2 0.44308 0.337426 0.297991 0.595238
3 0.224819 0.530878 0.0520368 0.168155
3 0.626674 0.594866 0.228795 0.764137
1 0.468471 0.405041 0.138951 0.492001
3 0.986049 0.591146 0.0279017 0.177083
1 0.90904 0.348121 0.175223 0.628162
0 0.468471 0.405041 0.138951 0.492001
0 0.612165 0.433315 0.257812 0.642299
3 0.657366 0.516834 0.21875 0.698475
0 0.337054 0.362072 0.253906 0.579427
1 0.655692 0.439918 0.190848 0.587426
0 0.217285 0.519531 0.123465 0.353795
3 0.214007 0.569196 0.047433 0.144345
1 0.612165 0.433315 0.257812 0.642299
0 0.976562 0.573661 0.0435267 0.188988
