0 0.606585 0.674851 0.0870536 0.599702
3 0.365513 0.521949 0.0401786 0.104911
3 0.372489 0.500372 0.0401786 0.0721726
0 0.547294 0.665923 0.181083 0.590774
3 0.37221 0.502976 0.0362723 0.103423
0 0.509487 0.672433 0.158482 0.547991
3 0.365513 0.520089 0.0530134 0.194941
3 0.373326 0.519345 0.0479911 0.0818453
3 0.373605 0.50372 0.0502232 0.208333
3 0.369978 0.55692 0.0446429 0.186012
3 0.361886 0.493676 0.0357143 0.0691964
1 0.491211 0.667411 0.172712 0.569941
1 0.547294 0.665923 0.181083 0.590774
1 0.606585 0.674851 0.0870536 0.599702
3 0.361886 0.49628 0.0368304 0.107887
3 0.370257 0.562686 0.0602679 0.327009
0 0.500698 0.665551 0.282087 0.619792
0 0.619978 0.687314 0.135045 0.598586
1 0.365513 0.660714 0.0920759 0.544643
0 0.359375 0.650298 0.155134 0.647321
1 0.365513 0.520089 0.0530134 0.194941
1 0.365513 0.521949 0.0401786 0.104911
1 0.359375 0.650298 0.155134 0.647321
3 0.364955 0.581845 0.0998884 0.504464
1 0.589844 0.547991 0.0457589 0.290923
3 0.382812 0.523066 0.031808 0.0833333
3 0.382812 0.526042 0.0524553 0.135417
3 0.555246 0.530134 0.0580357 0.218006
0 0.507254 0.627232 0.122768 0.415179
0 0.365513 0.660714 0.0920759 0.544643
2 0.614955 0.664062 0.109375 0.616816
3 0.373326 0.549851 0.0429688 0.0803571
1 0.370257 0.562686 0.0602679 0.327009
0 0.595424 0.596912 0.0636161 0.440104
1 0.373605 0.50372 0.0502232 0.208333
1 0.595424 0.596912 0.0636161 0.440104
0 0.386719 0.683594 0.151786 0.573289
1 0.500698 0.665551 0.282087 0.619792
1 0.58817 0.540179 0.0345982 0.236607
2 0.547294 0.665923 0.181083 0.590774
1 0.507254 0.627232 0.122768 0.415179
3 0.518834 0.531622 0.0817523 0.234375
1 0.37221 0.502976 0.0362723 0.103423
1 0.386719 0.683594 0.151786 0.573289
0 0.365513 0.520089 0.0530134 0.194941
3 0.517439 0.493676 0.0700335 0.175595
1 0.555246 0.530134 0.0580357 0.218006
0 0.592634 0.673735 0.223214 0.633185
