3 0.978795 0.576637 0.0379465 0.130208
1 0.256138 0.541574 0.15904 0.477865
0 0.40346 0.335938 0.344866 0.612351
0 0.338588 0.335938 0.51702 0.671875
0 0.261998 0.511161 0.199777 0.559524
2 0.244908 0.533296 0.135742 0.481027
0 0.443778 0.353423 0.169364 0.563244
1 0.271763 0.518229 0.243862 0.502232
2 0.260882 0.510417 0.191406 0.587798
0 0.244908 0.533296 0.135742 0.481027
2 0.978795 0.575893 0.0390625 0.130208
1 0.407366 0.334077 0.364955 0.61756
0 0.290109 0.453497 0.269113 0.587054
1 0.443778 0.353423 0.169364 0.563244
1 0.978795 0.575893 0.0390625 0.130208
0 0.484235 0.335286 0.265904 0.616629
0 0.978795 0.575893 0.0390625 0.130208
3 0.978516 0.580357 0.0429688 0.169643
2 0.214634 0.530506 0.0779855 0.413691
1 0.217634 0.548735 0.0792411 0.380208
2 0.210868 0.534226 0.0631975 0.273809
0 0.28397 0.382999 0.340541 0.653646
0 0.496094 0.332031 0.445312 0.664062
0 0.225167 0.492839 0.167411 0.590216
1 0.338588 0.335938 0.51702 0.671875
1 0.303362 0.445127 0.330776 0.636533
2 0.976562 0.571429 0.0435267 0.191964
3 0.97433 0.556548 0.0379464 0.15625
1 0.242188 0.561756 0.125 0.302083
1 0.210868 0.534226 0.0631975 0.273809
3 0.244908 0.533296 0.135742 0.481027
2 0.241909 0.532366 0.120536 0.297619
2 0.40346 0.335938 0.344866 0.612351
0 0.416016 0.403646 0.240513 0.49256
0 0.420201 0.414435 0.142299 0.467262
1 0.976562 0.571429 0.0435267 0.191964
0 0.214634 0.530506 0.0779855 0.413691
2 0.289551 0.456287 0.262416 0.608259
0 0.287319 0.381324 0.203265 0.570684
3 0.260882 0.510417 0.191406 0.587798
3 0.380999 0.335472 0.418806 0.638579
2 0.338588 0.335938 0.51702 0.671875
1 0.420201 0.414435 0.142299 0.467262
0 0.218192 0.474888 0.292969 0.621652
0 0.330636 0.487537 0.182478 0.480283
1 0.231864 0.584263 0.178571 0.483259
0 0.409877 0.313988 0.209263 0.566964
1 0.912946 0.35119 0.164062 0.619048
0 0.543666 0.334914 0.199498 0.572731
1 0.412249 0.407366 0.217913 0.493304
0 0.238281 0.348958 0.196429 0.572173
