1 0.94029 0.557664 0.116071 0.765625
0 0.320592 0.332124 0.538504 0.655692
0 0.39202 0.33417 0.356585 0.608445
0 0.931362 0.595331 0.13058 0.749814
1 0.950056 0.435082 0.0998883 0.638765
0 0.44322 0.352679 0.169364 0.566964
1 0.929688 0.664807 0.125 0.633185
1 0.395787 0.332961 0.373605 0.612351
0 0.486747 0.333705 0.276507 0.616816
1 0.44322 0.352679 0.169364 0.566964
1 0.314662 0.332589 0.477818 0.665179
0 0.946987 0.521949 0.103795 0.723958
0 0.496931 0.33138 0.451451 0.661644
2 0.93192 0.595238 0.129464 0.748512
1 0.901507 0.544271 0.196987 0.780506
1 0.952009 0.646019 0.0881696 0.627604
0 0.900391 0.59561 0.199219 0.752232
2 0.39202 0.33417 0.356585 0.608445
2 0.32094 0.329613 0.546735 0.65625
2 0.946987 0.521949 0.103795 0.723958
3 0.370954 0.332124 0.425502 0.630394
1 0.898438 0.655506 0.168527 0.629464
3 0.936942 0.586961 0.118304 0.757627
0 0.545619 0.334077 0.214565 0.578869
3 0.212821 0.578125 0.0285993 0.0870536
0 0.579241 0.349702 0.379464 0.657738
3 0.230748 0.570312 0.0390625 0.0974702
0 0.419364 0.41183 0.143415 0.469494
0 0.952009 0.646019 0.0881696 0.627604
1 0.876674 0.357515 0.170759 0.595238
0 0.335658 0.360026 0.25 0.579055
0 0.410296 0.313988 0.206194 0.563988
1 0.922433 0.366722 0.133929 0.573103
1 0.919085 0.59003 0.16183 0.764881
1 0.895089 0.44894 0.158482 0.630394
