1 0.609933 0.553385 0.139509 0.399182
3 0.978795 0.576637 0.0368303 0.130952
0 0.392787 0.333426 0.369559 0.608445
0 0.333426 0.333054 0.538504 0.665737
1 0.396275 0.331845 0.386021 0.612351
2 0.979353 0.575893 0.0379464 0.130208
1 0.979353 0.575893 0.0379464 0.130208
0 0.441825 0.355655 0.169922 0.5625
0 0.609933 0.553757 0.139509 0.398438
1 0.441825 0.355655 0.169922 0.5625
0 0.979353 0.575893 0.0379464 0.130208
2 0.609933 0.553757 0.139509 0.398438
1 0.333496 0.331845 0.550642 0.663691
3 0.978795 0.582589 0.0424107 0.186012
1 0.513393 0.443917 0.15625 0.484189
0 0.49135 0.353516 0.279576 0.605469
2 0.396275 0.331845 0.386021 0.612351
1 0.582031 0.540923 0.220982 0.419643
0 0.490792 0.328125 0.452567 0.65625
2 0.978795 0.582589 0.0424107 0.186012
3 0.97433 0.557292 0.0379464 0.157738
1 0.582031 0.532459 0.140625 0.455915
3 0.609933 0.553757 0.139509 0.398438
3 0.376116 0.331752 0.436384 0.631138
0 0.513393 0.443917 0.15625 0.484189
3 0.230539 0.566592 0.0417132 0.102679
2 0.333496 0.331845 0.550642 0.663691
3 0.214146 0.572173 0.031529 0.0922619
1 0.46875 0.411458 0.146205 0.485863
0 0.418806 0.414528 0.132254 0.452195
1 0.418806 0.414528 0.132254 0.452195
0 0.582031 0.540923 0.220982 0.419643
3 0.232143 0.563616 0.0686384 0.192708
0 0.33517 0.362072 0.24707 0.579427
1 0.977121 0.572173 0.0446428 0.200893
0 0.381696 0.362723 0.212054 0.552083
0 0.575335 0.399554 0.209821 0.491816
3 0.2244 0.574033 0.0350167 0.0915178
0 0.46875 0.411458 0.146205 0.485863
