3 0.978795 0.577381 0.0379465 0.130952
0 0.495536 0.52846 0.232143 0.684152
0 0.308175 0.332496 0.528739 0.6609
1 0.518415 0.564453 0.27567 0.723772
0 0.454241 0.399275 0.300223 0.63151
2 0.978795 0.577381 0.0390625 0.12872
1 0.978795 0.577009 0.0390625 0.130952
1 0.495396 0.644345 0.190011 0.541667
0 0.451311 0.387649 0.191127 0.59003
2 0.496094 0.527623 0.231027 0.696243
3 0.978516 0.584077 0.0429688 0.177083
0 0.978795 0.577009 0.0390625 0.130952
1 0.483538 0.448382 0.212612 0.583891
1 0.392997 0.348214 0.397042 0.627232
1 0.550781 0.661086 0.327009 0.588542
0 0.424595 0.338077 0.462193 0.637835
1 0.309291 0.335565 0.481864 0.671131
0 0.4149 0.339286 0.21596 0.589286
3 0.495396 0.526879 0.24135 0.679874
0 0.418248 0.428571 0.134487 0.458333
2 0.976562 0.573289 0.0435267 0.19122
0 0.450893 0.529483 0.165179 0.573475
1 0.454799 0.397042 0.301339 0.637463
0 0.56808 0.555153 0.242188 0.605469
1 0.493862 0.671875 0.308036 0.538691
0 0.512695 0.633185 0.226842 0.587798
3 0.973772 0.558036 0.0390625 0.158482
1 0.451311 0.387649 0.191127 0.59003
0 0.42341 0.417411 0.259208 0.491815
0 0.431362 0.496466 0.189732 0.405878
0 0.56808 0.608445 0.408482 0.696801
0 0.414062 0.473958 0.0982143 0.375
1 0.418248 0.428571 0.134487 0.458333
1 0.976562 0.573289 0.0435267 0.19122
1 0.414062 0.473958 0.0982143 0.375
2 0.310896 0.330729 0.545619 0.661458
1 0.434152 0.499907 0.169643 0.421317
0 0.26702 0.725632 0.464286 0.539807
3 0.310896 0.330729 0.545619 0.661458
0 0.503767 0.410714 0.193359 0.547619
1 0.458984 0.553199 0.155692 0.557292
3 0.986328 0.590402 0.0273438 0.18378
2 0.481585 0.407366 0.207589 0.594494
1 0.412388 0.512277 0.0669643 0.235863
3 0.233817 0.56622 0.0412946 0.107887
