3 0.978237 0.578497 0.0401786 0.126488
0 0.801339 0.572173 0.170759 0.758929
1 0.800223 0.534226 0.160714 0.686012
0 0.392299 0.333705 0.357143 0.612351
0 0.324637 0.331473 0.538225 0.662202
0 0.442801 0.352679 0.172433 0.570684
0 0.780134 0.641369 0.160714 0.635417
1 0.395299 0.332589 0.374581 0.616816
1 0.780134 0.641369 0.160714 0.635417
2 0.978237 0.577381 0.0401786 0.12872
1 0.978237 0.577381 0.0401786 0.12872
1 0.442801 0.352679 0.172433 0.570684
0 0.771763 0.661086 0.242188 0.613839
0 0.978237 0.577381 0.0401786 0.12872
2 0.800223 0.533017 0.158482 0.676525
0 0.484096 0.335193 0.262835 0.608631
1 0.319127 0.335379 0.478934 0.670759
1 0.772879 0.585007 0.248884 0.773438
1 0.924107 0.348958 0.140625 0.613839
1 0.814732 0.661086 0.268973 0.631696
0 0.863839 0.561105 0.138393 0.559338
2 0.808036 0.575521 0.217634 0.759673
2 0.392299 0.333705 0.357143 0.612351
3 0.22998 0.569196 0.0400391 0.0997024
3 0.800223 0.533017 0.158482 0.676525
3 0.808036 0.575521 0.217634 0.759673
2 0.324707 0.330357 0.550363 0.660714
3 0.214007 0.577381 0.0284598 0.0877976
0 0.924107 0.348958 0.140625 0.613839
3 0.373326 0.331845 0.419643 0.631696
3 0.973772 0.558408 0.0390625 0.15997
0 0.487863 0.331101 0.437221 0.662202
0 0.843192 0.549107 0.241071 0.622024
0 0.417969 0.411086 0.15067 0.474702
3 0.231515 0.56622 0.0604074 0.162946
3 0.98577 0.59003 0.0284598 0.172619
0 0.410854 0.315848 0.208426 0.571429
3 0.21596 0.533854 0.0362723 0.149554
3 0.222866 0.578869 0.0319475 0.0944941
