1 0.0377372 0.468006 0.0637556 0.363095
2 0.0377372 0.468006 0.0637556 0.363095
1 0.0375628 0.622861 0.0694057 0.669457
0 0.0375628 0.622861 0.0694057 0.669457
0 0.0370396 0.479818 0.0669643 0.506138
0 0.054269 0.68378 0.1024 0.616071
1 0.0449219 0.508371 0.0731027 0.539807
2 0.0449219 0.508371 0.0731027 0.539807
0 0.0765904 0.697173 0.129464 0.575893
1 0.0496652 0.665923 0.0747768 0.627976
2 0.0375628 0.622861 0.0694057 0.669457
1 0.0589774 0.631045 0.114188 0.65904
3 0.0377372 0.468006 0.0637556 0.363095
1 0.035226 0.549479 0.0520368 0.537946
0 0.0266462 0.644903 0.0532924 0.606027
2 0.0293666 0.53032 0.0587333 0.534598
