1 0.669085 0.560268 0.166295 0.742559
3 0.978795 0.579613 0.0379465 0.126488
0 0.321708 0.331845 0.536272 0.662202
0 0.396205 0.33324 0.361607 0.610305
0 0.667411 0.57673 0.174107 0.742374
0 0.443917 0.353423 0.169085 0.565476
1 0.399693 0.332217 0.376953 0.613839
2 0.979353 0.579241 0.0390625 0.126488
1 0.979353 0.579241 0.0390625 0.126488
1 0.443917 0.353423 0.169085 0.565476
0 0.979353 0.579241 0.0390625 0.126488
3 0.979074 0.58631 0.0418527 0.168155
1 0.648996 0.639323 0.169643 0.632069
1 0.321987 0.330357 0.545759 0.660714
2 0.667411 0.57673 0.174107 0.742374
0 0.492606 0.350818 0.240234 0.591518
1 0.696987 0.517113 0.234375 0.696429
0 0.704241 0.532645 0.205357 0.651972
2 0.396205 0.33324 0.361607 0.610305
3 0.672991 0.528832 0.170759 0.674479
1 0.648996 0.460472 0.157366 0.565662
1 0.977121 0.575893 0.0435267 0.188988
2 0.321987 0.330357 0.545759 0.660714
2 0.977121 0.575893 0.0435267 0.188988
3 0.227958 0.566964 0.0396205 0.101935
3 0.375628 0.332496 0.428432 0.631138
0 0.643973 0.512835 0.234375 0.670759
3 0.21317 0.574033 0.0290179 0.0922619
3 0.214495 0.534226 0.0347377 0.154018
1 0.643973 0.512835 0.234375 0.670759
3 0.973214 0.558408 0.0390625 0.157738
1 0.622768 0.412481 0.178571 0.560454
3 0.986328 0.590774 0.0273438 0.173363
1 0.906808 0.344122 0.179688 0.633184
3 0.224958 0.532366 0.0467355 0.162946
0 0.622768 0.412481 0.178571 0.560454
0 0.417132 0.409226 0.148996 0.473214
3 0.229841 0.56436 0.0598493 0.164435
0 0.411691 0.314732 0.207868 0.569941
0 0.338728 0.361886 0.252232 0.576823
