2 0.658482 0.441685 0.143973 0.439546
0 0.076416 0.630487 0.149065 0.709263
1 0.0742188 0.569475 0.141462 0.593192
1 0.658482 0.431548 0.138393 0.427827
0 0.658482 0.431548 0.138393 0.427827
2 0.0745327 0.57022 0.143345 0.554502
3 0.658482 0.430804 0.137277 0.409226
1 0.0749163 0.458426 0.126953 0.352493
2 0.0749163 0.458426 0.126953 0.352493
0 0.0736607 0.508185 0.14202 0.444941
2 0.671317 0.503162 0.13058 0.463914
1 0.662388 0.599795 0.154018 0.590588
0 0.639509 0.420108 0.1875 0.516927
2 0.657924 0.453869 0.13058 0.294643
0 0.120117 0.666667 0.240234 0.666667
0 0.662388 0.599795 0.154018 0.590588
2 0.641741 0.496187 0.116071 0.477865
2 0.638393 0.420387 0.18192 0.533482
3 0.0745327 0.57022 0.143345 0.554502
0 0.537946 0.4375 0.38058 0.65625
2 0.662388 0.599795 0.154018 0.590588
0 0.670759 0.684152 0.194196 0.578125
2 0.672991 0.506696 0.111607 0.247768
2 0.639509 0.499256 0.102679 0.261905
1 0.0916922 0.667225 0.182687 0.656622
1 0.626116 0.443731 0.223214 0.49349
1 0.0757882 0.521949 0.122419 0.271577
