1 0.403599 0.56715 0.212891 0.606771
3 0.979353 0.577381 0.0379464 0.129464
0 0.463449 0.415179 0.163504 0.49628
0 0.302804 0.333333 0.468052 0.662202
1 0.481445 0.476284 0.0851005 0.437314
1 0.470285 0.492839 0.126395 0.499442
0 0.402623 0.570406 0.236049 0.612165
1 0.48298 0.469122 0.0753348 0.276786
2 0.979353 0.577009 0.0379464 0.12872
0 0.480469 0.446894 0.0859375 0.402344
1 0.463449 0.415179 0.163504 0.49628
1 0.979353 0.577009 0.0379464 0.12872
0 0.470285 0.492839 0.126395 0.499442
0 0.979353 0.577009 0.0379464 0.12872
2 0.402344 0.574312 0.234375 0.677269
0 0.443778 0.400763 0.282087 0.542225
3 0.978795 0.584077 0.0424107 0.186012
0 0.480608 0.450149 0.0767299 0.28497
0 0.384208 0.404669 0.271763 0.555246
1 0.401367 0.663318 0.268694 0.539435
3 0.402344 0.574312 0.234375 0.677269
2 0.480608 0.450149 0.0767299 0.28497
2 0.470285 0.492839 0.126395 0.499442
2 0.480469 0.446894 0.0859375 0.402344
3 0.97433 0.557292 0.0390625 0.15625
2 0.463449 0.415179 0.163504 0.49628
1 0.373465 0.589844 0.313337 0.695312
1 0.479213 0.409877 0.10519 0.471912
3 0.226214 0.568452 0.03976 0.109375
0 0.443359 0.323382 0.47154 0.637463
2 0.978795 0.584077 0.0424107 0.186012
0 0.253278 0.708333 0.3863 0.561012
0 0.328683 0.39481 0.161272 0.580915
1 0.301897 0.332961 0.510045 0.665923
1 0.356864 0.545387 0.196987 0.614583
3 0.227679 0.566592 0.0613839 0.241071
1 0.443778 0.400763 0.282087 0.542225
3 0.21317 0.570685 0.0329241 0.0997024
3 0.222377 0.529018 0.0457589 0.174107
0 0.331194 0.465681 0.230469 0.683222
1 0.440569 0.500372 0.164621 0.502232
1 0.977679 0.574033 0.0446428 0.207589
1 0.433733 0.647321 0.163783 0.5
3 0.986328 0.591146 0.0273438 0.200149
3 0.213658 0.53125 0.0369699 0.160714
0 0.490513 0.511905 0.0825893 0.458333
