2 0.925502 0.465123 0.148995 0.376302
1 0.921875 0.473121 0.147321 0.412388
2 0.920201 0.498698 0.154018 0.550223
0 0.920201 0.501767 0.154018 0.506882
1 0.368304 0.631882 0.0915179 0.640997
0 0.368304 0.631882 0.0915179 0.640997
0 0.910714 0.611421 0.169643 0.684896
3 0.365513 0.52753 0.0390625 0.139137
3 0.364955 0.522321 0.0412946 0.0892857
3 0.369978 0.536086 0.0574777 0.34003
3 0.36942 0.501488 0.0390625 0.0662203
3 0.366908 0.584263 0.0987723 0.581473
0 0.349609 0.693266 0.131138 0.577753
1 0.914062 0.602679 0.140625 0.595238
3 0.369699 0.504464 0.0368304 0.148066
1 0.369699 0.61942 0.0664062 0.515625
3 0.369978 0.568824 0.0479911 0.232887
3 0.362165 0.495536 0.0340402 0.0632441
2 0.368304 0.631882 0.0915179 0.640997
1 0.349609 0.693266 0.131138 0.577753
1 0.369978 0.536086 0.0574777 0.34003
3 0.924107 0.48391 0.15067 0.422061
3 0.362165 0.498512 0.0351562 0.127232
1 0.365513 0.52753 0.0390625 0.139137
3 0.369699 0.61942 0.0664062 0.515625
1 0.369978 0.568824 0.0479911 0.232887
0 0.369699 0.61942 0.0664062 0.515625
0 0.369978 0.536086 0.0574777 0.34003
3 0.362444 0.49814 0.0524554 0.261161
3 0.355748 0.640625 0.12779 0.657738
1 0.38365 0.666853 0.0876116 0.565104
3 0.37221 0.559524 0.0457589 0.0952381
1 0.919643 0.497396 0.140625 0.279018
0 0.882254 0.673549 0.235491 0.643973
0 0.926339 0.59933 0.121652 0.540923
2 0.956473 0.446336 0.0758928 0.390067
