2 0.626674 0.431455 0.171875 0.561198
0 0.617327 0.402623 0.236328 0.55785
1 0.644531 0.423456 0.108259 0.47154
1 0.626674 0.431455 0.171875 0.561198
0 0.552455 0.453032 0.361607 0.656436
1 0.598772 0.399926 0.311384 0.580357
2 0.644531 0.423456 0.108259 0.47154
0 0.629464 0.392485 0.147321 0.495536
1 0.65067 0.490606 0.0825893 0.398252
1 0.65346 0.495536 0.0703125 0.274554
0 0.493443 0.389137 0.359096 0.587798
3 0.629464 0.392485 0.147321 0.495536
1 0.541853 0.461589 0.385045 0.678013
3 0.65346 0.495536 0.0703125 0.274554
2 0.65346 0.495536 0.0703125 0.274554
0 0.637835 0.46317 0.125 0.469494
3 0.65067 0.490606 0.0825893 0.398252
0 0.637835 0.609933 0.178571 0.571801
2 0.553013 0.453404 0.348214 0.669085
1 0.668527 0.384301 0.109375 0.52753
