3 0.978795 0.577381 0.0368303 0.127232
1 0.0736258 0.541667 0.140137 0.502976
0 0.3976 0.333705 0.339844 0.599702
0 0.322196 0.334449 0.548689 0.663691
2 0.0777065 0.539156 0.14202 0.49163
1 0.402065 0.332868 0.358817 0.603609
1 0.0585938 0.519531 0.117188 0.618676
0 0.444057 0.352307 0.166574 0.563244
1 0.444057 0.352307 0.166574 0.563244
2 0.979353 0.576637 0.0379464 0.126488
0 0.0801828 0.521484 0.149344 0.576079
1 0.979353 0.576637 0.0379464 0.126488
0 0.483817 0.335472 0.262277 0.616257
0 0.979353 0.576637 0.0379464 0.126488
1 0.307617 0.337054 0.498605 0.674107
1 0.027274 0.536179 0.0509208 0.505022
3 0.978516 0.585194 0.0429688 0.186756
0 0.495536 0.331101 0.4375 0.662202
2 0.0585938 0.519531 0.117188 0.618676
2 0.3976 0.333705 0.339844 0.599702
1 0.0792411 0.533482 0.128348 0.301339
3 0.0774275 0.539993 0.141741 0.515253
0 0.419364 0.414435 0.131696 0.457589
3 0.973772 0.558408 0.0379464 0.155506
0 0.179548 0.515997 0.173828 0.521577
2 0.32101 0.332217 0.563337 0.664435
1 0.419364 0.414435 0.131696 0.457589
3 0.373465 0.331752 0.418248 0.62965
2 0.978516 0.585194 0.0429688 0.186756
1 0.103655 0.511254 0.20731 0.586124
0 0.411691 0.313988 0.203404 0.566964
0 0.54534 0.334449 0.199498 0.572173
0 0.910714 0.348679 0.172991 0.627046
0 0.176409 0.515625 0.327985 0.559524
1 0.0115095 0.527809 0.023019 0.529204
1 0.910714 0.348679 0.172991 0.627046
2 0.027274 0.536179 0.0509208 0.505022
1 0.977679 0.573289 0.0446428 0.200149
