0 0.906808 0.390997 0.176339 0.765625
0 0.890067 0.601191 0.206473 0.77381
0 0.318499 0.333333 0.525949 0.662202
0 0.38923 0.335193 0.321987 0.619048
0 0.441964 0.350353 0.170759 0.586496
1 0.908482 0.350539 0.172991 0.673921
1 0.392857 0.334077 0.337054 0.623512
1 0.441964 0.350353 0.170759 0.586496
0 0.839286 0.662574 0.299107 0.674851
0 0.926897 0.65811 0.132812 0.65253
1 0.312779 0.337054 0.461496 0.674107
0 0.782366 0.621838 0.410714 0.717634
1 0.87779 0.601004 0.234375 0.780134
2 0.904576 0.344494 0.183036 0.668155
3 0.233817 0.569941 0.0424107 0.102679
0 0.873884 0.458891 0.241071 0.790551
0 0.848772 0.336217 0.293527 0.666853
2 0.38923 0.335193 0.321987 0.619048
2 0.317662 0.332217 0.534319 0.664435
2 0.87779 0.601004 0.234375 0.780134
0 0.420759 0.412574 0.148438 0.491071
3 0.235979 0.567708 0.0631975 0.167411
3 0.904576 0.344494 0.183036 0.668155
3 0.317662 0.332217 0.534319 0.664435
3 0.87779 0.601004 0.234375 0.780134
3 0.213728 0.573661 0.0334821 0.0959821
0 0.333705 0.361235 0.257813 0.594494
0 0.930246 0.476562 0.127232 0.65253
3 0.213518 0.537202 0.038923 0.151786
0 0.484096 0.350818 0.220424 0.613095
3 0.227121 0.578497 0.0351562 0.0930059
3 0.229143 0.537946 0.0484096 0.15253
3 0.38923 0.335193 0.321987 0.619048
