3 0.942522 0.53125 0.0970982 0.238095
3 0.943638 0.497024 0.0859375 0.189732
0 0.938058 0.68099 0.11942 0.587426
1 0.938058 0.68099 0.11942 0.587426
2 0.945871 0.56808 0.106027 0.359375
0 0.633929 0.751488 0.136161 0.43006
2 0.942522 0.53125 0.0970982 0.238095
1 0.637835 0.733631 0.0982142 0.339286
1 0.633929 0.751488 0.136161 0.43006
2 0.94029 0.675967 0.11942 0.593006
3 0.946429 0.564732 0.101562 0.375
2 0.936942 0.514137 0.125 0.322917
3 0.962612 0.491443 0.0535714 0.217262
3 0.959821 0.524554 0.0625 0.244048
3 0.332868 0.359747 0.0128348 0.0372024
0 0.637835 0.733631 0.0982142 0.339286
2 0.943638 0.497024 0.0859375 0.189732
1 0.945871 0.56808 0.106027 0.359375
0 0.960938 0.703125 0.078125 0.578869
0 0.944754 0.517857 0.107143 0.31994
1 0.648438 0.722284 0.0703125 0.259301
3 0.936942 0.514137 0.125 0.322917
1 0.960938 0.703125 0.078125 0.578869
3 0.332868 0.34933 0.0128348 0.0349702
2 0.959821 0.524554 0.0625 0.244048
