1 0.679688 0.516183 0.180804 0.765253
0 0.679129 0.596726 0.208705 0.772321
0 0.678571 0.47833 0.183036 0.735305
2 0.682478 0.481399 0.183036 0.729167
0 0.542411 0.460472 0.415179 0.698103
0 0.678571 0.421224 0.265625 0.693266
0 0.627093 0.470145 0.32394 0.742746
1 0.694754 0.611979 0.242188 0.759673
1 0.652344 0.4734 0.254464 0.713914
3 0.682478 0.481399 0.183036 0.729167
0 0.691964 0.367932 0.183036 0.596726
1 0.691964 0.367932 0.183036 0.596726
2 0.680246 0.601191 0.225446 0.782738
1 0.542411 0.460472 0.415179 0.698103
3 0.680246 0.601191 0.225446 0.782738
0 0.712612 0.653274 0.168527 0.625
0 0.679129 0.341425 0.347098 0.625186
