0 0.542411 0.720052 0.300223 0.515253
0 0.548968 0.726191 0.245815 0.39881
3 0.368583 0.500744 0.0351562 0.0721726
3 0.361607 0.519717 0.0385045 0.0840774
3 0.368862 0.515625 0.0429688 0.0833333
1 0.542411 0.720052 0.300223 0.515253
3 0.367467 0.522693 0.0507812 0.155506
3 0.369978 0.548735 0.0424107 0.149554
3 0.359654 0.5 0.031808 0.0706845
3 0.361607 0.548735 0.0401786 0.134673
1 0.548968 0.726191 0.245815 0.39881
3 0.369699 0.551339 0.0585938 0.245536
3 0.371652 0.545759 0.0424107 0.0840774
3 0.548968 0.726191 0.245815 0.39881
0 0.569196 0.72247 0.21875 0.305059
2 0.542411 0.720052 0.300223 0.515253
1 0.364118 0.522693 0.0334821 0.0840774
1 0.367467 0.522693 0.0507812 0.155506
1 0.368583 0.503348 0.031808 0.0848214
3 0.367188 0.569196 0.0976562 0.422619
3 0.370257 0.603795 0.046875 0.228423
3 0.542411 0.720052 0.300223 0.515253
3 0.357143 0.543899 0.0368304 0.0885417
3 0.359933 0.500744 0.0446429 0.145833
1 0.569196 0.72247 0.21875 0.305059
3 0.384766 0.529762 0.0446428 0.132441
