0 0.178292 0.601191 0.353237 0.778274
3 0.978795 0.579985 0.0390625 0.127232
0 0.269252 0.382533 0.538504 0.736421
0 0.373326 0.335472 0.383929 0.617746
0 0.137591 0.6516 0.266671 0.667039
0 0.234096 0.544457 0.468192 0.789062
2 0.978795 0.578869 0.0401785 0.129464
0 0.44308 0.354911 0.174107 0.561012
1 0.978795 0.578869 0.0390625 0.122768
1 0.17899 0.603423 0.35798 0.769345
0 0.978795 0.578869 0.0401785 0.129464
1 0.376046 0.333984 0.405273 0.625186
0 0.482422 0.336961 0.24721 0.608817
1 0.44308 0.354911 0.174107 0.561012
1 0.266741 0.381324 0.533482 0.741816
1 0.976562 0.576637 0.0435267 0.175595
2 0.17899 0.603423 0.35798 0.769345
0 0.172154 0.345238 0.303571 0.663691
2 0.266741 0.381324 0.533482 0.741816
0 0.910156 0.34933 0.171875 0.632441
3 0.17899 0.603423 0.35798 0.769345
3 0.266741 0.381324 0.533482 0.741816
1 0.910156 0.34933 0.171875 0.632441
0 0.487723 0.331101 0.414062 0.662202
3 0.972656 0.559524 0.0401786 0.151042
2 0.354701 0.33417 0.461356 0.638207
0 0.417969 0.413783 0.154018 0.4641
0 0.544224 0.334077 0.181641 0.555804
3 0.354701 0.33417 0.461356 0.638207
3 0.986328 0.59003 0.0273438 0.184524
1 0.137591 0.6516 0.266671 0.667039
