0 0.476842 0.619978 0.223772 0.718378
0 0.472098 0.388951 0.25 0.763765
0 0.428013 0.657552 0.148438 0.61942
0 0.476562 0.321801 0.196429 0.630952
1 0.481724 0.619792 0.248605 0.712798
0 0.488979 0.554129 0.309989 0.781622
0 0.435268 0.343099 0.207589 0.654576
1 0.470843 0.34189 0.254743 0.674851
0 0.445033 0.541667 0.208147 0.729167
0 0.564732 0.381138 0.297991 0.669271
2 0.481724 0.619792 0.248605 0.712798
2 0.471401 0.387835 0.262556 0.763021
3 0.481724 0.619792 0.248605 0.712798
3 0.471401 0.387835 0.262556 0.763021
0 0.574079 0.443731 0.416574 0.713728
1 0.428013 0.657552 0.148438 0.61942
1 0.49707 0.429315 0.333984 0.811012
0 0.592634 0.316313 0.421875 0.609933
