1 0.963728 0.531994 0.0725446 0.488095
0 0.393973 0.333426 0.34933 0.603981
0 0.3268 0.333705 0.533901 0.663691
2 0.966239 0.530506 0.0675223 0.450893
1 0.398717 0.332961 0.365513 0.606399
0 0.964286 0.527437 0.0703125 0.491257
0 0.443359 0.352307 0.165737 0.560268
1 0.443359 0.352307 0.165737 0.560268
1 0.955357 0.602679 0.078125 0.596726
0 0.482701 0.33324 0.253348 0.610305
1 0.955078 0.486421 0.0898438 0.640253
1 0.316685 0.335379 0.472656 0.670759
0 0.955078 0.486421 0.0898438 0.640253
0 0.493304 0.330357 0.436384 0.65997
2 0.955357 0.602679 0.078125 0.596726
1 0.939732 0.52753 0.092634 0.568452
2 0.398717 0.332961 0.365513 0.606399
0 0.955357 0.602679 0.078125 0.596726
3 0.96317 0.531529 0.0703125 0.465216
3 0.227958 0.565104 0.0407366 0.104911
3 0.373744 0.331752 0.419922 0.631138
3 0.214565 0.531994 0.0357143 0.159226
2 0.32659 0.331659 0.547712 0.663318
0 0.417411 0.413318 0.136161 0.458333
3 0.212681 0.570685 0.0299944 0.0974703
3 0.223424 0.53125 0.0481306 0.164435
0 0.334263 0.361979 0.252232 0.584821
0 0.939732 0.52753 0.092634 0.568452
3 0.229562 0.562872 0.0637556 0.181548
1 0.417411 0.413318 0.136161 0.458333
0 0.41183 0.313988 0.204241 0.568452
0 0.877232 0.350446 0.208705 0.623512
0 0.379743 0.363095 0.213728 0.556548
0 0.543666 0.333333 0.188337 0.570685
1 0.877232 0.350446 0.208705 0.623512
3 0.212612 0.567336 0.0452009 0.145089
1 0.968192 0.523438 0.0613839 0.304316
