3 0.978795 0.577753 0.0368303 0.126488
1 0.436663 0.546503 0.164621 0.442708
0 0.323451 0.333333 0.550642 0.666667
0 0.440848 0.516183 0.175223 0.503348
0 0.386789 0.381696 0.354771 0.622024
2 0.434849 0.543155 0.163783 0.447917
2 0.979353 0.577009 0.0379464 0.126488
0 0.403739 0.496745 0.28404 0.56901
1 0.979353 0.577009 0.0379464 0.126488
1 0.446987 0.501767 0.21875 0.53218
0 0.979353 0.577009 0.0379464 0.126488
0 0.432826 0.329985 0.508231 0.657738
0 0.414342 0.403925 0.164063 0.546317
3 0.978795 0.583705 0.0424107 0.183036
0 0.446568 0.353423 0.214007 0.595238
0 0.462054 0.439825 0.155134 0.547433
1 0.442383 0.497768 0.153181 0.296875
3 0.435686 0.542783 0.164342 0.438244
1 0.412388 0.56901 0.234375 0.504836
0 0.267927 0.720982 0.449637 0.549107
0 0.444754 0.458705 0.140625 0.258929
1 0.439732 0.560268 0.149554 0.297619
3 0.97433 0.557664 0.0379464 0.154762
0 0.379464 0.393601 0.174665 0.547619
1 0.323451 0.333333 0.550642 0.666667
0 0.49721 0.36635 0.280134 0.645275
3 0.212054 0.571801 0.0290179 0.0915179
2 0.978795 0.583705 0.0424107 0.183036
1 0.390904 0.563244 0.108259 0.419643
3 0.228516 0.567336 0.0385045 0.0959821
1 0.386789 0.381696 0.354771 0.622024
1 0.462054 0.439825 0.155134 0.547433
1 0.389509 0.490141 0.137277 0.504836
1 0.879464 0.348121 0.217634 0.62965
1 0.977679 0.573289 0.0446428 0.197917
0 0.389509 0.490141 0.137277 0.504836
0 0.338449 0.386998 0.217634 0.580171
0 0.879464 0.348121 0.217634 0.62965
3 0.212123 0.568452 0.0472935 0.141369
1 0.42048 0.455915 0.146763 0.513765
3 0.223424 0.575149 0.0302734 0.0892857
3 0.229911 0.565848 0.0641741 0.173363
3 0.212821 0.532738 0.0347377 0.15253
