1 0.772321 0.554129 0.100446 0.354539
3 0.978795 0.579613 0.0379465 0.127232
0 0.393415 0.332682 0.348214 0.605469
0 0.330636 0.331938 0.520647 0.65904
2 0.771763 0.553944 0.0970982 0.354911
1 0.397042 0.331845 0.364397 0.607887
0 0.444196 0.354167 0.166295 0.561012
2 0.979353 0.578869 0.0390625 0.127232
1 0.979353 0.578869 0.0390625 0.127232
1 0.444196 0.354167 0.166295 0.561012
0 0.484794 0.33631 0.253627 0.607887
3 0.978795 0.585938 0.0424107 0.171875
0 0.979353 0.578869 0.0390625 0.127232
0 0.771763 0.554315 0.0959822 0.358631
1 0.320661 0.335565 0.468052 0.671131
3 0.771205 0.553571 0.0948661 0.357143
0 0.494978 0.330357 0.43192 0.65997
3 0.228516 0.569568 0.0418527 0.101935
2 0.397042 0.331845 0.364397 0.607887
2 0.977121 0.575893 0.0435267 0.188988
3 0.214355 0.573289 0.0311105 0.0944941
1 0.977121 0.575893 0.0435267 0.188988
1 0.876116 0.3524 0.234375 0.627046
3 0.230469 0.566964 0.063058 0.169643
0 0.876116 0.3524 0.234375 0.627046
3 0.37207 0.33138 0.416574 0.628906
2 0.329729 0.329799 0.532506 0.659598
0 0.41769 0.414062 0.142299 0.462798
3 0.215402 0.535714 0.0357143 0.151786
0 0.410575 0.313988 0.200056 0.565476
3 0.214216 0.570312 0.0464565 0.137649
3 0.986328 0.591146 0.0273438 0.183036
3 0.222726 0.578125 0.0333426 0.0967262
0 0.543387 0.334542 0.196708 0.56901
3 0.226562 0.534598 0.0502232 0.165179
0 0.3381 0.360956 0.252372 0.577195
1 0.804688 0.552269 0.199777 0.374628
