3 0.978795 0.577753 0.0379465 0.12872
1 0.451869 0.565383 0.172154 0.699591
0 0.310407 0.338542 0.513114 0.677083
0 0.451451 0.553106 0.158482 0.62593
1 0.451172 0.586124 0.253906 0.726562
0 0.450195 0.581101 0.231306 0.71875
0 0.380022 0.374814 0.28683 0.637277
2 0.978795 0.576637 0.0390625 0.12872
1 0.978795 0.576637 0.0390625 0.12872
3 0.978516 0.582217 0.0429688 0.171131
0 0.978795 0.576637 0.0390625 0.12872
1 0.453125 0.458519 0.146205 0.502604
1 0.427455 0.601377 0.143973 0.594866
2 0.451869 0.564918 0.171038 0.68564
1 0.444755 0.663691 0.340402 0.623512
1 0.309361 0.33817 0.529715 0.676339
0 0.433036 0.423549 0.208705 0.575521
3 0.973772 0.558036 0.0390625 0.15625
0 0.404297 0.341611 0.178013 0.575707
2 0.976562 0.573289 0.0435267 0.19122
0 0.426339 0.65718 0.16183 0.578497
0 0.404855 0.677083 0.332031 0.596726
1 0.907366 0.348121 0.178572 0.62965
1 0.976562 0.573289 0.0435267 0.19122
0 0.329032 0.709077 0.479213 0.5625
0 0.907366 0.348121 0.178572 0.62965
3 0.451869 0.564918 0.171038 0.68564
2 0.451172 0.586124 0.253906 0.726562
0 0.421596 0.442894 0.135603 0.530878
1 0.370536 0.567708 0.0647321 0.436012
2 0.309361 0.33817 0.529715 0.676339
0 0.498884 0.607143 0.366071 0.729167
3 0.230957 0.56622 0.0403181 0.101935
1 0.442104 0.6875 0.192801 0.565476
0 0.375837 0.385324 0.163504 0.580543
0 0.365513 0.540551 0.0758929 0.468006
3 0.451172 0.586124 0.253906 0.726562
3 0.986607 0.59003 0.0267857 0.184524
3 0.309361 0.33817 0.529715 0.676339
1 0.380022 0.374814 0.28683 0.637277
