3 0.330915 0.472098 0.0608259 0.114583
3 0.364118 0.472842 0.0597098 0.102679
3 0.319754 0.468006 0.0351562 0.0952381
3 0.376674 0.466518 0.0368304 0.0848214
3 0.380859 0.474702 0.0323661 0.0766369
3 0.370536 0.483631 0.0479911 0.09375
3 0.345703 0.473958 0.104353 0.120536
1 0.327288 0.470238 0.0485491 0.108631
0 0.327288 0.470238 0.0485491 0.108631
0 0.362723 0.471726 0.0613839 0.104911
0 0.341797 0.474702 0.0809152 0.113839
2 0.327288 0.470238 0.0485491 0.108631
1 0.33817 0.480283 0.0658482 0.110119
3 0.386998 0.457589 0.0295759 0.0639881
1 0.362723 0.471726 0.0613839 0.104911
0 0.381696 0.473214 0.0491071 0.0885417
3 0.388951 0.455357 0.0401785 0.0736607
1 0.381696 0.473214 0.0491071 0.0885417
1 0.345703 0.473958 0.104353 0.120536
