1 0.430804 0.545387 0.179688 0.617559
3 0.978795 0.577381 0.0379465 0.129464
0 0.311872 0.337798 0.490095 0.675595
0 0.427874 0.549386 0.172154 0.608073
0 0.43736 0.395089 0.252511 0.644345
2 0.979353 0.576265 0.0390625 0.12872
0 0.407366 0.516555 0.246652 0.699033
1 0.979353 0.576265 0.0390625 0.12872
0 0.441127 0.331752 0.451451 0.6609
2 0.426758 0.545201 0.181083 0.617932
3 0.978516 0.582589 0.0429688 0.169643
0 0.979353 0.576265 0.0390625 0.12872
0 0.410714 0.355655 0.180804 0.566964
1 0.407366 0.516555 0.246652 0.699033
0 0.440569 0.405134 0.161272 0.573661
1 0.311733 0.337798 0.514928 0.675595
0 0.470982 0.348958 0.196429 0.595982
2 0.977121 0.574405 0.0446428 0.190476
3 0.973772 0.558036 0.0379464 0.153274
3 0.426897 0.54455 0.183036 0.605841
0 0.264509 0.718936 0.425781 0.556176
3 0.214844 0.528646 0.0345982 0.160714
1 0.977121 0.574405 0.0446428 0.190476
3 0.222656 0.52753 0.0435268 0.165179
0 0.330915 0.344401 0.237165 0.607329
0 0.344866 0.51423 0.321429 0.633743
1 0.418248 0.638393 0.162946 0.498512
3 0.228795 0.558408 0.0407366 0.113095
0 0.351283 0.521391 0.203683 0.603051
2 0.311733 0.337798 0.514928 0.675595
1 0.87779 0.348121 0.222098 0.625186
3 0.986328 0.589658 0.0273438 0.188244
