3 0.978795 0.580357 0.0390625 0.125744
0 0.355469 0.523066 0.239397 0.668155
0 0.399344 0.336217 0.494838 0.656436
0 0.401786 0.363839 0.340402 0.660714
1 0.346261 0.552083 0.210938 0.623512
0 0.411551 0.368304 0.209263 0.59003
1 0.343331 0.579241 0.313337 0.719494
0 0.287388 0.334077 0.434152 0.668155
0 0.409319 0.522507 0.155692 0.523438
0 0.371931 0.387649 0.202567 0.585566
2 0.978795 0.580357 0.0390625 0.125
0 0.363909 0.585194 0.345843 0.668899
1 0.979353 0.579241 0.0401786 0.127232
1 0.409319 0.522507 0.155692 0.523438
3 0.976562 0.576637 0.0435267 0.177083
0 0.328962 0.533854 0.15904 0.609375
0 0.268415 0.696615 0.311384 0.553199
1 0.37779 0.454241 0.227121 0.631696
0 0.979353 0.579241 0.0401786 0.127232
0 0.479353 0.343006 0.27567 0.612351
1 0.398089 0.364955 0.37793 0.682292
0 0.280134 0.528181 0.188058 0.587984
0 0.440848 0.41183 0.171875 0.523809
0 0.46582 0.360863 0.160993 0.553571
2 0.363281 0.499442 0.248884 0.617188
0 0.301828 0.523438 0.300363 0.610863
1 0.440011 0.361235 0.195871 0.566964
2 0.976562 0.576637 0.0435267 0.177083
1 0.976562 0.576637 0.0435267 0.177083
0 0.216588 0.740327 0.399414 0.516369
3 0.365513 0.502604 0.280134 0.604911
0 0.273158 0.625 0.242746 0.587798
2 0.401786 0.363839 0.340402 0.660714
0 0.351842 0.456845 0.168527 0.584821
2 0.396554 0.333612 0.507115 0.658668
2 0.343331 0.579241 0.313337 0.719494
0 0.415179 0.518601 0.118304 0.255952
1 0.314523 0.678199 0.387695 0.560268
3 0.398089 0.364955 0.37793 0.682292
0 0.272042 0.341518 0.210938 0.598958
1 0.415179 0.518601 0.118304 0.255952
1 0.909598 0.347005 0.174107 0.628906
1 0.40904 0.427362 0.181362 0.547061
3 0.986049 0.590774 0.0279017 0.170387
0 0.435686 0.510417 0.145368 0.474702
0 0.42327 0.488467 0.222656 0.460565
0 0.310268 0.700149 0.205357 0.519345
0 0.216448 0.622954 0.209961 0.47433
0 0.213449 0.526786 0.125558 0.418155
1 0.334821 0.694196 0.215402 0.516369
0 0.976562 0.576637 0.0435267 0.177083
3 0.973772 0.561012 0.0379464 0.126488
2 0.411551 0.368304 0.209263 0.59003
1 0.435686 0.510417 0.145368 0.474702
