3 0.978795 0.577753 0.0368303 0.126488
1 0.0897042 0.511719 0.152065 0.589658
0 0.318359 0.334821 0.553013 0.664435
0 0.395926 0.333612 0.344308 0.603609
1 0.0689174 0.548642 0.116629 0.550037
0 0.0962612 0.509301 0.16769 0.59003
0 0.444755 0.352679 0.168527 0.564732
1 0.400251 0.332961 0.364676 0.608631
2 0.978795 0.576637 0.0379465 0.127232
1 0.444755 0.352679 0.168527 0.564732
0 0.485073 0.333705 0.266462 0.613839
1 0.978795 0.577381 0.0368303 0.122024
2 0.0851004 0.527809 0.140904 0.520275
1 0.299247 0.335938 0.506417 0.671875
0 0.0751604 0.528181 0.118094 0.529948
0 0.978795 0.576637 0.0379465 0.127232
0 0.17606 0.500837 0.352121 0.587612
0 0.163749 0.50279 0.2244 0.562872
3 0.978516 0.584077 0.0429688 0.184524
0 0.498326 0.331566 0.449777 0.661272
1 0.122245 0.499628 0.239328 0.603423
2 0.395926 0.333612 0.344308 0.603609
2 0.299247 0.335938 0.506417 0.671875
2 0.978516 0.584077 0.0429688 0.184524
3 0.299247 0.335938 0.506417 0.671875
3 0.0851004 0.527809 0.140904 0.520275
0 0.419643 0.414156 0.136719 0.466332
3 0.973214 0.559524 0.0379464 0.154018
1 0.0714286 0.524182 0.10519 0.298363
0 0.225656 0.375837 0.448242 0.740885
1 0.419643 0.414156 0.136719 0.466332
1 0.0244838 0.565383 0.0472935 0.534412
1 0.977121 0.573661 0.0446428 0.200149
0 0.545201 0.333798 0.198661 0.573475
3 0.395926 0.333612 0.344308 0.603609
0 0.905692 0.348586 0.184152 0.630952
1 0.106027 0.585193 0.143694 0.497768
0 0.174456 0.58724 0.268276 0.513021
0 0.411551 0.314732 0.205915 0.569941
0 0.580915 0.35147 0.378348 0.65718
1 0.905692 0.348586 0.184152 0.630952
