2 0.093192 0.514044 0.109096 0.413877
2 0.0944824 0.472098 0.104562 0.270833
3 0.0988072 0.469122 0.0908901 0.255208
0 0.0871931 0.653646 0.136998 0.674851
1 0.0937151 0.516927 0.111119 0.378348
0 0.0937151 0.516927 0.111119 0.378348
3 0.093192 0.514044 0.109096 0.413877
1 0.0969587 0.649368 0.146484 0.674479
3 0.623884 0.445312 0.0379465 0.0997024
2 0.0876116 0.6516 0.130301 0.672991
3 0.618862 0.44494 0.0569197 0.244048
2 0.0749512 0.456101 0.0861468 0.237351
1 0.0979702 0.47247 0.0964704 0.258929
2 0.0808803 0.501488 0.0966099 0.331845
0 0.126116 0.672619 0.252232 0.654762
3 0.618304 0.471354 0.0401786 0.125744
2 0.102818 0.490699 0.0761719 0.24256
3 0.112584 0.47433 0.0574777 0.147321
0 0.0979702 0.47247 0.0964704 0.258929
2 0.0889021 0.477307 0.0694057 0.146577
