1 0.641741 0.459635 0.185268 0.765253
0 0.548549 0.424014 0.350446 0.7234
0 0.642299 0.578776 0.194196 0.729353
1 0.63058 0.645089 0.179688 0.611607
1 0.548549 0.424014 0.350446 0.7234
1 0.377232 0.617002 0.11942 0.658854
0 0.378069 0.619048 0.126116 0.663691
3 0.365513 0.52381 0.0407366 0.140625
3 0.36635 0.523438 0.0552455 0.259673
3 0.369141 0.499628 0.0396205 0.0677084
1 0.365792 0.655692 0.0876116 0.593378
3 0.364397 0.519345 0.0440848 0.0907738
0 0.617188 0.428385 0.239955 0.726562
3 0.369699 0.50186 0.0373884 0.150298
3 0.36635 0.581101 0.0976562 0.572917
0 0.61928 0.662574 0.26702 0.598958
0 0.365792 0.655692 0.0876116 0.593378
3 0.36077 0.49442 0.0351562 0.0654762
3 0.369978 0.560268 0.0479911 0.227679
3 0.369699 0.562314 0.063058 0.458705
0 0.572684 0.610584 0.282087 0.711868
1 0.36635 0.523438 0.0552455 0.259673
0 0.472238 0.539993 0.276507 0.714658
1 0.369699 0.562314 0.063058 0.458705
3 0.361886 0.497396 0.0351562 0.127976
1 0.365513 0.52381 0.0407366 0.140625
0 0.350446 0.69122 0.125 0.577381
2 0.377232 0.617002 0.11942 0.658854
1 0.61928 0.662574 0.26702 0.598958
1 0.371931 0.672619 0.163504 0.623512
1 0.683036 0.651786 0.100446 0.568452
1 0.606585 0.434803 0.212054 0.673549
0 0.36635 0.523438 0.0552455 0.259673
1 0.369978 0.560268 0.0479911 0.227679
2 0.642857 0.459449 0.206473 0.767113
0 0.625 0.683966 0.179688 0.572545
0 0.390904 0.519438 0.147879 0.592076
3 0.358259 0.632627 0.131696 0.669271
2 0.642857 0.583054 0.178571 0.708891
0 0.369699 0.562314 0.063058 0.458705
1 0.473075 0.619141 0.265904 0.708147
3 0.641741 0.459635 0.1875 0.765253
0 0.646763 0.470145 0.165179 0.668341
2 0.543527 0.421875 0.389509 0.732143
3 0.390904 0.519438 0.147879 0.592076
