1 0.552595 0.719308 0.149275 0.385789
0 0.552595 0.719308 0.149275 0.385789
2 0.954799 0.523066 0.0881696 0.553571
1 0.553013 0.682292 0.132812 0.27381
2 0.554827 0.715774 0.148158 0.363095
0 0.955915 0.653274 0.0792411 0.620536
1 0.955915 0.653274 0.0792411 0.620536
2 0.952567 0.493304 0.0770089 0.28497
1 0.954241 0.524554 0.0904018 0.511905
0 0.954241 0.524554 0.0904018 0.511905
3 0.554827 0.715774 0.148158 0.363095
3 0.951451 0.512277 0.0881697 0.473958
1 0.524554 0.719494 0.175223 0.446429
0 0.941685 0.616444 0.116629 0.679316
2 0.566406 0.680804 0.106027 0.254464
0 0.553013 0.682292 0.132812 0.27381
1 0.573521 0.733073 0.216797 0.429688
1 0.553571 0.738839 0.127232 0.272321
0 0.573521 0.733073 0.216797 0.429688
2 0.555246 0.649554 0.114955 0.211309
2 0.555943 0.651786 0.130301 0.333333
1 0.941685 0.616444 0.116629 0.679316
