1 0.334542 0.561105 0.162946 0.548921
3 0.978795 0.577381 0.0379465 0.12872
0 0.411203 0.334914 0.454381 0.65904
0 0.412109 0.355283 0.300781 0.642857
1 0.352958 0.532459 0.232701 0.548177
0 0.33231 0.53218 0.181362 0.542783
0 0.417411 0.368025 0.195312 0.586868
0 0.395647 0.453962 0.188058 0.581659
2 0.979353 0.576637 0.0390625 0.127976
2 0.336217 0.534877 0.196429 0.543341
1 0.979353 0.576637 0.0390625 0.127976
0 0.276855 0.327381 0.451869 0.654762
0 0.372768 0.381045 0.209821 0.572731
0 0.419364 0.479074 0.138951 0.498698
1 0.395647 0.453962 0.188058 0.581659
0 0.979353 0.576637 0.0390625 0.127976
0 0.483538 0.335938 0.280692 0.614583
0 0.351144 0.399647 0.313337 0.592076
3 0.978516 0.583333 0.0429688 0.18006
1 0.439314 0.358259 0.186105 0.573661
1 0.412109 0.355283 0.300781 0.642857
1 0.420201 0.52167 0.126674 0.476004
0 0.465541 0.357794 0.169364 0.562686
1 0.405552 0.331845 0.470145 0.657738
2 0.978516 0.583333 0.0429688 0.18006
3 0.33231 0.53218 0.181362 0.542783
0 0.438616 0.481399 0.194196 0.415179
3 0.97433 0.558036 0.0379464 0.153274
1 0.363281 0.589286 0.164062 0.534226
2 0.395647 0.453962 0.188058 0.581659
1 0.977121 0.572917 0.0435267 0.195685
2 0.405552 0.331845 0.470145 0.657738
1 0.907366 0.34933 0.176339 0.622768
0 0.41769 0.551897 0.119978 0.458705
2 0.412109 0.355283 0.300781 0.642857
1 0.421317 0.520461 0.102679 0.256696
0 0.907366 0.34933 0.176339 0.622768
3 0.405552 0.331845 0.470145 0.657738
0 0.270368 0.384766 0.261719 0.623326
1 0.436384 0.48484 0.18192 0.426153
1 0.372768 0.381045 0.209821 0.572731
0 0.421317 0.520461 0.102679 0.256696
0 0.26981 0.341518 0.195312 0.565476
