3 0.979353 0.575893 0.0379464 0.130208
1 0.257533 0.552083 0.155692 0.447917
0 0.405692 0.335566 0.345982 0.616071
0 0.342494 0.333705 0.518136 0.667411
2 0.245815 0.539807 0.133371 0.454613
1 0.273438 0.527623 0.231027 0.465588
0 0.26423 0.521391 0.195871 0.528646
0 0.443499 0.353144 0.171038 0.56901
2 0.262277 0.520926 0.184152 0.55785
2 0.979353 0.574405 0.0390625 0.129464
2 0.211356 0.533854 0.0594308 0.269345
1 0.409598 0.333333 0.367187 0.618304
2 0.214007 0.531064 0.0680804 0.372396
0 0.245815 0.539807 0.133371 0.454613
1 0.443499 0.353144 0.171038 0.56901
0 0.306641 0.460472 0.328125 0.592448
0 0.48577 0.33417 0.273996 0.623326
1 0.979353 0.574405 0.0390625 0.129464
3 0.978795 0.579985 0.0424107 0.168899
1 0.216518 0.548177 0.0731027 0.33817
0 0.979353 0.574405 0.0390625 0.129464
1 0.211356 0.533854 0.0594308 0.269345
1 0.245884 0.564732 0.126535 0.299107
0 0.497489 0.332217 0.449219 0.664435
1 0.306641 0.460472 0.328125 0.592448
2 0.242257 0.534598 0.120396 0.294643
2 0.977121 0.571057 0.0435267 0.180804
1 0.379464 0.328869 0.533482 0.657738
3 0.97433 0.557664 0.0379464 0.146577
3 0.260603 0.546875 0.160714 0.453869
0 0.220982 0.494699 0.145647 0.56715
2 0.295201 0.474795 0.251674 0.559338
0 0.301339 0.345982 0.24442 0.584821
2 0.405692 0.335566 0.345982 0.616071
1 0.977121 0.571057 0.0435267 0.180804
0 0.214007 0.531064 0.0680804 0.372396
0 0.332868 0.519159 0.147879 0.420015
1 0.332868 0.519159 0.147879 0.420015
0 0.418527 0.415551 0.146205 0.462054
0 0.40904 0.408482 0.243304 0.475446
3 0.383092 0.335286 0.421317 0.640439
0 0.544085 0.335193 0.212054 0.578125
2 0.287109 0.550037 0.169643 0.447545
1 0.418527 0.415551 0.146205 0.462054
0 0.410575 0.313616 0.201172 0.563244
2 0.342494 0.333705 0.518136 0.667411
3 0.273438 0.527623 0.231027 0.465588
0 0.279646 0.3883 0.141602 0.507626
0 0.211356 0.533854 0.0594308 0.269345
0 0.579241 0.356864 0.38058 0.66276
