3 0.978795 0.579613 0.0379465 0.127976
1 0.522461 0.560547 0.171596 0.503906
0 0.325823 0.332217 0.544782 0.663691
1 0.529018 0.577381 0.24442 0.572917
0 0.520508 0.545945 0.159877 0.473586
0 0.504464 0.516276 0.25 0.546317
0 0.43471 0.380115 0.328125 0.671317
2 0.978795 0.578869 0.0390625 0.127976
1 0.978795 0.578869 0.0390625 0.127976
3 0.978516 0.584821 0.0429688 0.165923
1 0.480608 0.446801 0.209542 0.616815
1 0.390346 0.341146 0.421317 0.645833
1 0.567662 0.571801 0.214007 0.518601
1 0.542411 0.506231 0.145089 0.46224
0 0.978795 0.578869 0.0390625 0.127976
0 0.475307 0.392485 0.190011 0.591518
2 0.515067 0.516741 0.174107 0.555804
0 0.446568 0.46317 0.142578 0.518601
2 0.525112 0.554781 0.239955 0.527344
2 0.976562 0.574405 0.0435267 0.186756
1 0.976562 0.574405 0.0435267 0.186756
0 0.555106 0.564732 0.260324 0.502976
0 0.423968 0.418899 0.239118 0.494792
3 0.525112 0.554781 0.239955 0.527344
0 0.412109 0.471447 0.102679 0.336868
1 0.412109 0.471447 0.102679 0.336868
0 0.416574 0.370164 0.165737 0.548363
3 0.973772 0.558036 0.0390625 0.15625
2 0.540039 0.546689 0.154297 0.46317
0 0.542411 0.506231 0.145089 0.46224
3 0.212612 0.576637 0.0290179 0.0870536
1 0.446568 0.46317 0.142578 0.518601
1 0.575335 0.610119 0.31808 0.581845
1 0.907366 0.346447 0.178572 0.628534
0 0.501116 0.603795 0.179688 0.563244
3 0.986049 0.590774 0.0279017 0.172619
0 0.493722 0.409691 0.367467 0.583891
2 0.390346 0.341146 0.421317 0.645833
2 0.480608 0.446801 0.209542 0.616815
3 0.515067 0.516741 0.174107 0.555804
3 0.228516 0.569569 0.0401786 0.0982143
0 0.4149 0.426618 0.132254 0.460751
0 0.513253 0.397693 0.176618 0.539435
3 0.373186 0.340681 0.496931 0.669829
1 0.521066 0.530878 0.140904 0.303571
0 0.976562 0.574405 0.0435267 0.186756
1 0.408203 0.514137 0.0585938 0.21875
1 0.407645 0.509301 0.0814732 0.290179
3 0.212681 0.573289 0.0484096 0.141369
3 0.987165 0.592634 0.0256696 0.109375
3 0.230399 0.566592 0.0654297 0.175595
