3 0.448382 0.465402 0.0602678 0.118304
3 0.438058 0.46689 0.0597098 0.0997024
0 0.0273089 0.55599 0.0546177 0.730283
1 0.025286 0.5266 0.050572 0.613467
0 0.0223214 0.648066 0.0442243 0.626488
3 0.42327 0.460938 0.0479911 0.0870536
1 0.445871 0.465774 0.0680803 0.133929
0 0.446987 0.465402 0.0753348 0.125744
0 0.0245536 0.415923 0.0488281 0.589286
3 0.443638 0.464658 0.09375 0.149554
1 0.0223214 0.648066 0.0442243 0.626488
0 0.0422015 0.500837 0.0844029 0.68285
2 0.445871 0.465774 0.0680803 0.133929
0 0.0296108 0.342727 0.0592215 0.53032
2 0.0273089 0.55599 0.0546177 0.730283
3 0.4601 0.464286 0.0591517 0.107143
0 0.0577567 0.547898 0.107422 0.730097
3 0.42606 0.482515 0.0435268 0.0944941
1 0.439732 0.466518 0.0608259 0.10119
1 0.0422015 0.500837 0.0844029 0.68285
0 0.0422712 0.664062 0.0845424 0.651042
0 0.439732 0.466518 0.0608259 0.10119
3 0.40625 0.467262 0.0273438 0.0736607
0 0.0313895 0.62314 0.062779 0.625744
1 0.023298 0.36756 0.0458984 0.561756
3 0.46317 0.480283 0.0424107 0.108631
1 0.0193569 0.528739 0.0387137 0.56901
2 0.0223214 0.648066 0.0442243 0.626488
0 0.0595006 0.409412 0.10505 0.609747
3 0.0273089 0.55599 0.0546177 0.730283
3 0.405971 0.467262 0.0552455 0.127976
