3 0.978795 0.577381 0.0368303 0.12872
1 0.375558 0.547154 0.248884 0.645275
0 0.372768 0.524926 0.274554 0.695685
0 0.329799 0.336682 0.516741 0.673363
0 0.386091 0.37872 0.367327 0.696429
0 0.440151 0.360398 0.284877 0.630394
0 0.445312 0.374349 0.178571 0.577195
2 0.978795 0.576637 0.0379465 0.12872
0 0.426339 0.508836 0.202009 0.596912
1 0.978795 0.576637 0.0379465 0.12872
1 0.426339 0.508836 0.202009 0.596912
0 0.40625 0.435361 0.183594 0.587612
1 0.349051 0.692894 0.214844 0.489211
0 0.978795 0.576637 0.0379465 0.12872
0 0.263393 0.694196 0.308594 0.53869
2 0.377651 0.525856 0.258092 0.701265
0 0.471401 0.413225 0.11077 0.506882
1 0.445312 0.374349 0.178571 0.577195
3 0.978795 0.582961 0.0424107 0.192708
1 0.316755 0.677827 0.350865 0.529762
0 0.494699 0.334077 0.464844 0.668155
3 0.378209 0.525856 0.269252 0.692336
1 0.440151 0.360398 0.284877 0.630394
0 0.375558 0.343378 0.232143 0.62128
1 0.384208 0.376674 0.412388 0.719866
0 0.261161 0.605655 0.24442 0.546131
0 0.356306 0.445406 0.204241 0.603237
3 0.973772 0.558408 0.0379464 0.162946
2 0.978795 0.582961 0.0424107 0.192708
0 0.288993 0.518601 0.34947 0.580357
3 0.226632 0.565104 0.0450614 0.140625
3 0.21303 0.566964 0.0348772 0.107887
0 0.90625 0.345238 0.179688 0.631696
0 0.349051 0.692894 0.214844 0.489211
1 0.396205 0.654018 0.172991 0.508929
3 0.227121 0.56343 0.0742188 0.306176
1 0.471401 0.413225 0.11077 0.506882
3 0.221191 0.530506 0.0436663 0.185268
0 0.481306 0.406901 0.173549 0.50465
3 0.212681 0.532366 0.0366909 0.165179
3 0.21296 0.565104 0.054548 0.193452
2 0.376674 0.337798 0.533482 0.675595
2 0.440151 0.360398 0.284877 0.630394
0 0.220703 0.525856 0.0753348 0.364955
0 0.219936 0.527344 0.128767 0.406622
1 0.9774 0.572917 0.0452008 0.209821
3 0.376674 0.337798 0.533482 0.675595
0 0.500698 0.338077 0.181641 0.58724
