1 0.959822 0.536644 0.0803571 0.337426
2 0.960938 0.535528 0.078125 0.324777
0 0.387486 0.332961 0.367885 0.612351
0 0.328404 0.332589 0.541853 0.665179
1 0.390834 0.331845 0.382394 0.617559
0 0.44308 0.354911 0.172991 0.561012
0 0.959822 0.536458 0.0803571 0.325893
0 0.484515 0.335472 0.256417 0.608817
1 0.44308 0.354911 0.172991 0.561012
1 0.31529 0.333147 0.454241 0.666295
3 0.962054 0.533296 0.0758928 0.318824
0 0.492188 0.331101 0.441964 0.662202
2 0.370675 0.331473 0.428292 0.631696
3 0.229283 0.571057 0.039202 0.0974702
3 0.213309 0.577009 0.0292969 0.0877976
3 0.370675 0.331473 0.428292 0.631696
2 0.942522 0.533854 0.0970982 0.395089
3 0.231027 0.56808 0.061942 0.167411
0 0.545898 0.33324 0.19615 0.565662
1 0.942522 0.533854 0.0970982 0.395089
3 0.21317 0.573661 0.0479911 0.138393
0 0.416295 0.413225 0.154018 0.465216
3 0.222866 0.579241 0.0330636 0.09375
0 0.382254 0.359096 0.22433 0.563058
