2 0.273717 0.456473 0.0864955 0.220982
3 0.27567 0.456473 0.0881696 0.22619
3 0.44308 0.445685 0.0585938 0.177827
3 0.445871 0.461682 0.0920759 0.262649
1 0.273158 0.47061 0.0898438 0.271577
0 0.273158 0.47061 0.0898438 0.271577
3 0.45173 0.462054 0.0496652 0.174107
0 0.296038 0.662574 0.157924 0.655506
3 0.452288 0.461682 0.0641741 0.238095
2 0.273438 0.467634 0.0664062 0.151786
0 0.270647 0.694382 0.131696 0.590402
3 0.273438 0.467634 0.0664062 0.151786
2 0.445871 0.461682 0.0920759 0.262649
0 0.328753 0.663691 0.267718 0.672619
0 0.246164 0.670387 0.137137 0.616071
1 0.444755 0.445312 0.0641741 0.177827
0 0.444755 0.445312 0.0641741 0.177827
0 0.447824 0.459821 0.100446 0.297619
2 0.283761 0.490327 0.110491 0.337798
1 0.296038 0.662574 0.157924 0.655506
3 0.274833 0.485863 0.0546875 0.12872
2 0.444755 0.445312 0.0641741 0.177827
0 0.373047 0.683222 0.248326 0.606771
2 0.274833 0.485863 0.0546875 0.12872
1 0.447824 0.459821 0.100446 0.297619
