1 0.195871 0.541202 0.138951 0.465216
3 0.979353 0.578497 0.0368304 0.127232
0 0.404576 0.333984 0.33817 0.608817
0 0.338309 0.332775 0.542132 0.665551
2 0.194406 0.537853 0.1363 0.462984
0 0.443917 0.354167 0.169085 0.566964
0 0.195522 0.537388 0.136858 0.460938
2 0.979353 0.578497 0.0379464 0.126488
1 0.408203 0.332589 0.354353 0.614583
1 0.443917 0.354167 0.169085 0.566964
1 0.979911 0.578125 0.0379464 0.127232
1 0.219866 0.53404 0.208705 0.485491
0 0.483538 0.335286 0.260603 0.610677
0 0.22454 0.493583 0.230608 0.588728
0 0.979911 0.578125 0.0379464 0.127232
0 0.285366 0.380487 0.353376 0.654204
1 0.326939 0.346354 0.463309 0.692708
3 0.979074 0.585566 0.0418527 0.1875
0 0.494978 0.331659 0.446429 0.663318
1 0.169364 0.533296 0.138951 0.50186
3 0.19615 0.541202 0.138951 0.466704
2 0.404576 0.333984 0.33817 0.608817
0 0.196987 0.542225 0.207589 0.478051
2 0.979074 0.585566 0.0418527 0.1875
0 0.419643 0.411551 0.145647 0.481957
1 0.904576 0.347935 0.1875 0.630022
1 0.192871 0.529018 0.127651 0.303571
0 0.904576 0.347935 0.1875 0.630022
1 0.255859 0.486421 0.299665 0.610491
3 0.381975 0.333054 0.412388 0.634487
3 0.973214 0.558408 0.0390625 0.158482
2 0.338309 0.332775 0.542132 0.665551
0 0.385324 0.36077 0.203683 0.562686
0 0.545759 0.334077 0.191964 0.568452
1 0.419643 0.411551 0.145647 0.481957
0 0.169364 0.533296 0.138951 0.50186
0 0.465262 0.405134 0.130859 0.486607
1 0.977679 0.575149 0.0446428 0.200893
3 0.987165 0.59003 0.0256696 0.146577
1 0.465262 0.405134 0.130859 0.486607
