2 0.0834263 0.478423 0.0951451 0.289435
2 0.0834263 0.513672 0.104353 0.416109
0 0.0792411 0.652902 0.126395 0.674851
1 0.0806362 0.653088 0.123326 0.678944
3 0.736607 0.450149 0.0446428 0.139137
1 0.0835658 0.516741 0.104911 0.383185
0 0.0835658 0.516741 0.104911 0.383185
2 0.0806362 0.653088 0.123326 0.678944
3 0.0834263 0.478423 0.0951451 0.289435
3 0.744978 0.462426 0.0435268 0.114583
3 0.0834263 0.513672 0.104353 0.416109
3 0.733817 0.457961 0.0714285 0.289435
1 0.0825893 0.46503 0.0954241 0.270833
3 0.723772 0.466518 0.0457589 0.123512
3 0.728237 0.461031 0.117188 0.365141
0 0.0825893 0.46503 0.0954241 0.270833
3 0.744978 0.442708 0.0390625 0.119048
3 0.0792411 0.652902 0.126395 0.674851
3 0.72433 0.46689 0.0691964 0.189732
0 0.113002 0.671131 0.226004 0.651786
0 0.735491 0.449405 0.0558036 0.147321
1 0.735491 0.449405 0.0558036 0.147321
2 0.0877162 0.479911 0.0695452 0.15253
