3 0.617188 0.446429 0.0803571 0.21131
0 0.515625 0.709077 0.11942 0.556548
1 0.514928 0.694941 0.119699 0.55506
1 0.617188 0.447266 0.0870536 0.285528
3 0.516602 0.502604 0.114118 0.18378
3 0.515067 0.503348 0.0915179 0.133185
2 0.613281 0.444196 0.0948661 0.21875
0 0.613281 0.444196 0.0948661 0.21875
1 0.615513 0.450149 0.0758929 0.19494
3 0.539621 0.50186 0.141741 0.249256
3 0.619978 0.438244 0.102679 0.27753
2 0.514928 0.694941 0.119699 0.55506
3 0.604353 0.465867 0.101562 0.313802
3 0.629464 0.438244 0.0580357 0.177083
3 0.51995 0.548363 0.124163 0.309524
1 0.521066 0.555432 0.129743 0.299851
2 0.515207 0.565848 0.114676 0.360863
3 0.619978 0.456845 0.0602679 0.14881
1 0.539621 0.499628 0.159598 0.25372
0 0.521066 0.555432 0.129743 0.299851
1 0.516602 0.502604 0.114118 0.18378
1 0.51409 0.629092 0.0945871 0.406994
0 0.539621 0.499628 0.159598 0.25372
0 0.516602 0.502604 0.114118 0.18378
3 0.607143 0.464286 0.0613839 0.144345
3 0.513951 0.692708 0.107143 0.549107
3 0.539062 0.488467 0.125 0.183036
2 0.59933 0.46875 0.117188 0.302827
2 0.539621 0.499628 0.159598 0.25372
1 0.59933 0.46875 0.117188 0.302827
0 0.59933 0.46875 0.117188 0.302827
1 0.515067 0.503348 0.0915179 0.133185
3 0.538504 0.489955 0.100446 0.141369
3 0.526367 0.508929 0.063337 0.12128
3 0.608817 0.41183 0.0758929 0.255952
