0 0.659598 0.520368 0.128348 0.689918
0 0.626116 0.476097 0.251116 0.675781
0 0.676897 0.620164 0.126116 0.703125
1 0.651228 0.486886 0.16183 0.68099
1 0.63058 0.476656 0.251116 0.677641
0 0.550781 0.478423 0.408482 0.681548
1 0.668527 0.490327 0.0915179 0.561012
0 0.694196 0.657738 0.0881696 0.605655
2 0.63058 0.476656 0.251116 0.677641
2 0.651228 0.486886 0.16183 0.68099
0 0.604213 0.412853 0.358538 0.638579
0 0.71596 0.655134 0.112723 0.604911
0 0.678013 0.516648 0.0669643 0.558966
0 0.627232 0.625279 0.270089 0.713728
0 0.639509 0.667039 0.101562 0.582589
0 0.633929 0.453869 0.185268 0.595238
0 0.709821 0.621187 0.159598 0.699591
3 0.658482 0.515439 0.113839 0.582217
3 0.473214 0.235119 0.0128348 0.0435268
3 0.651228 0.486886 0.16183 0.68099
1 0.550781 0.478423 0.408482 0.681548
1 0.676897 0.620164 0.126116 0.703125
0 0.56822 0.544085 0.298828 0.673735
3 0.678013 0.516648 0.0669643 0.558966
0 0.694754 0.610863 0.0580357 0.580357
