0 0.299386 0.653832 0.122768 0.671503
2 0.678013 0.433036 0.0982143 0.30506
3 0.677455 0.431455 0.0870536 0.279948
0 0.292411 0.675223 0.0920759 0.540923
3 0.670201 0.456101 0.102679 0.392113
0 0.674665 0.460845 0.102679 0.367002
1 0.674665 0.460845 0.102679 0.367002
0 0.660714 0.630952 0.147321 0.709821
1 0.303571 0.683594 0.107701 0.56436
0 0.627232 0.63272 0.165179 0.730097
0 0.66183 0.479818 0.166295 0.498698
0 0.329869 0.404762 0.284459 0.696429
2 0.661272 0.476097 0.164062 0.540365
0 0.665179 0.524182 0.116071 0.523065
1 0.679688 0.431548 0.0881696 0.273066
1 0.66183 0.479818 0.166295 0.498698
1 0.665179 0.524182 0.116071 0.523065
0 0.62779 0.694941 0.0982143 0.58631
3 0.303571 0.683594 0.107701 0.56436
3 0.661272 0.476097 0.164062 0.540365
0 0.676897 0.630115 0.257812 0.739769
0 0.398717 0.393508 0.358817 0.651972
0 0.285993 0.57766 0.115513 0.678013
0 0.315848 0.487258 0.214286 0.699591
0 0.349888 0.644624 0.220982 0.682478
0 0.27567 0.487444 0.161272 0.678385
0 0.302455 0.448475 0.157366 0.58817
0 0.612863 0.627883 0.261998 0.739769
3 0.645089 0.438895 0.132812 0.413876
0 0.679688 0.431548 0.0881696 0.273066
2 0.300781 0.651786 0.126674 0.668155
0 0.301897 0.682664 0.0887277 0.279018
0 0.272321 0.490327 0.111607 0.559524
0 0.475725 0.388486 0.37779 0.623326
0 0.467913 0.47526 0.47712 0.692336
0 0.468192 0.636626 0.386161 0.695499
3 0.647321 0.434152 0.102679 0.259673
3 0.683594 0.500837 0.0881696 0.477493
0 0.617746 0.489304 0.276786 0.548177
0 0.689174 0.670387 0.159598 0.608631
0 0.258929 0.667969 0.0920759 0.488467
1 0.635045 0.546968 0.157366 0.580171
0 0.273996 0.413039 0.223214 0.687314
0 0.366908 0.448568 0.228237 0.579055
2 0.665179 0.524182 0.116071 0.523065
0 0.27267 0.636998 0.205776 0.687314
3 0.688616 0.437128 0.0580358 0.151786
0 0.551339 0.627232 0.320312 0.706845
3 0.674107 0.43192 0.0636161 0.150298
0 0.632254 0.420387 0.225446 0.49628
