0 0.848214 0.601562 0.293527 0.786458
0 0.842076 0.395461 0.302455 0.770089
0 0.390765 0.332589 0.361328 0.612351
0 0.327776 0.331752 0.546456 0.6609
1 0.395089 0.331473 0.377232 0.616815
0 0.44308 0.353795 0.168527 0.558036
1 0.842076 0.656808 0.30692 0.686384
1 0.44308 0.353795 0.168527 0.558036
1 0.844866 0.344773 0.302455 0.686942
3 0.228516 0.575521 0.0390625 0.0944941
1 0.320313 0.335379 0.482143 0.670759
0 0.481864 0.334821 0.253906 0.607887
2 0.847098 0.603795 0.299107 0.786458
3 0.214565 0.579985 0.03125 0.0833333
3 0.23026 0.572545 0.0578962 0.150298
0 0.886719 0.346819 0.215402 0.660528
2 0.84096 0.395089 0.311384 0.772321
3 0.847098 0.602307 0.299107 0.787946
2 0.390765 0.332589 0.361328 0.612351
3 0.844866 0.344773 0.302455 0.686942
3 0.214914 0.576637 0.0450614 0.120536
3 0.37221 0.331008 0.428571 0.634115
2 0.327637 0.329985 0.555664 0.65997
3 0.217704 0.594866 0.0327846 0.0617559
3 0.224609 0.593378 0.0385045 0.0699405
0 0.487723 0.332217 0.438616 0.664435
3 0.213518 0.539062 0.0366909 0.145089
3 0.226562 0.539062 0.046317 0.153274
0 0.335379 0.359747 0.257812 0.584821
0 0.890067 0.65439 0.205357 0.65997
0 0.409877 0.313616 0.201451 0.563244
0 0.23026 0.572545 0.0578962 0.150298
0 0.416574 0.413225 0.145647 0.463728
0 0.785714 0.337705 0.309152 0.665365
