3 0.519392 0.433408 0.0728237 0.206845
2 0.516741 0.432664 0.0948661 0.238095
1 0.516741 0.432664 0.0948661 0.238095
3 0.532924 0.448661 0.0513393 0.18378
0 0.516741 0.432664 0.0948661 0.238095
1 0.523996 0.438244 0.0703125 0.195685
2 0.523996 0.438244 0.0703125 0.195685
3 0.50558 0.412202 0.0625 0.171131
3 0.522321 0.446057 0.0535715 0.147321
0 0.517299 0.663691 0.147321 0.623512
0 0.523996 0.438244 0.0703125 0.195685
3 0.5113 0.359003 0.0443638 0.0840774
3 0.507254 0.431176 0.0502232 0.151042
3 0.516183 0.414807 0.0613839 0.151042
3 0.540737 0.457961 0.0401786 0.133185
0 0.501116 0.654576 0.206473 0.690848
3 0.509347 0.364583 0.0482701 0.151786
3 0.510184 0.360491 0.0722656 0.230655
