1 0.660156 0.550595 0.152902 0.416667
3 0.978795 0.581101 0.0379465 0.124256
0 0.395368 0.333054 0.356585 0.609189
0 0.317034 0.331101 0.545619 0.662202
0 0.444336 0.354074 0.1649 0.565662
1 0.399275 0.331845 0.373326 0.613095
2 0.978795 0.580729 0.0390625 0.124256
1 0.979353 0.580729 0.0379464 0.120536
1 0.444336 0.354074 0.1649 0.565662
2 0.659598 0.550595 0.15067 0.416667
0 0.979353 0.579985 0.0390625 0.125744
3 0.977679 0.576637 0.0435268 0.184524
1 0.317801 0.329613 0.557478 0.659226
0 0.659598 0.550595 0.15067 0.416667
3 0.21317 0.574033 0.0295759 0.0915178
0 0.485631 0.346447 0.240792 0.60026
2 0.395368 0.333054 0.356585 0.609189
3 0.226842 0.568452 0.0401786 0.100446
3 0.659598 0.550595 0.15067 0.416667
1 0.977679 0.576637 0.0435268 0.184524
2 0.977679 0.576637 0.0435268 0.184524
2 0.317801 0.329613 0.557478 0.659226
1 0.685826 0.551339 0.169643 0.480655
3 0.213867 0.53683 0.0343192 0.151786
1 0.907366 0.350353 0.18192 0.628162
3 0.374023 0.331938 0.428292 0.633743
0 0.416853 0.415086 0.138951 0.460007
3 0.228795 0.56622 0.0625 0.174851
3 0.213449 0.570685 0.0435268 0.136161
3 0.986049 0.590774 0.0279017 0.170387
0 0.410854 0.31436 0.19615 0.561012
3 0.224261 0.53497 0.0464565 0.160714
0 0.485212 0.328869 0.415737 0.657738
1 0.668527 0.565104 0.139509 0.296875
1 0.466378 0.406157 0.129743 0.483817
0 0.466378 0.406157 0.129743 0.483817
3 0.221052 0.577381 0.0327846 0.0952381
0 0.381138 0.361979 0.205357 0.551339
