0 0.437221 0.601935 0.492746 0.776786
3 0.978795 0.582217 0.0390625 0.125744
0 0.367885 0.386347 0.485212 0.760045
2 0.979353 0.582217 0.0390625 0.126488
3 0.977121 0.577753 0.0435267 0.19122
1 0.979353 0.582217 0.0379464 0.119792
1 0.431222 0.601004 0.470145 0.765253
0 0.979353 0.582217 0.0390625 0.126488
3 0.213449 0.578497 0.0279018 0.0818453
1 0.367048 0.385417 0.489118 0.761905
3 0.226562 0.575149 0.0362723 0.0952381
1 0.977121 0.577753 0.0435267 0.19122
0 0.371024 0.535342 0.453265 0.738839
2 0.438825 0.602121 0.487305 0.768973
0 0.487723 0.381045 0.340402 0.739397
2 0.977121 0.577753 0.0435267 0.19122
0 0.411691 0.344122 0.283761 0.642113
3 0.438825 0.602121 0.487305 0.768973
3 0.98577 0.592634 0.0284598 0.171131
3 0.223493 0.595982 0.0385045 0.0863096
0 0.362235 0.669643 0.378209 0.660714
3 0.212891 0.575521 0.0479911 0.138393
3 0.221052 0.59561 0.0366909 0.0505953
3 0.228795 0.573289 0.0636161 0.240327
2 0.367048 0.385417 0.489118 0.761905
3 0.215751 0.594494 0.0316685 0.0669643
3 0.367048 0.385417 0.489118 0.761905
0 0.286342 0.684338 0.282227 0.574777
3 0.986607 0.594494 0.0267857 0.110863
0 0.484375 0.452381 0.460938 0.809524
0 0.977121 0.577753 0.0435267 0.19122
0 0.467076 0.343843 0.222098 0.650112
