2 0.188895 0.456845 0.107143 0.220238
2 0.573103 0.433873 0.110491 0.328683
3 0.188965 0.454985 0.105887 0.218006
1 0.573661 0.438616 0.109375 0.331101
0 0.573661 0.438616 0.109375 0.331101
3 0.573103 0.43378 0.112723 0.328125
1 0.1875 0.463542 0.110491 0.241071
0 0.1875 0.463542 0.110491 0.241071
2 0.594866 0.436756 0.0803572 0.297619
2 0.564732 0.473307 0.107143 0.476004
2 0.604911 0.455357 0.045759 0.238095
0 0.554548 0.633929 0.17327 0.666667
2 0.195312 0.447545 0.0803572 0.154762
2 0.613281 0.465402 0.0301339 0.131696
3 0.209194 0.458705 0.0587333 0.139137
2 0.59654 0.464658 0.0569196 0.149554
0 0.564732 0.473307 0.107143 0.476004
0 0.558036 0.614397 0.0982143 0.559896
1 0.558036 0.614397 0.0982143 0.559896
3 0.196847 0.465402 0.078404 0.150298
3 0.613281 0.465402 0.0301339 0.131696
0 0.193359 0.654762 0.183036 0.644345
3 0.604911 0.455357 0.045759 0.238095
