0 0.921317 0.546317 0.152902 0.59189
1 0.920759 0.542225 0.155134 0.591146
0 0.394531 0.332496 0.352679 0.608817
0 0.326381 0.331845 0.54255 0.663691
1 0.981027 0.585938 0.0357142 0.399554
1 0.398717 0.331473 0.368862 0.613839
0 0.978795 0.568452 0.0424107 0.447917
0 0.442801 0.354911 0.171317 0.559524
1 0.983259 0.59189 0.0334821 0.219494
1 0.917411 0.662016 0.151786 0.503348
0 0.910156 0.40253 0.172991 0.700893
2 0.981027 0.585938 0.0357142 0.399554
2 0.983259 0.59189 0.0334821 0.219494
1 0.442801 0.354911 0.171317 0.559524
0 0.483259 0.336217 0.262277 0.608817
2 0.921317 0.545201 0.155134 0.591146
1 0.977121 0.552548 0.0457589 0.509487
1 0.907366 0.350725 0.166295 0.640811
1 0.32666 0.330729 0.552037 0.661458
0 0.983259 0.59189 0.0334821 0.219494
0 0.495815 0.331473 0.46038 0.662946
1 0.986886 0.604353 0.0262277 0.395461
1 0.943638 0.649926 0.104911 0.453125
2 0.394531 0.332496 0.352679 0.608817
0 0.917411 0.662016 0.151786 0.503348
0 0.98298 0.640997 0.0340402 0.436756
3 0.920759 0.546503 0.15625 0.575149
1 0.988002 0.606027 0.0239955 0.223958
0 0.98577 0.576265 0.0284598 0.40253
0 0.878627 0.333333 0.242745 0.664435
2 0.983259 0.594122 0.0334821 0.142857
3 0.376535 0.331566 0.418806 0.63151
2 0.32666 0.330729 0.552037 0.661458
2 0.977121 0.552548 0.0457589 0.509487
1 0.94029 0.567522 0.112723 0.27567
1 0.981585 0.548735 0.0357143 0.258929
1 0.983259 0.594122 0.0334821 0.142857
2 0.988002 0.606027 0.0239955 0.223958
0 0.976004 0.545759 0.0479911 0.459077
3 0.981027 0.585938 0.0357142 0.399554
0 0.417969 0.413039 0.147321 0.465588
1 0.878627 0.333333 0.242745 0.664435
0 0.40904 0.314081 0.206473 0.569754
0 0.929688 0.349702 0.129464 0.596726
1 0.983259 0.69122 0.0334821 0.441964
2 0.981585 0.548735 0.0357143 0.258929
0 0.943638 0.649926 0.104911 0.453125
0 0.981585 0.548735 0.0357143 0.258929
0 0.544085 0.334077 0.183036 0.563244
0 0.465402 0.406715 0.127232 0.476748
