3 0.417969 0.429316 0.0329241 0.123512
3 0.626674 0.457961 0.0446428 0.105655
3 0.633371 0.46503 0.0345982 0.0967262
3 0.620536 0.464658 0.0345982 0.0974702
3 0.640067 0.456101 0.03125 0.0959821
3 0.621094 0.46317 0.0569196 0.142113
3 0.627232 0.459821 0.0892857 0.304315
3 0.40904 0.426339 0.0273437 0.110863
3 0.425223 0.442708 0.0323661 0.104167
1 0.418527 0.43378 0.0351562 0.116815
0 0.630022 0.705357 0.114955 0.563988
0 0.417969 0.429316 0.0345982 0.125
0 0.627232 0.459821 0.0892857 0.304315
1 0.632812 0.464286 0.0390625 0.107887
0 0.62779 0.46131 0.0513393 0.113095
1 0.627232 0.459821 0.0892857 0.304315
1 0.621094 0.46317 0.0569196 0.142113
3 0.419364 0.41369 0.0279018 0.0833333
3 0.42606 0.443824 0.0552455 0.198661
3 0.617188 0.444941 0.0323661 0.0959821
3 0.623884 0.481027 0.0379465 0.112351
1 0.621094 0.46503 0.0345982 0.0885417
2 0.417132 0.430432 0.0334822 0.115327
0 0.633371 0.46503 0.0345982 0.0967262
3 0.643415 0.483631 0.0357143 0.114583
0 0.621094 0.46317 0.0569196 0.142113
3 0.618304 0.454241 0.138393 0.311756
3 0.644531 0.482887 0.03125 0.0632441
0 0.648438 0.682664 0.164062 0.634673
3 0.628348 0.404762 0.0368304 0.165923
0 0.618304 0.454241 0.138393 0.311756
3 0.614955 0.441592 0.0714286 0.176339
3 0.417969 0.427083 0.0736607 0.221726
