2 0.964286 0.470052 0.0714286 0.55692
0 0.40904 0.708333 0.110491 0.550595
1 0.40346 0.679316 0.0965402 0.50744
1 0.965123 0.487258 0.0697544 0.5984
2 0.40346 0.679316 0.0965402 0.50744
3 0.40067 0.52939 0.0602679 0.146577
3 0.403181 0.601004 0.0870536 0.339658
3 0.40067 0.530134 0.0686384 0.21875
0 0.964844 0.436756 0.0703125 0.508929
3 0.404297 0.569941 0.0747768 0.248512
2 0.404297 0.606027 0.0915179 0.334077
1 0.404855 0.62872 0.0814732 0.375
0 0.96596 0.597935 0.0680803 0.682106
1 0.414062 0.704055 0.137835 0.571056
3 0.407087 0.688988 0.0954241 0.526786
3 0.404018 0.502604 0.061942 0.104911
1 0.958426 0.598772 0.0831473 0.668527
0 0.404297 0.606027 0.0915179 0.334077
1 0.962054 0.594866 0.0546875 0.59747
3 0.964286 0.470052 0.0714286 0.55692
2 0.954241 0.537109 0.0848214 0.647507
1 0.400112 0.573661 0.0708705 0.31994
2 0.967076 0.552734 0.0580357 0.568638
2 0.967634 0.44122 0.0647321 0.305804
0 0.959542 0.343843 0.0809152 0.542969
3 0.398717 0.611235 0.0658482 0.27753
3 0.413505 0.530134 0.114955 0.305804
2 0.404297 0.569941 0.0747768 0.248512
2 0.935268 0.527344 0.117188 0.573289
1 0.405971 0.508929 0.0842634 0.239583
0 0.948661 0.607794 0.102679 0.681734
0 0.405971 0.508929 0.0842634 0.239583
0 0.975725 0.636533 0.0485491 0.634673
