3 0.608259 0.464286 0.0446429 0.133185
3 0.611049 0.462798 0.0558036 0.194941
1 0.611049 0.462798 0.0558036 0.194941
3 0.612723 0.478051 0.0368304 0.106399
3 0.603795 0.478423 0.0379464 0.112351
1 0.607143 0.463542 0.0446428 0.135417
2 0.607143 0.463542 0.0446428 0.135417
0 0.609375 0.462054 0.0513393 0.146577
0 0.601562 0.459077 0.0625 0.21503
3 0.626674 0.467262 0.0334822 0.10119
3 0.595982 0.452009 0.0993304 0.241815
3 0.601004 0.460566 0.0814732 0.167411
3 0.599888 0.418527 0.0357143 0.162202
3 0.613281 0.460193 0.0870536 0.212054
3 0.611049 0.419271 0.0334822 0.15253
2 0.611049 0.462798 0.0558036 0.194941
