3 0.978795 0.580357 0.0368303 0.122768
1 0.438058 0.507533 0.194196 0.547433
0 0.390276 0.380766 0.380162 0.664062
0 0.321847 0.334449 0.566127 0.668899
0 0.439174 0.474981 0.210938 0.593192
1 0.439035 0.593564 0.166574 0.565848
1 0.422712 0.601656 0.242746 0.618118
0 0.427455 0.529018 0.16183 0.501488
2 0.978795 0.580357 0.0379465 0.122768
1 0.979353 0.579985 0.0379464 0.122768
0 0.979353 0.579985 0.0379464 0.122768
1 0.405134 0.466239 0.314732 0.59282
2 0.440569 0.506882 0.191406 0.578497
3 0.978516 0.58817 0.0429688 0.168899
0 0.420201 0.397321 0.166295 0.561756
0 0.384208 0.494141 0.103237 0.429874
1 0.378558 0.376395 0.45159 0.695126
3 0.376116 0.549107 0.0301339 0.0773809
0 0.422712 0.601656 0.242746 0.618118
1 0.384487 0.526228 0.0814732 0.379092
0 0.46596 0.348586 0.21875 0.598958
3 0.214007 0.528274 0.0340402 0.165179
1 0.418806 0.65067 0.147879 0.546875
2 0.978516 0.58817 0.0429688 0.168899
1 0.466797 0.448475 0.164621 0.582217
0 0.459682 0.521577 0.155413 0.520833
0 0.483398 0.433129 0.193917 0.562314
1 0.382533 0.526042 0.0552455 0.204613
3 0.378069 0.53125 0.0373884 0.119048
0 0.274275 0.727679 0.462612 0.53125
0 0.499721 0.382161 0.391183 0.691034
0 0.384208 0.499256 0.0686384 0.238095
1 0.384208 0.499256 0.0686384 0.238095
3 0.380301 0.550595 0.0429687 0.174107
1 0.492048 0.465588 0.149833 0.509301
1 0.977121 0.575893 0.0435267 0.189732
0 0.444894 0.459077 0.128069 0.279018
1 0.463728 0.469494 0.121652 0.296131
2 0.389369 0.378069 0.395368 0.669457
1 0.380301 0.550595 0.0429687 0.174107
3 0.438058 0.507533 0.194196 0.547433
3 0.383092 0.552269 0.0708705 0.383557
0 0.361886 0.518229 0.113839 0.369792
0 0.383092 0.552269 0.0708705 0.383557
0 0.344169 0.622768 0.389788 0.561012
0 0.349051 0.616071 0.279018 0.498512
0 0.382533 0.526042 0.0552455 0.204613
1 0.418806 0.453683 0.147879 0.527158
0 0.418527 0.455357 0.110491 0.264881
3 0.213867 0.526786 0.0488281 0.192708
3 0.212472 0.562128 0.030971 0.110863
0 0.350167 0.479446 0.147879 0.417597
1 0.426618 0.484375 0.132813 0.289435
3 0.986328 0.591146 0.0273438 0.182292
3 0.382533 0.526042 0.0552455 0.204613
2 0.384208 0.499256 0.0686384 0.238095
0 0.378069 0.443452 0.142299 0.488839
3 0.378558 0.376395 0.45159 0.695126
2 0.405134 0.466239 0.314732 0.59282
3 0.973214 0.558408 0.0390625 0.157738
2 0.382533 0.526042 0.0552455 0.204613
3 0.225795 0.560268 0.0422712 0.110119
1 0.90904 0.342634 0.170759 0.633185
