2 0.587612 0.434524 0.0926339 0.339286
3 0.578125 0.43006 0.0959821 0.316964
1 0.584821 0.437872 0.0970982 0.359375
0 0.582031 0.438523 0.106027 0.356585
2 0.569754 0.416295 0.101562 0.344494
2 0.597656 0.452474 0.0669643 0.295945
2 0.565151 0.42606 0.14202 0.427641
1 0.591518 0.446057 0.0747768 0.28869
3 0.539621 0.431269 0.146205 0.403832
3 0.595982 0.44122 0.0703125 0.293899
2 0.576451 0.449405 0.0814732 0.27381
2 0.613281 0.43564 0.111607 0.504464
0 0.563058 0.425223 0.158482 0.41369
1 0.563058 0.425223 0.158482 0.41369
3 0.541295 0.428571 0.108259 0.270089
1 0.541295 0.445313 0.229911 0.413691
0 0.541295 0.445313 0.229911 0.413691
0 0.487444 0.456008 0.347656 0.680246
