3 0.361886 0.520833 0.0396205 0.0863095
3 0.367746 0.502604 0.0368304 0.0751488
3 0.366071 0.522321 0.047433 0.139137
3 0.368862 0.547247 0.0362723 0.122768
3 0.360212 0.502232 0.031808 0.0729167
0 0.586356 0.733073 0.197824 0.370164
3 0.368583 0.542411 0.0401786 0.0758929
3 0.360212 0.545387 0.0334821 0.127976
3 0.369141 0.550967 0.0507812 0.231399
1 0.36356 0.522321 0.0323661 0.0818452
0 0.562919 0.738839 0.287109 0.422619
1 0.563616 0.71503 0.18192 0.328869
3 0.357143 0.540923 0.0357143 0.0848214
1 0.366071 0.522321 0.047433 0.139137
1 0.368304 0.504836 0.0323661 0.0818453
3 0.367188 0.570312 0.0809152 0.365327
1 0.571289 0.732887 0.24135 0.403274
3 0.361607 0.547991 0.0440848 0.194941
3 0.385603 0.525298 0.0345982 0.0729166
0 0.364118 0.522693 0.0407366 0.0989583
3 0.386998 0.529762 0.0452009 0.102679
3 0.359933 0.600446 0.0345982 0.220238
1 0.368862 0.547247 0.0362723 0.122768
0 0.586496 0.725446 0.152902 0.25744
0 0.366071 0.522321 0.047433 0.139137
0 0.560268 0.691034 0.170759 0.303943
1 0.55971 0.71131 0.15067 0.232143
2 0.36356 0.522321 0.0323661 0.0818452
