3 0.978795 0.579613 0.0379465 0.125
1 0.0898089 0.518601 0.166922 0.729167
0 0.112758 0.592076 0.21868 0.771205
0 0.395089 0.33324 0.352679 0.608817
0 0.304967 0.337054 0.467076 0.674107
0 0.0904018 0.517857 0.16769 0.71875
0 0.169155 0.60333 0.322405 0.751674
1 0.112758 0.592076 0.21868 0.771205
0 0.443917 0.353144 0.166853 0.566034
1 0.398507 0.332217 0.372628 0.613095
2 0.979353 0.578497 0.0390625 0.127232
0 0.246443 0.698661 0.406669 0.569941
2 0.0867746 0.468378 0.159877 0.634673
1 0.979353 0.578497 0.0390625 0.127232
0 0.221331 0.618676 0.334124 0.581101
1 0.443917 0.353144 0.166853 0.566034
0 0.485073 0.334077 0.263114 0.612351
0 0.979353 0.578497 0.0390625 0.127232
3 0.977121 0.575521 0.0435267 0.182292
1 0.308524 0.339286 0.50014 0.678571
2 0.114467 0.591518 0.217494 0.766369
2 0.977121 0.575521 0.0435267 0.182292
0 0.493443 0.331101 0.430525 0.662202
1 0.179688 0.606957 0.359375 0.771205
1 0.162144 0.538691 0.273368 0.752976
0 0.069615 0.65067 0.131138 0.639137
3 0.0904018 0.517857 0.16769 0.71875
1 0.977121 0.575521 0.0435267 0.182292
2 0.395089 0.33324 0.352679 0.608817
1 0.069615 0.65067 0.131138 0.639137
3 0.124233 0.59282 0.244838 0.772693
0 0.239676 0.520554 0.420759 0.582403
2 0.308524 0.339286 0.50014 0.678571
3 0.372349 0.331566 0.422712 0.63151
0 0.419364 0.412202 0.140067 0.468006
0 0.191476 0.645833 0.233119 0.595238
0 0.412249 0.315104 0.208984 0.571429
0 0.544643 0.333984 0.198661 0.565662
0 0.153774 0.570312 0.233189 0.637649
1 0.90625 0.346354 0.183036 0.634673
3 0.973772 0.561012 0.0379464 0.126488
0 0.977121 0.575521 0.0435267 0.182292
3 0.986049 0.590774 0.0279017 0.188988
2 0.179688 0.606957 0.359375 0.771205
