3 0.280692 0.455357 0.0758929 0.175595
3 0.434989 0.465402 0.046317 0.13244
2 0.279576 0.455357 0.0742188 0.174851
3 0.435547 0.472098 0.0518973 0.186756
3 0.278181 0.473586 0.0764509 0.255952
2 0.277902 0.479911 0.0848214 0.238095
1 0.432757 0.470982 0.0535714 0.148809
0 0.278181 0.473586 0.0764509 0.255952
0 0.432757 0.470982 0.0535714 0.148809
1 0.278181 0.473586 0.0764509 0.255952
0 0.28125 0.456845 0.0809152 0.174851
1 0.28125 0.456845 0.0809152 0.174851
3 0.424665 0.466146 0.0876116 0.161458
2 0.434989 0.465402 0.047433 0.133929
0 0.303571 0.671131 0.208147 0.654762
3 0.452009 0.471354 0.0424107 0.115327
3 0.288504 0.497024 0.107143 0.274554
0 0.325056 0.678943 0.314174 0.624256
3 0.265904 0.457589 0.0580357 0.156994
3 0.428571 0.480283 0.0418527 0.151042
