1 0.638393 0.46224 0.188616 0.777902
0 0.637277 0.584635 0.188616 0.741444
1 0.631138 0.651786 0.183036 0.629464
1 0.368583 0.624442 0.104353 0.643973
0 0.368583 0.625279 0.112165 0.640811
3 0.364955 0.52753 0.0446429 0.150298
0 0.631696 0.425967 0.203125 0.723958
3 0.365513 0.526786 0.0580357 0.269345
3 0.365234 0.585379 0.0987723 0.573289
3 0.368862 0.499256 0.0418527 0.0699405
3 0.368862 0.502604 0.0396205 0.151786
0 0.349888 0.692708 0.128348 0.580357
3 0.364118 0.521205 0.046317 0.0974703
3 0.368583 0.568824 0.0647321 0.451637
1 0.367467 0.615327 0.0691964 0.511905
3 0.361049 0.494792 0.0368304 0.0684524
3 0.363281 0.572917 0.0530134 0.235119
0 0.548549 0.418899 0.332589 0.706845
1 0.365513 0.526786 0.0580357 0.269345
2 0.368583 0.624442 0.104353 0.643973
1 0.550223 0.420201 0.31808 0.704241
3 0.361607 0.498884 0.0373884 0.133185
1 0.349888 0.692708 0.128348 0.580357
1 0.364955 0.52753 0.0446429 0.150298
0 0.611607 0.657738 0.168527 0.625
2 0.634487 0.462798 0.206473 0.769345
0 0.484654 0.456938 0.363281 0.723028
1 0.363281 0.572917 0.0530134 0.235119
0 0.36942 0.533668 0.0613839 0.347842
0 0.367467 0.615327 0.0691964 0.511905
3 0.634487 0.462798 0.206473 0.769345
3 0.354911 0.63644 0.129464 0.654204
1 0.69308 0.653088 0.09375 0.550967
1 0.371094 0.50372 0.0591518 0.352679
0 0.384208 0.520647 0.141183 0.574777
0 0.322266 0.643043 0.236049 0.669271
3 0.384208 0.520647 0.141183 0.574777
3 0.368304 0.608631 0.0552455 0.275298
2 0.631138 0.651786 0.183036 0.629464
