1 0.665737 0.562221 0.226562 0.714844
3 0.978795 0.578125 0.0379465 0.12872
0 0.401786 0.333333 0.33817 0.607143
0 0.320452 0.331845 0.542132 0.65997
0 0.665179 0.546317 0.22433 0.663319
1 0.404994 0.332217 0.35519 0.611607
0 0.444196 0.351562 0.168527 0.571429
1 0.444196 0.351562 0.168527 0.571429
2 0.979353 0.577753 0.0379464 0.127976
1 0.979353 0.577753 0.0379464 0.127976
0 0.692522 0.592634 0.302455 0.773065
0 0.979353 0.577753 0.0379464 0.127976
2 0.666853 0.563988 0.239955 0.708333
3 0.978795 0.584077 0.0424107 0.177083
1 0.321289 0.329985 0.558315 0.65997
3 0.666853 0.563988 0.239955 0.708333
1 0.665737 0.464286 0.170759 0.532738
2 0.401786 0.333333 0.33817 0.607143
0 0.489397 0.351935 0.231027 0.569941
2 0.977121 0.573661 0.0446428 0.201637
3 0.97433 0.557664 0.0379464 0.159226
0 0.487723 0.354167 0.335937 0.610119
3 0.376465 0.33138 0.405552 0.627418
3 0.231027 0.568452 0.0385045 0.0959821
1 0.628906 0.405878 0.196429 0.513393
2 0.321289 0.329985 0.558315 0.65997
3 0.212681 0.575893 0.0288784 0.0855655
1 0.912388 0.352307 0.166295 0.620536
1 0.977121 0.573661 0.0446428 0.201637
0 0.410854 0.315569 0.211775 0.572731
1 0.649554 0.672247 0.297991 0.594494
3 0.986049 0.590402 0.0279017 0.188988
0 0.420759 0.410807 0.138393 0.473028
1 0.712054 0.667783 0.339286 0.65253
1 0.420759 0.410807 0.138393 0.473028
