0 0.338239 0.589751 0.349191 0.750558
0 0.351353 0.394903 0.413365 0.778646
0 0.310547 0.651414 0.266741 0.634673
0 0.434431 0.329985 0.541853 0.65997
1 0.337472 0.591146 0.358538 0.752232
0 0.414621 0.617281 0.304688 0.750558
2 0.337472 0.591146 0.358538 0.752232
0 0.245536 0.34375 0.204241 0.642113
0 0.439174 0.452939 0.389509 0.778646
0 0.362165 0.680432 0.248884 0.612351
1 0.344727 0.450893 0.393136 0.852679
1 0.381278 0.341146 0.538783 0.682292
3 0.337472 0.591146 0.358538 0.752232
1 0.310547 0.651414 0.266741 0.634673
0 0.294992 0.340495 0.349749 0.665737
0 0.501116 0.436105 0.348214 0.678385
2 0.351144 0.393415 0.42048 0.781622
3 0.351144 0.393415 0.42048 0.781622
0 0.24721 0.654948 0.172433 0.571057
