1 0.0339704 0.481771 0.0620815 0.508185
0 0.0343192 0.433594 0.0673828 0.582217
2 0.0357143 0.478516 0.0689174 0.560826
1 0.0354701 0.612351 0.0709403 0.696429
0 0.0354701 0.612351 0.0709403 0.696429
1 0.0447824 0.520275 0.078404 0.608259
0 0.0466657 0.475167 0.0846819 0.558594
2 0.0354701 0.612351 0.0709403 0.696429
1 0.0371094 0.506696 0.0567801 0.296875
0 0.0590123 0.626674 0.117467 0.687128
2 0.0371094 0.506696 0.0567801 0.296875
1 0.0310407 0.611142 0.0523158 0.608073
0 0.0433873 0.342262 0.0867746 0.572173
3 0.0357143 0.478516 0.0689174 0.560826
2 0.0332031 0.553757 0.0559431 0.565104
2 0.0485491 0.519717 0.0906808 0.567708
0 0.0470843 0.693266 0.0827288 0.598586
0 0.0288783 0.694382 0.0530134 0.590402
1 0.0305873 0.394345 0.0611747 0.563244
1 0.0590123 0.626674 0.117467 0.687128
0 0.0637556 0.358259 0.127511 0.571429
2 0.0590123 0.626674 0.117467 0.687128
