3 0.979911 0.578869 0.0379464 0.12872
1 0.425781 0.530041 0.208705 0.724144
0 0.325335 0.337798 0.534598 0.674851
0 0.386649 0.384487 0.350586 0.704241
0 0.437779 0.495536 0.205915 0.736607
2 0.979911 0.578125 0.0368303 0.127232
0 0.407924 0.352307 0.208705 0.619792
0 0.407366 0.576358 0.257812 0.702939
1 0.979911 0.578125 0.0368303 0.127232
1 0.414062 0.646763 0.168527 0.584449
0 0.979911 0.578125 0.0368303 0.127232
1 0.373884 0.561198 0.140625 0.594866
2 0.432478 0.525019 0.199777 0.71782
3 0.979074 0.586682 0.0418527 0.193452
1 0.418666 0.403088 0.192801 0.61942
1 0.37772 0.386068 0.385184 0.71596
1 0.384208 0.651414 0.133929 0.540923
1 0.324428 0.337798 0.546456 0.675595
3 0.418527 0.528739 0.231027 0.723772
0 0.373884 0.561198 0.140625 0.594866
3 0.97433 0.557292 0.0379464 0.160714
0 0.414062 0.646763 0.168527 0.584449
0 0.276297 0.719494 0.451869 0.553571
0 0.384208 0.651414 0.133929 0.540923
0 0.34082 0.613932 0.383092 0.62779
2 0.979074 0.586682 0.0418527 0.193452
1 0.3863 0.666295 0.249721 0.555804
0 0.354911 0.614583 0.25 0.561012
3 0.230748 0.566592 0.0379464 0.0959821
3 0.986607 0.590774 0.0267857 0.188244
3 0.212333 0.572545 0.0279018 0.0900298
2 0.324428 0.337798 0.546456 0.675595
1 0.457171 0.554222 0.167132 0.626674
0 0.469029 0.348493 0.19029 0.615513
2 0.386649 0.384487 0.350586 0.704241
3 0.214146 0.532366 0.0337612 0.148066
3 0.324428 0.337798 0.546456 0.675595
1 0.977679 0.573661 0.0446428 0.206845
