3 0.978795 0.580729 0.0379465 0.127976
1 0.554827 0.538691 0.162667 0.488095
0 0.382673 0.340867 0.395368 0.636719
1 0.554688 0.507068 0.113839 0.430804
1 0.555106 0.543806 0.246931 0.482329
0 0.547991 0.520089 0.149554 0.489583
0 0.292341 0.338542 0.501256 0.677083
2 0.979353 0.579985 0.0390625 0.12872
1 0.385603 0.338914 0.410714 0.644345
0 0.555106 0.543806 0.246931 0.482329
1 0.979353 0.579985 0.0390625 0.12872
3 0.978795 0.587054 0.0424107 0.165923
1 0.482701 0.504371 0.155134 0.43471
0 0.979353 0.579985 0.0390625 0.12872
0 0.445731 0.434431 0.171038 0.543341
1 0.591657 0.603795 0.305525 0.581101
1 0.531808 0.593378 0.158482 0.531994
2 0.554827 0.538691 0.162667 0.488095
0 0.490653 0.49907 0.17048 0.427455
0 0.510463 0.411923 0.224609 0.539249
0 0.471122 0.383185 0.179409 0.574405
3 0.227888 0.56436 0.0436663 0.110863
1 0.977121 0.576637 0.0435267 0.19122
2 0.977121 0.576637 0.0435267 0.19122
0 0.439035 0.464658 0.124163 0.457589
0 0.4149 0.369141 0.167969 0.550409
1 0.445731 0.434431 0.171038 0.543341
1 0.612165 0.528274 0.18192 0.385417
0 0.495257 0.499535 0.28404 0.486049
3 0.214774 0.534226 0.0358538 0.154018
1 0.495257 0.499535 0.28404 0.486049
1 0.907924 0.349051 0.177455 0.624814
3 0.229562 0.5625 0.0654297 0.177827
2 0.385603 0.338914 0.410714 0.644345
2 0.554688 0.507068 0.113839 0.430804
2 0.555106 0.543806 0.246931 0.482329
3 0.986328 0.591518 0.0273438 0.175595
3 0.555106 0.539621 0.163225 0.471354
3 0.214634 0.569196 0.0327846 0.102679
3 0.224958 0.53311 0.0489676 0.164435
1 0.538086 0.521205 0.109096 0.298363
1 0.417969 0.47247 0.106585 0.325893
3 0.973214 0.558408 0.0401786 0.160714
0 0.417969 0.47247 0.106585 0.325893
1 0.571289 0.517485 0.148716 0.292411
3 0.368304 0.339286 0.481027 0.664435
1 0.439035 0.464658 0.124163 0.457589
0 0.498744 0.40811 0.364118 0.578125
1 0.554129 0.491816 0.100446 0.30506
3 0.555106 0.543806 0.246931 0.482329
3 0.214844 0.566592 0.0485491 0.14881
3 0.987165 0.593006 0.0256696 0.111607
0 0.219308 0.521763 0.11942 0.34933
0 0.591657 0.603795 0.305525 0.581101
0 0.53404 0.456008 0.13058 0.50465
0 0.977121 0.576637 0.0435267 0.19122
