2 0.951451 0.453497 0.0959822 0.34747
0 0.410156 0.705915 0.121652 0.56436
1 0.407366 0.693266 0.104911 0.55692
3 0.404855 0.506324 0.0731027 0.194196
3 0.402902 0.50558 0.0602678 0.12128
1 0.948103 0.458333 0.0959821 0.357887
3 0.400949 0.583891 0.0853795 0.33817
0 0.948103 0.458333 0.0959821 0.357887
2 0.403739 0.680246 0.103237 0.541295
2 0.405134 0.582589 0.0976563 0.385417
3 0.404018 0.555804 0.0714286 0.247768
3 0.950893 0.453869 0.0959821 0.350446
3 0.409598 0.530506 0.0998884 0.280506
1 0.404297 0.628162 0.0825893 0.413318
0 0.402065 0.591146 0.0909598 0.332589
1 0.419364 0.701637 0.15904 0.581845
3 0.407366 0.693266 0.104911 0.55692
1 0.404855 0.506324 0.0731027 0.194196
1 0.399554 0.56343 0.0703125 0.343378
2 0.94029 0.487723 0.118304 0.44122
0 0.404855 0.506324 0.0731027 0.194196
0 0.409598 0.530506 0.0998884 0.280506
1 0.409598 0.530506 0.0998884 0.280506
0 0.950056 0.614025 0.0998883 0.521949
1 0.404018 0.555804 0.0714286 0.247768
2 0.409877 0.529762 0.113839 0.292411
0 0.930804 0.622024 0.138393 0.598214
1 0.402902 0.50558 0.0602678 0.12128
