2 0.654576 0.421503 0.123884 0.366071
2 0.0792411 0.488746 0.132254 0.387091
0 0.0900181 0.642113 0.158133 0.691964
1 0.0758929 0.473958 0.134208 0.351191
1 0.0792411 0.548828 0.135603 0.527344
0 0.0792411 0.549572 0.136998 0.481213
1 0.644531 0.424944 0.143973 0.373326
1 0.0896694 0.642485 0.152134 0.698661
1 0.667411 0.423084 0.0915179 0.37407
0 0.644531 0.424944 0.143973 0.373326
2 0.66183 0.450149 0.0892857 0.278274
2 0.611607 0.424107 0.200893 0.396577
3 0.077846 0.457589 0.123884 0.30506
2 0.635603 0.399554 0.129464 0.298363
3 0.65346 0.418899 0.114955 0.357143
0 0.077846 0.472842 0.128069 0.355655
0 0.121652 0.666481 0.243304 0.667039
2 0.0900181 0.642113 0.158133 0.691964
1 0.605329 0.40811 0.260324 0.39881
0 0.55971 0.469215 0.359375 0.595796
3 0.0792411 0.549572 0.136998 0.481213
0 0.605329 0.40811 0.260324 0.39881
2 0.0677316 0.436756 0.120675 0.36756
2 0.669085 0.4774 0.101562 0.458891
1 0.55971 0.469215 0.359375 0.595796
0 0.667411 0.423084 0.0915179 0.37407
2 0.670759 0.401786 0.079241 0.28869
1 0.669085 0.476935 0.118304 0.431548
1 0.654576 0.404111 0.107143 0.298921
1 0.670759 0.452753 0.0691965 0.273065
2 0.662946 0.488095 0.0736607 0.227679
2 0.574777 0.459449 0.310268 0.593006
3 0.0900181 0.642113 0.158133 0.691964
1 0.659598 0.369048 0.113839 0.431548
1 0.662946 0.486979 0.0837054 0.361607
3 0.66183 0.450149 0.0892857 0.278274
0 0.574637 0.402902 0.270368 0.502976
2 0.0795201 0.501488 0.121931 0.263393
2 0.0990165 0.450149 0.0882394 0.331101
3 0.611607 0.424107 0.200893 0.396577
1 0.652902 0.426711 0.22433 0.39881
