3 0.23856 0.494048 0.0256696 0.0758929
3 0.424944 0.480283 0.0329241 0.078125
3 0.418806 0.485119 0.0256696 0.0699405
3 0.425781 0.474702 0.0401786 0.114583
3 0.422712 0.468006 0.0262277 0.0751488
3 0.431083 0.462054 0.0373884 0.0818452
1 0.23856 0.494048 0.0273438 0.078125
3 0.435268 0.460193 0.047433 0.155506
3 0.432757 0.487351 0.0396205 0.0974703
3 0.229632 0.484375 0.0245536 0.0684524
3 0.408203 0.481027 0.0206473 0.0639881
0 0.237723 0.489955 0.0262277 0.0751488
1 0.426618 0.479911 0.0351563 0.0811012
3 0.432478 0.489583 0.047991 0.183036
0 0.426618 0.479911 0.0351563 0.0811012
1 0.425781 0.474702 0.0401786 0.114583
1 0.42048 0.485863 0.03125 0.0870536
0 0.425781 0.474702 0.0401786 0.114583
2 0.23856 0.494048 0.0273438 0.078125
3 0.229632 0.484375 0.030692 0.0848214
3 0.225446 0.500372 0.030692 0.0915178
3 0.236886 0.47247 0.0195312 0.0543155
0 0.42048 0.485863 0.03125 0.0870536
3 0.407645 0.479539 0.0345982 0.0974703
1 0.422712 0.468006 0.0262277 0.0751488
2 0.424944 0.480283 0.0329241 0.078125
3 0.239955 0.537202 0.0234375 0.157738
2 0.418806 0.485119 0.0256696 0.0699405
