0 0.909319 0.596726 0.181362 0.785714
0 0.898996 0.388765 0.186384 0.77753
0 0.921875 0.342262 0.148438 0.65253
0 0.764509 0.384673 0.421875 0.71131
0 0.856585 0.601935 0.28683 0.785714
0 0.842076 0.387277 0.314732 0.774554
1 0.912947 0.600446 0.172991 0.78125
0 0.865513 0.654018 0.196429 0.647321
1 0.90625 0.34747 0.178571 0.670387
2 0.914062 0.600632 0.171875 0.771949
1 0.753906 0.383185 0.458705 0.720238
3 0.909319 0.596726 0.181362 0.785714
0 0.780134 0.621094 0.304687 0.719122
2 0.899554 0.343657 0.190848 0.681734
0 0.755022 0.555059 0.436384 0.752976
0 0.928013 0.682292 0.140625 0.611607
