2 0.646763 0.437407 0.138393 0.443638
1 0.648438 0.430153 0.132812 0.425409
0 0.649554 0.42699 0.137277 0.430246
0 0.646205 0.601376 0.154018 0.639509
3 0.647321 0.437407 0.139509 0.433222
0 0.636719 0.49349 0.145089 0.581473
1 0.636719 0.49349 0.145089 0.581473
2 0.651228 0.453497 0.121652 0.300595
1 0.649554 0.604446 0.152902 0.603609
0 0.633371 0.611328 0.25 0.659784
1 0.628906 0.456287 0.214286 0.480283
0 0.552455 0.481213 0.361607 0.65067
2 0.615513 0.434989 0.13058 0.442522
0 0.663504 0.683408 0.21317 0.591518
0 0.628906 0.456287 0.214286 0.480283
0 0.582589 0.477028 0.24442 0.603981
