1 0.566964 0.466704 0.184152 0.673735
0 0.570871 0.584728 0.18192 0.608817
1 0.574358 0.586124 0.179408 0.598586
0 0.562919 0.450707 0.184431 0.634301
2 0.567104 0.465681 0.184989 0.683222
1 0.600446 0.468099 0.127232 0.62779
0 0.56236 0.683966 0.145368 0.533854
0 0.591518 0.670015 0.235491 0.567708
3 0.563756 0.468657 0.209542 0.680246
1 0.515067 0.461682 0.175223 0.692708
1 0.514369 0.463263 0.265904 0.723772
2 0.574777 0.588449 0.168527 0.608817
0 0.576451 0.650298 0.140625 0.252976
0 0.503348 0.421596 0.189732 0.63151
1 0.607143 0.550781 0.0881697 0.514509
1 0.56236 0.683966 0.145368 0.533854
