3 0.359654 0.481771 0.0440848 0.164435
3 0.373884 0.485491 0.0675223 0.178571
1 0.591518 0.698661 0.133929 0.227679
3 0.376116 0.486607 0.0853794 0.389137
1 0.612165 0.710565 0.126116 0.266369
1 0.608259 0.72526 0.169643 0.312872
3 0.352679 0.476191 0.0446429 0.116815
3 0.361607 0.485119 0.0563616 0.254464
1 0.59096 0.690476 0.0982142 0.151786
3 0.351842 0.454985 0.0362723 0.144345
3 0.345982 0.452753 0.0362723 0.09375
0 0.608259 0.72526 0.169643 0.312872
1 0.376116 0.486607 0.0853794 0.389137
3 0.36356 0.481399 0.0535714 0.110119
0 0.352121 0.663504 0.142857 0.613467
0 0.395089 0.631882 0.222098 0.691592
0 0.612165 0.710565 0.126116 0.266369
1 0.609933 0.688802 0.09375 0.167039
0 0.53683 0.370815 0.370536 0.55599
1 0.359654 0.481771 0.0440848 0.164435
0 0.627232 0.778832 0.146205 0.37686
1 0.361607 0.485119 0.0563616 0.254464
3 0.373326 0.450893 0.0591518 0.178571
3 0.353237 0.454241 0.0507813 0.232887
3 0.368304 0.503627 0.116629 0.483817
3 0.354911 0.50372 0.047433 0.114583
3 0.40639 0.50465 0.200614 0.579985
0 0.408622 0.502883 0.215123 0.547805
1 0.373884 0.485491 0.0675223 0.178571
0 0.591518 0.698661 0.133929 0.227679
