3 0.441406 0.419271 0.0273438 0.0833333
3 0.628906 0.457589 0.0446429 0.107143
3 0.635045 0.465774 0.0390625 0.104167
3 0.443359 0.440104 0.0295759 0.101935
3 0.444196 0.440476 0.0351563 0.143601
3 0.641741 0.457217 0.0334822 0.101935
3 0.619978 0.465774 0.0379465 0.0907738
1 0.441406 0.423735 0.030692 0.0892857
3 0.627232 0.457961 0.0970982 0.276042
3 0.438895 0.402158 0.0223215 0.0639881
3 0.619978 0.463542 0.0703125 0.135417
0 0.441406 0.423735 0.030692 0.0892857
3 0.451172 0.428943 0.0357143 0.0736607
3 0.438616 0.451637 0.0279018 0.12128
3 0.45173 0.429688 0.0507812 0.146577
1 0.444196 0.440476 0.0351563 0.143601
1 0.443359 0.440104 0.0295759 0.101935
1 0.633371 0.464286 0.0390625 0.103423
0 0.633371 0.464286 0.0390625 0.103423
2 0.441406 0.423735 0.030692 0.0892857
3 0.438895 0.453497 0.0351562 0.164434
0 0.444196 0.440476 0.0351563 0.143601
1 0.627232 0.457961 0.0970982 0.276042
0 0.627232 0.457961 0.0970982 0.276042
3 0.438895 0.40253 0.03125 0.104911
3 0.456752 0.461682 0.0373884 0.10119
3 0.462891 0.392113 0.0379464 0.115327
3 0.612723 0.442708 0.0424107 0.104167
3 0.645089 0.483631 0.03125 0.101935
0 0.443359 0.440104 0.0295759 0.101935
