1 0.783482 0.545387 0.101562 0.346726
3 0.978795 0.578497 0.0379465 0.127976
0 0.391323 0.332496 0.364676 0.608817
2 0.78404 0.546131 0.0993303 0.339286
0 0.326311 0.331659 0.541574 0.663318
1 0.394741 0.331473 0.381278 0.613839
2 0.978795 0.578125 0.0390625 0.126488
0 0.443778 0.355655 0.169364 0.560268
1 0.979353 0.577753 0.0390625 0.127232
0 0.48591 0.335193 0.2726 0.614583
3 0.978516 0.583705 0.0429688 0.180804
0 0.979353 0.577753 0.0390625 0.127232
1 0.443778 0.355655 0.169364 0.560268
0 0.784598 0.545759 0.0982142 0.343006
1 0.320522 0.335379 0.483956 0.670759
3 0.78404 0.546131 0.0993303 0.339286
0 0.492188 0.331845 0.448661 0.663691
3 0.228795 0.566592 0.0407366 0.102679
2 0.394741 0.331473 0.381278 0.613839
3 0.214495 0.571429 0.0308315 0.0930059
1 0.977679 0.573289 0.0435268 0.196429
2 0.978516 0.583705 0.0429688 0.180804
3 0.373744 0.331566 0.433315 0.632999
3 0.230818 0.563988 0.0634766 0.160714
3 0.974888 0.556548 0.0379465 0.162202
2 0.325823 0.330357 0.553711 0.660714
3 0.214355 0.536086 0.0350168 0.145833
3 0.986049 0.591146 0.0279017 0.178571
3 0.222586 0.574777 0.0336217 0.0974703
3 0.214565 0.568452 0.0479911 0.133929
0 0.416853 0.415923 0.145089 0.456845
0 0.543527 0.334728 0.206473 0.573103
3 0.226562 0.535342 0.046875 0.154762
0 0.408482 0.313337 0.19308 0.556362
0 0.336775 0.360584 0.25279 0.580915
0 0.977679 0.573289 0.0435268 0.196429
