1 0.4488 0.552176 0.149275 0.550409
3 0.978795 0.579613 0.0379465 0.127232
0 0.435268 0.392392 0.294643 0.697359
0 0.372628 0.371838 0.433315 0.717634
0 0.449637 0.497396 0.166574 0.679316
1 0.431362 0.451637 0.1875 0.657738
0 0.287528 0.339844 0.489676 0.679688
2 0.448661 0.530599 0.149554 0.581659
2 0.978795 0.578869 0.0390625 0.12872
1 0.978795 0.578869 0.0390625 0.12872
3 0.978516 0.585566 0.0429688 0.16369
0 0.443917 0.349795 0.21596 0.626302
0 0.978795 0.578869 0.0390625 0.12872
0 0.434012 0.561105 0.134208 0.545945
1 0.43471 0.389602 0.301339 0.710379
0 0.503348 0.383464 0.376116 0.728609
2 0.977121 0.574777 0.0435267 0.186756
3 0.447684 0.531064 0.149275 0.559896
3 0.226562 0.565104 0.0412946 0.107143
1 0.977121 0.574777 0.0435267 0.186756
2 0.431362 0.451637 0.1875 0.657738
1 0.487863 0.430711 0.211775 0.675781
1 0.378906 0.553571 0.0647321 0.404762
3 0.213379 0.572917 0.0302734 0.0959822
0 0.487863 0.430711 0.211775 0.675781
1 0.426897 0.589658 0.123326 0.548363
0 0.418527 0.439918 0.15904 0.596354
3 0.973772 0.558408 0.0390625 0.154762
3 0.228306 0.562872 0.0634766 0.177827
1 0.378278 0.334728 0.550363 0.6609
0 0.381417 0.487723 0.109933 0.502232
0 0.376116 0.524926 0.0820312 0.444196
3 0.214565 0.535714 0.0345982 0.154762
3 0.224679 0.533482 0.0478516 0.166667
3 0.986049 0.590774 0.0279017 0.179315
3 0.213379 0.569568 0.0442243 0.142113
1 0.484933 0.517578 0.258929 0.582403
1 0.376395 0.529018 0.0535714 0.244048
2 0.43471 0.389602 0.301339 0.710379
1 0.381417 0.487723 0.109933 0.502232
0 0.977121 0.574777 0.0435267 0.186756
3 0.221261 0.574405 0.0340402 0.0989583
