1 0.689174 0.500558 0.197545 0.742932
0 0.688616 0.599144 0.236607 0.780878
3 0.978237 0.579985 0.0390625 0.125
0 0.392718 0.333984 0.359654 0.605841
0 0.676339 0.65904 0.327009 0.672991
0 0.329171 0.332589 0.533622 0.665179
1 0.6875 0.59933 0.245536 0.779018
1 0.395857 0.332961 0.373465 0.610119
2 0.978237 0.579613 0.0390625 0.125
0 0.540039 0.731399 0.455636 0.519345
0 0.443499 0.357236 0.166574 0.556362
1 0.978795 0.579241 0.0401785 0.125744
1 0.676339 0.660342 0.345982 0.677827
1 0.443499 0.357236 0.166574 0.556362
0 0.978795 0.579241 0.0401785 0.125744
3 0.976562 0.575521 0.0435267 0.18378
2 0.689174 0.502325 0.206473 0.733445
1 0.317871 0.335193 0.476981 0.670387
0 0.689174 0.462705 0.190848 0.651972
3 0.689174 0.502325 0.206473 0.733445
2 0.976562 0.575521 0.0435267 0.18378
1 0.976562 0.575521 0.0435267 0.18378
2 0.395857 0.332961 0.373465 0.610119
2 0.695871 0.601935 0.276786 0.791667
0 0.488002 0.345238 0.223772 0.601935
1 0.885045 0.350446 0.205357 0.622024
3 0.695871 0.601935 0.276786 0.791667
3 0.372838 0.33231 0.43178 0.634487
2 0.328544 0.331845 0.546038 0.663691
3 0.227469 0.566964 0.0422712 0.105655
0 0.417411 0.415272 0.138951 0.461124
3 0.212054 0.570312 0.0323661 0.0989583
0 0.483259 0.347191 0.329241 0.63151
1 0.540039 0.731399 0.455636 0.519345
0 0.976562 0.575521 0.0435267 0.18378
0 0.780692 0.683036 0.396205 0.633929
0 0.885045 0.350446 0.205357 0.622024
3 0.212263 0.53311 0.0341797 0.155506
3 0.986049 0.591146 0.0279017 0.176339
0 0.335938 0.360212 0.25279 0.587612
0 0.467634 0.7859 0.515625 0.398438
1 0.417411 0.415272 0.138951 0.461124
3 0.229004 0.563988 0.0676618 0.178571
3 0.22433 0.532366 0.046875 0.165923
3 0.212054 0.567336 0.0507813 0.151042
