3 0.978795 0.577009 0.0379465 0.127232
0 0.339983 0.373512 0.505301 0.747024
0 0.384487 0.402809 0.297991 0.678013
1 0.381138 0.549293 0.152344 0.38058
1 0.384766 0.401786 0.295201 0.686012
1 0.385045 0.495629 0.203125 0.505766
0 0.375837 0.464658 0.227121 0.59003
2 0.978795 0.575893 0.0390625 0.127976
0 0.424595 0.34003 0.476702 0.68006
1 0.978795 0.575893 0.0390625 0.127976
0 0.42899 0.394531 0.231306 0.615699
0 0.978795 0.575893 0.0390625 0.127976
1 0.371931 0.373233 0.451451 0.722284
0 0.482701 0.350074 0.277902 0.636905
3 0.978516 0.582589 0.0429688 0.18006
2 0.380301 0.571801 0.154018 0.369792
2 0.384766 0.401786 0.295201 0.686012
2 0.385045 0.495629 0.203125 0.505766
2 0.977121 0.572545 0.0435267 0.19122
0 0.465402 0.370164 0.16183 0.591518
3 0.231376 0.569196 0.0450614 0.112351
1 0.443917 0.455357 0.171317 0.511905
1 0.431362 0.396391 0.22433 0.617932
0 0.443917 0.455357 0.171317 0.511905
0 0.381138 0.549293 0.152344 0.38058
1 0.361747 0.498698 0.307757 0.535342
3 0.973772 0.558408 0.0390625 0.151042
2 0.339983 0.373512 0.505301 0.747024
0 0.363002 0.514881 0.169085 0.513393
3 0.213309 0.573289 0.0326451 0.0892857
1 0.977121 0.572545 0.0435267 0.19122
3 0.339983 0.373512 0.505301 0.747024
3 0.23298 0.566964 0.078683 0.244792
1 0.3976 0.571057 0.249442 0.387649
3 0.383929 0.399554 0.325893 0.684524
1 0.906808 0.347005 0.180804 0.627418
1 0.383371 0.598214 0.118862 0.278274
1 0.397879 0.565662 0.142299 0.288318
0 0.906808 0.347005 0.180804 0.627418
3 0.21296 0.570312 0.0595703 0.163691
