2 0.577009 0.4375 0.118304 0.335566
3 0.18457 0.46317 0.0957031 0.220238
2 0.183594 0.471726 0.106585 0.25744
3 0.18192 0.478051 0.108259 0.372024
1 0.577567 0.437128 0.113839 0.332589
0 0.578125 0.442243 0.117188 0.347656
1 0.181641 0.482515 0.112165 0.331101
0 0.181641 0.482515 0.112165 0.331101
0 0.557059 0.629557 0.161551 0.688802
2 0.175223 0.482236 0.109375 0.394159
1 0.184012 0.463914 0.0984933 0.22619
3 0.578125 0.438337 0.120536 0.3391
2 0.56529 0.490513 0.113839 0.533854
3 0.202985 0.460193 0.0560826 0.176339
0 0.185686 0.456845 0.093471 0.229167
0 0.559152 0.614397 0.0982143 0.598586
1 0.559152 0.614397 0.0982143 0.598586
0 0.566964 0.491257 0.122768 0.487723
1 0.563477 0.631882 0.148716 0.643973
1 0.566964 0.491257 0.122768 0.487723
2 0.19615 0.450149 0.0675223 0.145089
0 0.180804 0.645833 0.18192 0.691964
3 0.214286 0.444941 0.0373884 0.119048
3 0.208496 0.462426 0.0456194 0.125744
0 0.545201 0.639416 0.245536 0.709264
2 0.597656 0.453869 0.0803571 0.27381
