3 0.979353 0.578869 0.0379464 0.127232
0 0.396066 0.334077 0.38644 0.616815
1 0.589286 0.553757 0.210938 0.594866
0 0.589286 0.553757 0.210938 0.594866
0 0.569196 0.462891 0.231027 0.59654
0 0.508929 0.36756 0.324777 0.657738
0 0.292271 0.337798 0.495815 0.675595
1 0.398507 0.332217 0.401646 0.623512
2 0.979353 0.578497 0.0390625 0.126488
0 0.571987 0.605004 0.285714 0.614397
1 0.571987 0.605004 0.285714 0.614397
1 0.979353 0.578497 0.0390625 0.126488
0 0.442104 0.357887 0.181641 0.578125
0 0.495536 0.33138 0.467634 0.661644
1 0.570312 0.461217 0.21875 0.616257
0 0.979353 0.578497 0.0390625 0.126488
3 0.978795 0.585565 0.0424107 0.171131
0 0.573661 0.407552 0.351563 0.586682
1 0.442104 0.357887 0.181641 0.578125
2 0.589286 0.553757 0.210938 0.594866
0 0.549805 0.342541 0.234096 0.569382
1 0.565848 0.651414 0.186384 0.570684
0 0.589844 0.462054 0.152902 0.462798
2 0.396066 0.334077 0.38644 0.616815
2 0.977679 0.574777 0.0446428 0.191964
0 0.565848 0.651414 0.186384 0.570684
3 0.592634 0.557757 0.243304 0.591332
3 0.973772 0.558036 0.0379464 0.154018
3 0.379325 0.333333 0.4601 0.639881
0 0.511858 0.521205 0.145926 0.511161
1 0.977679 0.574777 0.0446428 0.191964
1 0.589844 0.462054 0.152902 0.462798
2 0.570312 0.461217 0.21875 0.616257
3 0.986328 0.590402 0.0273438 0.182292
1 0.5 0.373047 0.40067 0.664621
3 0.210659 0.569196 0.030692 0.0989583
3 0.212402 0.529018 0.0361328 0.15997
