3 0.348493 0.461682 0.0558036 0.21503
2 0.349051 0.483631 0.0686384 0.294643
3 0.349051 0.483631 0.0686384 0.294643
2 0.346261 0.529483 0.0714286 0.448475
3 0.346261 0.529483 0.0714286 0.448475
1 0.346261 0.529483 0.0714286 0.448475
2 0.356585 0.481399 0.0987723 0.322917
2 0.34933 0.462798 0.0597098 0.203125
0 0.342634 0.64574 0.109375 0.687686
0 0.346261 0.529483 0.0714286 0.448475
1 0.351842 0.470982 0.0597098 0.236607
3 0.345982 0.472842 0.0496652 0.142113
3 0.642299 0.445685 0.0424107 0.176339
3 0.356585 0.481399 0.0987723 0.322917
1 0.348493 0.486607 0.0809152 0.293155
0 0.527344 0.451823 0.361607 0.694569
1 0.342634 0.64574 0.109375 0.687686
0 0.349051 0.483631 0.0686384 0.294643
1 0.343192 0.628348 0.0697545 0.606399
0 0.327846 0.667783 0.176897 0.658482
0 0.356585 0.481399 0.0987723 0.322917
0 0.343192 0.628348 0.0697545 0.606399
3 0.641183 0.446801 0.0758928 0.310268
3 0.336496 0.471354 0.0418527 0.200149
3 0.35519 0.490327 0.0496652 0.226935
0 0.34933 0.462798 0.0597098 0.203125
0 0.545201 0.634673 0.377232 0.708333
3 0.651228 0.402902 0.0379465 0.169643
2 0.345982 0.472842 0.0496652 0.142113
0 0.289342 0.641276 0.223214 0.717448
0 0.630022 0.636719 0.228795 0.72061
