3 0.978795 0.580357 0.0390625 0.129464
0 0.174386 0.580171 0.316406 0.792039
0 0.304478 0.345331 0.468052 0.679874
0 0.399833 0.334542 0.34654 0.606213
1 0.163993 0.56622 0.25572 0.755952
0 0.140276 0.539993 0.209403 0.670015
1 0.138184 0.648438 0.238142 0.640625
0 0.444196 0.352679 0.165179 0.564732
1 0.404018 0.33324 0.368304 0.610305
2 0.978795 0.579241 0.0401785 0.131696
1 0.194824 0.659598 0.349191 0.676339
1 0.444196 0.352679 0.165179 0.564732
0 0.138184 0.648438 0.238142 0.640625
0 0.241699 0.672433 0.399414 0.631324
0 0.48298 0.334728 0.258371 0.616257
1 0.978795 0.579241 0.0401785 0.131696
1 0.311663 0.346354 0.486049 0.682292
0 0.978795 0.579241 0.0401785 0.131696
1 0.223703 0.556641 0.41197 0.730469
2 0.17341 0.582403 0.312779 0.793527
0 0.491629 0.330822 0.4375 0.661272
1 0.152832 0.469494 0.173131 0.578869
3 0.17341 0.582403 0.312779 0.793527
0 0.255092 0.479632 0.440709 0.719308
2 0.399833 0.334542 0.34654 0.606213
2 0.311663 0.346354 0.486049 0.682292
2 0.140311 0.531343 0.199289 0.69029
3 0.311663 0.346354 0.486049 0.682292
0 0.410296 0.314639 0.203962 0.565662
0 0.417411 0.412295 0.138393 0.465588
3 0.973214 0.559152 0.0401786 0.156994
0 0.544085 0.333705 0.195312 0.574405
1 0.910714 0.351656 0.169643 0.627046
0 0.225725 0.535063 0.25279 0.62779
3 0.98577 0.590402 0.0284598 0.169643
3 0.399833 0.334542 0.34654 0.606213
0 0.183071 0.687128 0.242676 0.607887
1 0.225725 0.535063 0.25279 0.62779
0 0.465262 0.404018 0.130859 0.479911
