1 0.407924 0.566964 0.195313 0.595238
3 0.978795 0.577753 0.0379465 0.127232
0 0.462333 0.414156 0.181362 0.516927
0 0.311593 0.332589 0.486189 0.665179
0 0.40918 0.56622 0.235212 0.599702
1 0.478516 0.442615 0.0920759 0.4109
1 0.462333 0.414156 0.181362 0.516927
2 0.978795 0.577753 0.0390625 0.126488
1 0.462472 0.487816 0.139788 0.528832
0 0.462472 0.487816 0.139788 0.528832
1 0.478376 0.447917 0.0823102 0.289435
0 0.445312 0.402065 0.294643 0.550037
0 0.381696 0.394717 0.300223 0.576637
0 0.478516 0.442615 0.0920759 0.4109
1 0.979353 0.576637 0.0390625 0.127976
3 0.978516 0.585566 0.0429688 0.174851
0 0.979353 0.576637 0.0390625 0.127976
2 0.40918 0.56622 0.235212 0.599702
0 0.439174 0.325521 0.470982 0.650298
0 0.478376 0.447917 0.0823102 0.289435
1 0.373047 0.545294 0.296317 0.62965
0 0.254116 0.717262 0.398019 0.5625
2 0.462333 0.414156 0.181362 0.516927
3 0.40918 0.56622 0.235212 0.599702
1 0.402344 0.663691 0.217634 0.498512
2 0.978516 0.585566 0.0429688 0.174851
2 0.478376 0.447917 0.0823102 0.289435
1 0.445312 0.402065 0.294643 0.550037
1 0.976562 0.573661 0.0435267 0.1875
1 0.90904 0.352679 0.174107 0.619048
0 0.475586 0.405134 0.115792 0.502976
2 0.478516 0.442615 0.0920759 0.4109
1 0.311733 0.333333 0.520508 0.666667
3 0.973772 0.558036 0.0390625 0.158482
1 0.475586 0.405134 0.115792 0.502976
2 0.462472 0.487816 0.139788 0.528832
3 0.228516 0.563616 0.0440848 0.122024
0 0.262277 0.608259 0.236049 0.53497
1 0.476702 0.550037 0.104632 0.521949
0 0.407924 0.345238 0.179688 0.505208
0 0.433594 0.493769 0.236607 0.539249
0 0.331194 0.341797 0.212612 0.584263
1 0.49149 0.437872 0.061663 0.280506
3 0.211984 0.567708 0.0341797 0.102679
0 0.416016 0.457589 0.136719 0.404762
1 0.452288 0.446429 0.135603 0.291667
3 0.223005 0.529762 0.0461774 0.165923
1 0.363281 0.56808 0.178571 0.593006
1 0.433594 0.493769 0.236607 0.539249
0 0.476702 0.550037 0.104632 0.521949
1 0.416016 0.457589 0.136719 0.404762
3 0.229911 0.56343 0.0731027 0.260045
1 0.381696 0.394717 0.300223 0.576637
1 0.438756 0.647321 0.141462 0.497024
0 0.90904 0.352679 0.174107 0.619048
0 0.976562 0.573661 0.0435267 0.1875
3 0.212472 0.530134 0.0365513 0.15625
0 0.332589 0.456101 0.238839 0.657738
0 0.362514 0.597377 0.322963 0.677269
