1 0.858259 0.549758 0.189732 0.671317
3 0.979353 0.578125 0.0379464 0.134673
0 0.860491 0.548549 0.1875 0.652902
0 0.387347 0.332589 0.367048 0.614583
0 0.330915 0.331101 0.535714 0.65997
1 0.877232 0.671503 0.210938 0.59747
2 0.978795 0.578125 0.0368303 0.143601
1 0.978795 0.578125 0.0368303 0.143601
1 0.390695 0.331101 0.380441 0.619792
0 0.442522 0.354911 0.172991 0.563244
0 0.871652 0.672991 0.229911 0.595982
2 0.862165 0.554595 0.1875 0.679502
0 0.485073 0.335938 0.259766 0.613095
0 0.979353 0.578125 0.0379464 0.134673
3 0.974888 0.590774 0.0401785 0.184524
1 0.442522 0.354911 0.172991 0.563244
3 0.976283 0.587798 0.047433 0.284226
0 0.893973 0.567894 0.142857 0.602306
3 0.855469 0.55292 0.209821 0.662016
0 0.49149 0.330729 0.445592 0.661458
1 0.976283 0.587798 0.047433 0.284226
2 0.371861 0.331473 0.429269 0.636161
3 0.228516 0.567708 0.0424107 0.104911
3 0.371861 0.331473 0.429269 0.636161
1 0.893973 0.567894 0.142857 0.602306
0 0.976283 0.587798 0.047433 0.284226
3 0.986328 0.592262 0.0273438 0.211309
3 0.212821 0.574033 0.0302734 0.0944941
1 0.944475 0.351562 0.111049 0.613095
2 0.976283 0.587798 0.047433 0.284226
0 0.417132 0.412109 0.154576 0.471912
3 0.214007 0.533482 0.0368304 0.156994
3 0.230469 0.565104 0.063058 0.162946
0 0.381138 0.359375 0.223214 0.560268
0 0.545201 0.334077 0.190848 0.565476
3 0.224679 0.532738 0.0511998 0.168155
1 0.974888 0.590774 0.0401785 0.184524
2 0.871652 0.672991 0.229911 0.595982
0 0.87779 0.415365 0.179687 0.615699
