0 0.864955 0.606678 0.242188 0.727121
0 0.84375 0.372675 0.309152 0.710007
0 0.895647 0.353144 0.207589 0.668713
1 0.870536 0.367188 0.257812 0.726935
1 0.856585 0.607143 0.248884 0.691964
1 0.658482 0.521391 0.179688 0.671503
0 0.65904 0.519345 0.180804 0.666667
2 0.65904 0.519345 0.180804 0.666667
0 0.535854 0.488188 0.399275 0.733445
2 0.843192 0.371931 0.310268 0.718936
2 0.865513 0.606213 0.25 0.734003
0 0.679129 0.593936 0.292411 0.773438
0 0.638393 0.610026 0.176339 0.732329
0 0.785156 0.383092 0.324777 0.651972
3 0.865513 0.606213 0.25 0.734003
3 0.842076 0.373605 0.313616 0.7141
1 0.674107 0.553292 0.260045 0.740141
0 0.619559 0.517857 0.279855 0.6875
3 0.65904 0.519345 0.180804 0.666667
1 0.619559 0.517857 0.279855 0.6875
1 0.925781 0.347842 0.146205 0.653274
0 0.896763 0.66276 0.184152 0.62686
1 0.824777 0.376116 0.254464 0.631696
0 0.568638 0.553013 0.262277 0.715402
0 0.756696 0.609189 0.34933 0.710193
1 0.65625 0.413411 0.147321 0.50651
0 0.773438 0.467448 0.399554 0.719866
