1 0.868862 0.537574 0.0904017 0.334077
3 0.978795 0.578869 0.0390625 0.135417
0 0.396763 0.332868 0.353795 0.608073
0 0.322684 0.332217 0.537667 0.663691
2 0.868304 0.539621 0.0892857 0.331473
2 0.978795 0.578125 0.0401785 0.133929
0 0.444475 0.354074 0.165737 0.562686
1 0.40067 0.331845 0.370536 0.612351
2 0.97154 0.570685 0.0524554 0.16369
1 0.444475 0.354074 0.165737 0.562686
0 0.484375 0.335938 0.264509 0.610119
1 0.978795 0.577753 0.0390625 0.130208
3 0.975446 0.577381 0.046875 0.175595
0 0.870536 0.535528 0.0926339 0.321801
0 0.978795 0.577753 0.0390625 0.130208
1 0.323521 0.330915 0.547154 0.66183
3 0.867746 0.539993 0.0904017 0.330729
0 0.493862 0.331194 0.436384 0.662016
1 0.97154 0.570685 0.0524554 0.16369
0 0.912388 0.383185 0.145089 0.596726
3 0.228864 0.56622 0.0422712 0.107143
2 0.396763 0.332868 0.353795 0.608073
2 0.323521 0.330915 0.547154 0.66183
3 0.214355 0.570685 0.0322266 0.0989584
3 0.375558 0.331938 0.419643 0.629278
0 0.97154 0.570685 0.0524554 0.16369
3 0.230539 0.563244 0.0640346 0.171131
0 0.544643 0.334821 0.199777 0.56622
3 0.214634 0.534226 0.0355748 0.153274
1 0.885603 0.551711 0.0970983 0.295387
3 0.986328 0.591518 0.0273438 0.192708
0 0.417411 0.413225 0.145647 0.463728
3 0.225237 0.532738 0.0472935 0.162946
0 0.873326 0.402158 0.15625 0.575149
1 0.907366 0.379092 0.140625 0.616815
0 0.412109 0.313988 0.203683 0.568452
0 0.94029 0.375651 0.108259 0.576079
3 0.214286 0.567708 0.0496652 0.145833
3 0.222656 0.574777 0.0340402 0.100446
2 0.967634 0.502976 0.0636161 0.373512
0 0.466239 0.404762 0.128906 0.478423
1 0.466239 0.404762 0.128906 0.478423
