2 0.625558 0.43657 0.175223 0.567336
0 0.612863 0.402716 0.23856 0.578497
1 0.616769 0.401972 0.234096 0.582961
2 0.644531 0.422898 0.118304 0.508371
0 0.551339 0.454334 0.344866 0.665737
1 0.623326 0.423363 0.152902 0.494792
1 0.648438 0.428571 0.100446 0.480655
1 0.542271 0.464379 0.364118 0.679874
1 0.656808 0.468378 0.0792411 0.37128
0 0.644531 0.422898 0.118304 0.508371
2 0.552316 0.45452 0.3351 0.675781
0 0.498884 0.388393 0.348214 0.587054
1 0.672433 0.381696 0.108259 0.548363
1 0.661272 0.498512 0.0636161 0.278274
3 0.625558 0.43657 0.175223 0.567336
2 0.656808 0.468378 0.0792411 0.37128
2 0.661272 0.498512 0.0636161 0.278274
1 0.669085 0.424386 0.0725447 0.490513
3 0.661272 0.498512 0.0636161 0.278274
0 0.636161 0.491257 0.143973 0.517485
0 0.554688 0.32115 0.345982 0.502046
