1 0.790737 0.552641 0.131696 0.406622
3 0.979353 0.577009 0.0390625 0.133185
0 0.393415 0.332961 0.350446 0.607143
0 0.327985 0.334077 0.535993 0.666667
1 0.397879 0.33231 0.366071 0.610677
0 0.791295 0.551339 0.133929 0.404762
0 0.44322 0.352586 0.169364 0.562686
2 0.978795 0.576637 0.0379465 0.130952
1 0.44322 0.352586 0.169364 0.562686
1 0.979353 0.577381 0.0368304 0.124256
2 0.791853 0.549851 0.128348 0.401786
0 0.979353 0.576265 0.0379464 0.130208
0 0.48298 0.335193 0.258371 0.614583
1 0.316057 0.33631 0.476144 0.672619
1 0.804129 0.551153 0.204241 0.418527
3 0.979074 0.584077 0.0418527 0.204613
3 0.791853 0.549851 0.128348 0.401786
0 0.494838 0.331473 0.452288 0.662946
2 0.393415 0.332961 0.350446 0.607143
2 0.32666 0.332775 0.547573 0.665551
3 0.373465 0.331008 0.418248 0.632627
1 0.761719 0.560268 0.141741 0.391369
2 0.979074 0.584077 0.0418527 0.204613
3 0.974888 0.557292 0.0368303 0.162202
0 0.417969 0.412481 0.140067 0.46224
1 0.977958 0.572917 0.0440848 0.210566
0 0.818638 0.53032 0.208705 0.486979
0 0.410156 0.313988 0.206473 0.572173
3 0.230469 0.56436 0.0412946 0.105655
0 0.334263 0.362351 0.243304 0.581845
0 0.844866 0.345517 0.21875 0.582775
1 0.417969 0.412481 0.140067 0.46224
