3 0.978795 0.579241 0.0379465 0.129464
1 0.22154 0.56622 0.24721 0.709821
0 0.389788 0.336961 0.375558 0.610305
0 0.217913 0.558687 0.24442 0.640067
0 0.444057 0.353795 0.168806 0.56622
1 0.391741 0.335565 0.397321 0.618304
2 0.979353 0.578497 0.0390625 0.130208
0 0.285645 0.394624 0.407506 0.679501
1 0.444057 0.353795 0.168806 0.56622
1 0.979353 0.578497 0.0390625 0.130208
3 0.978516 0.585194 0.0429688 0.165923
0 0.483259 0.335938 0.260045 0.616816
2 0.221819 0.54548 0.255022 0.679874
0 0.979353 0.578497 0.0390625 0.130208
1 0.206055 0.668341 0.232422 0.571057
3 0.222935 0.545387 0.260603 0.668155
0 0.301618 0.386161 0.264509 0.589286
2 0.389788 0.336961 0.375558 0.610305
2 0.977121 0.575149 0.0435267 0.191964
0 0.492188 0.331845 0.429688 0.663691
1 0.977121 0.575149 0.0435267 0.191964
3 0.369978 0.3351 0.43192 0.628906
1 0.267299 0.511161 0.351563 0.580357
0 0.412388 0.401786 0.248884 0.494048
3 0.973772 0.558408 0.0390625 0.160714
0 0.543387 0.335193 0.197824 0.569941
0 0.419085 0.414062 0.145089 0.462798
0 0.267299 0.511161 0.351563 0.580357
3 0.986328 0.590774 0.0273438 0.18378
0 0.977121 0.575149 0.0435267 0.191964
0 0.236886 0.34003 0.172433 0.55506
1 0.907366 0.348307 0.178572 0.630766
0 0.333984 0.480841 0.186942 0.46689
