0 0.844866 0.593192 0.294643 0.768973
0 0.829241 0.399554 0.294643 0.776786
1 0.832031 0.344494 0.300223 0.679315
0 0.794643 0.531622 0.352679 0.799851
0 0.68471 0.391183 0.398438 0.702753
1 0.842634 0.595424 0.301339 0.764509
2 0.832031 0.344494 0.300223 0.679315
2 0.842634 0.595424 0.301339 0.764509
3 0.832031 0.344494 0.300223 0.679315
3 0.842634 0.595424 0.301339 0.764509
0 0.625558 0.458612 0.444196 0.700335
0 0.893415 0.659598 0.206473 0.645089
0 0.614955 0.300223 0.491071 0.543155
0 0.793527 0.667039 0.295759 0.656994
