2 0.959822 0.538132 0.0803571 0.334449
1 0.959263 0.53776 0.0814732 0.344122
0 0.390904 0.333333 0.37221 0.611607
0 0.328753 0.331566 0.541155 0.661272
1 0.394462 0.331845 0.3863 0.614583
0 0.44322 0.353795 0.171596 0.559524
0 0.959542 0.53683 0.0809152 0.328125
0 0.483956 0.334449 0.261998 0.607887
1 0.44322 0.353795 0.171596 0.559524
3 0.960938 0.537946 0.078125 0.328869
1 0.32094 0.331473 0.455218 0.662946
2 0.94308 0.534598 0.0915179 0.356399
0 0.491908 0.329148 0.436942 0.65718
2 0.373326 0.331938 0.428571 0.629278
3 0.215681 0.530506 0.0362723 0.165923
3 0.373326 0.331938 0.428571 0.629278
3 0.226353 0.5625 0.0422712 0.113095
2 0.978516 0.56622 0.0429688 0.150298
0 0.544085 0.333333 0.194196 0.564732
3 0.227958 0.559896 0.0636161 0.176339
3 0.21303 0.568824 0.031529 0.107887
0 0.416853 0.411365 0.155134 0.471912
2 0.434431 0.332124 0.290737 0.596168
0 0.336217 0.360863 0.253906 0.574405
0 0.217983 0.520461 0.114816 0.328869
3 0.215681 0.527902 0.0530134 0.198661
2 0.973214 0.537574 0.0502233 0.149554
0 0.41183 0.315104 0.215402 0.570685
