1 0.518415 0.449405 0.214286 0.611607
0 0.516741 0.434524 0.21875 0.663691
1 0.49721 0.594401 0.164062 0.610305
2 0.517857 0.447824 0.207589 0.626674
1 0.449498 0.5133 0.0675223 0.506138
3 0.518555 0.450428 0.218471 0.615513
0 0.523996 0.338914 0.295759 0.608631
0 0.496512 0.359003 0.17885 0.570685
0 0.507812 0.597005 0.227679 0.614025
1 0.517857 0.650856 0.148438 0.510789
0 0.517857 0.650856 0.148438 0.510789
1 0.44894 0.524182 0.0541295 0.295387
0 0.543527 0.362723 0.180804 0.563244
1 0.566406 0.470145 0.143973 0.543341
