0 0.541434 0.670387 0.283203 0.654762
3 0.359654 0.520089 0.0362723 0.0818452
3 0.368025 0.50186 0.0357143 0.0721726
3 0.366908 0.515625 0.0407366 0.0788691
3 0.364955 0.521577 0.0457589 0.131696
3 0.35798 0.501488 0.0301339 0.0714286
3 0.368304 0.547247 0.0362723 0.127976
1 0.554129 0.697173 0.219866 0.549107
1 0.544782 0.671689 0.298828 0.65067
3 0.369978 0.543899 0.0385045 0.0773809
3 0.358538 0.545759 0.0323661 0.12128
0 0.572545 0.701637 0.207589 0.497024
3 0.367746 0.549851 0.0518973 0.21503
0 0.544643 0.380208 0.378348 0.598214
1 0.362165 0.522321 0.0301339 0.0796131
3 0.353795 0.541667 0.0323661 0.0796131
1 0.362723 0.521949 0.0401786 0.108631
1 0.368304 0.503348 0.030692 0.0803571
3 0.359096 0.50186 0.0396205 0.125744
3 0.385603 0.524554 0.0334821 0.0744047
0 0.547991 0.291574 0.475446 0.516555
2 0.554129 0.697173 0.219866 0.549107
3 0.385603 0.528274 0.0407366 0.11756
0 0.535296 0.484189 0.335658 0.656622
1 0.368862 0.502976 0.0446429 0.154762
2 0.544782 0.671689 0.298828 0.65067
