3 0.979911 0.577381 0.0379464 0.130208
1 0.367467 0.555804 0.186942 0.657738
0 0.450893 0.350446 0.242188 0.646577
0 0.449916 0.363467 0.167132 0.596726
0 0.438477 0.337705 0.38644 0.647507
0 0.401507 0.386161 0.253906 0.602679
0 0.368304 0.554781 0.185268 0.628534
2 0.979911 0.576265 0.0379464 0.12872
0 0.421038 0.384301 0.148438 0.564732
0 0.331613 0.323568 0.381417 0.531436
1 0.449916 0.363467 0.167132 0.596726
1 0.979911 0.576265 0.0379464 0.12872
1 0.349888 0.634487 0.181362 0.567336
0 0.979911 0.576265 0.0379464 0.12872
0 0.270368 0.322917 0.441964 0.636161
1 0.444475 0.501116 0.181362 0.533482
3 0.979074 0.584077 0.0418527 0.186012
0 0.3524 0.413318 0.213728 0.511905
1 0.343192 0.663132 0.260045 0.545759
2 0.371652 0.567708 0.226562 0.694941
0 0.437081 0.500279 0.197266 0.503906
0 0.267578 0.695127 0.396205 0.577009
1 0.366629 0.45638 0.159598 0.520275
1 0.421735 0.511998 0.29269 0.56529
1 0.328962 0.559338 0.151228 0.622396
0 0.421735 0.511998 0.29269 0.56529
1 0.401507 0.386161 0.253906 0.602679
1 0.450893 0.350539 0.24442 0.645647
1 0.421038 0.384301 0.148438 0.564732
0 0.366629 0.45638 0.159598 0.520275
0 0.470843 0.409319 0.114118 0.542969
3 0.371652 0.567708 0.226562 0.694941
0 0.371652 0.347098 0.164062 0.510417
2 0.979074 0.584077 0.0418527 0.186012
1 0.88058 0.348307 0.219866 0.629278
0 0.906808 0.349795 0.180804 0.624814
0 0.279018 0.608073 0.263951 0.590402
3 0.973772 0.558036 0.0379464 0.157738
1 0.438477 0.337705 0.38644 0.647507
0 0.266741 0.346354 0.177455 0.553571
2 0.449916 0.363467 0.167132 0.596726
0 0.499023 0.338542 0.190569 0.600446
0 0.346959 0.409784 0.317243 0.567336
1 0.977679 0.573661 0.0446428 0.199405
0 0.264788 0.542876 0.185268 0.519903
3 0.225446 0.565848 0.0507812 0.154018
2 0.406808 0.382068 0.254464 0.601935
1 0.470843 0.409319 0.114118 0.542969
0 0.216448 0.629464 0.243443 0.477679
3 0.213449 0.567336 0.0385045 0.115327
1 0.353795 0.408203 0.209821 0.516927
3 0.226004 0.565476 0.0814732 0.327381
0 0.221819 0.530506 0.0714286 0.366071
