3 0.979353 0.579241 0.0379464 0.129464
1 0.412946 0.554129 0.196429 0.58817
0 0.409877 0.528274 0.244978 0.607143
0 0.378558 0.383836 0.381278 0.671317
0 0.327776 0.339286 0.548689 0.678571
0 0.449916 0.474516 0.183873 0.568824
0 0.440569 0.397507 0.288504 0.612723
1 0.402902 0.532366 0.292411 0.612351
0 0.3976 0.484375 0.332031 0.645833
1 0.449916 0.474516 0.183873 0.568824
2 0.979911 0.578497 0.0390625 0.130208
1 0.979911 0.578497 0.0390625 0.130208
0 0.477679 0.438337 0.15067 0.498326
2 0.449916 0.474516 0.183873 0.568824
3 0.978795 0.587054 0.0424107 0.171131
0 0.979911 0.578497 0.0390625 0.130208
0 0.468471 0.480376 0.113281 0.455915
2 0.410993 0.527623 0.243862 0.630766
1 0.468471 0.480376 0.113281 0.455915
0 0.415737 0.395833 0.159598 0.573661
0 0.354422 0.614769 0.388253 0.672247
1 0.371233 0.380022 0.453962 0.698289
3 0.212193 0.578497 0.0281808 0.0818453
1 0.440569 0.397507 0.288504 0.612723
0 0.467634 0.346075 0.21317 0.602493
1 0.477679 0.438337 0.15067 0.498326
0 0.469448 0.449777 0.0878906 0.271577
3 0.226353 0.571429 0.0372489 0.09375
2 0.977679 0.575521 0.0435268 0.188988
1 0.47168 0.473586 0.0923549 0.279762
0 0.498465 0.367188 0.364676 0.65997
0 0.448103 0.45266 0.122768 0.286644
2 0.418387 0.544271 0.17885 0.557292
0 0.38644 0.601191 0.189174 0.583333
3 0.402902 0.532366 0.292411 0.612351
1 0.977679 0.575521 0.0435268 0.188988
1 0.382254 0.656436 0.174665 0.559152
3 0.212263 0.575149 0.0458984 0.133929
3 0.227888 0.569196 0.0654297 0.185268
2 0.378209 0.380952 0.3976 0.684524
2 0.469448 0.449777 0.0878906 0.271577
2 0.440569 0.397507 0.288504 0.612723
0 0.345703 0.532273 0.233817 0.569382
0 0.282436 0.71131 0.450753 0.566964
3 0.973772 0.55878 0.0390625 0.158482
3 0.986886 0.589658 0.0262277 0.144345
1 0.442941 0.482515 0.13644 0.298363
3 0.211984 0.53683 0.0347377 0.144345
3 0.449916 0.474516 0.183873 0.568824
1 0.87779 0.344494 0.223214 0.636161
3 0.371233 0.380022 0.453962 0.698289
1 0.469308 0.546317 0.140625 0.502604
3 0.211286 0.596354 0.0255301 0.0491072
0 0.377511 0.389509 0.19308 0.594494
3 0.222656 0.535342 0.0412946 0.154018
2 0.327497 0.338914 0.560407 0.677827
1 0.439174 0.557664 0.146205 0.276042
