2 0.268415 0.46317 0.0809152 0.228423
2 0.266741 0.481771 0.0803571 0.349702
3 0.270089 0.460566 0.0764509 0.229911
3 0.266741 0.481771 0.0803571 0.349702
3 0.438895 0.437128 0.0491071 0.142113
0 0.266183 0.485863 0.0853795 0.317708
1 0.266183 0.485863 0.0853795 0.317708
0 0.260603 0.653088 0.136719 0.693824
2 0.268415 0.46875 0.0636161 0.14881
3 0.268415 0.46875 0.0636161 0.14881
1 0.270926 0.460938 0.078683 0.225446
0 0.289062 0.668341 0.138393 0.618676
3 0.442522 0.456845 0.061942 0.193452
0 0.270926 0.460938 0.078683 0.225446
0 0.20738 0.676525 0.220285 0.638021
3 0.270647 0.486235 0.0485491 0.126488
0 0.239676 0.691964 0.147321 0.590774
3 0.279297 0.443452 0.0535714 0.150298
3 0.439174 0.465402 0.112723 0.298363
0 0.300502 0.679688 0.214844 0.637649
1 0.263672 0.652158 0.118862 0.679316
