3 0.364397 0.46317 0.0658482 0.235119
2 0.362165 0.463542 0.0747768 0.248512
3 0.699219 0.455357 0.0825893 0.224702
2 0.703683 0.456473 0.0926339 0.255952
3 0.364397 0.478423 0.0753348 0.357143
1 0.364397 0.478423 0.0753348 0.357143
2 0.707031 0.456845 0.0691965 0.220238
3 0.378348 0.467634 0.0429688 0.207589
1 0.359654 0.463914 0.0731027 0.25
0 0.364397 0.478423 0.0753348 0.357143
0 0.359654 0.463914 0.0731027 0.25
3 0.378906 0.469866 0.0613839 0.241071
3 0.36942 0.47247 0.0507812 0.150298
3 0.35519 0.471354 0.0518973 0.150298
2 0.697545 0.444103 0.127232 0.297805
2 0.35798 0.493862 0.0742188 0.411086
0 0.702009 0.458333 0.0982143 0.255952
3 0.370815 0.488095 0.0396205 0.127976
0 0.34933 0.651786 0.133929 0.675595
1 0.699777 0.456473 0.0881697 0.225446
2 0.366071 0.483259 0.0535714 0.235863
0 0.533343 0.45545 0.377511 0.647135
3 0.365513 0.448661 0.0580357 0.15625
3 0.685268 0.464658 0.104911 0.273066
2 0.37221 0.444847 0.116629 0.294829
2 0.696429 0.494141 0.107143 0.407552
2 0.378348 0.467634 0.0429688 0.207589
3 0.698661 0.443824 0.0625 0.151042
2 0.378906 0.469866 0.0613839 0.241071
2 0.36942 0.47247 0.0507812 0.150298
