1 0.520508 0.569941 0.277065 0.709821
3 0.978795 0.577381 0.0368303 0.127232
0 0.315639 0.332589 0.545061 0.665179
0 0.510463 0.528646 0.282645 0.65253
0 0.458984 0.385417 0.332031 0.668155
2 0.978795 0.577381 0.0379465 0.126488
0 0.481306 0.350074 0.228237 0.601934
2 0.511161 0.527995 0.273437 0.664249
1 0.979353 0.576637 0.0379464 0.127232
0 0.979353 0.576637 0.0379464 0.127232
0 0.425712 0.334077 0.465541 0.657738
3 0.516183 0.56436 0.287946 0.668899
1 0.316337 0.331845 0.559291 0.663691
3 0.978795 0.583705 0.0424107 0.185268
1 0.499023 0.647135 0.208426 0.527158
1 0.49442 0.674107 0.339286 0.550595
1 0.481306 0.350074 0.228237 0.601934
2 0.978795 0.583705 0.0424107 0.185268
0 0.413505 0.377604 0.150112 0.518601
1 0.90904 0.34747 0.177455 0.62128
2 0.316337 0.331845 0.559291 0.663691
0 0.547433 0.599144 0.339286 0.727307
1 0.457031 0.384766 0.370536 0.676897
3 0.973772 0.559524 0.0379464 0.153274
0 0.407366 0.429688 0.246652 0.487351
0 0.457171 0.433873 0.182757 0.569754
1 0.406529 0.482236 0.0898438 0.359933
3 0.316337 0.331845 0.559291 0.663691
3 0.212472 0.570685 0.0281808 0.0922619
0 0.406529 0.482236 0.0898438 0.359933
3 0.23019 0.566592 0.0373884 0.0974702
1 0.405692 0.490699 0.0569196 0.255208
1 0.483538 0.48205 0.276228 0.669829
0 0.412388 0.433315 0.116629 0.433966
0 0.521205 0.634301 0.248884 0.598958
1 0.424107 0.507161 0.176339 0.414248
1 0.977679 0.573289 0.0446428 0.195684
