3 0.498047 0.47433 0.0351562 0.103423
1 0.0294364 0.658482 0.0573382 0.508929
2 0.0291574 0.635417 0.0527344 0.40625
3 0.424944 0.459077 0.0295759 0.0825893
0 0.0294364 0.658482 0.0573382 0.508929
3 0.429967 0.467262 0.031808 0.0818452
2 0.0284598 0.630208 0.0499442 0.270833
3 0.508789 0.479911 0.0248326 0.0900298
3 0.438058 0.455357 0.0390625 0.0744047
3 0.50558 0.468006 0.0323661 0.0944941
3 0.492188 0.465774 0.0368304 0.0840774
1 0.0284598 0.651786 0.0498047 0.28125
3 0.429408 0.464658 0.0440848 0.105655
0 0.0287737 0.515532 0.0575474 0.616257
3 0.491908 0.481027 0.0496652 0.122024
3 0.0291574 0.635417 0.0527344 0.40625
3 0.441685 0.455729 0.0491071 0.0944941
3 0.406529 0.468378 0.0217634 0.0818453
1 0.0287737 0.515532 0.0575474 0.616257
3 0.0284598 0.630208 0.0499442 0.270833
0 0.0284598 0.630208 0.0499442 0.270833
0 0.0436663 0.642485 0.078683 0.591518
1 0.497628 0.473214 0.0371094 0.105655
3 0.491211 0.476935 0.093471 0.1875
0 0.497628 0.473214 0.0371094 0.105655
1 0.0414342 0.728609 0.0672433 0.524926
2 0.0274833 0.623884 0.0442243 0.151042
1 0.429967 0.467262 0.031808 0.0818452
2 0.0436663 0.642485 0.078683 0.591518
3 0.442801 0.483631 0.0412946 0.10119
0 0.433036 0.465774 0.0385045 0.0892857
0 0.0335519 0.42048 0.0671038 0.633743
3 0.412109 0.482515 0.0206473 0.0736607
0 0.428571 0.458705 0.0284598 0.078125
1 0.0436663 0.642485 0.078683 0.591518
3 0.417132 0.484003 0.0245536 0.0900297
3 0.446708 0.469866 0.0998884 0.260417
