3 0.979353 0.577009 0.0368304 0.127976
1 0.415039 0.521949 0.206752 0.71503
0 0.327427 0.33817 0.534877 0.676339
0 0.393834 0.387463 0.373047 0.716146
0 0.415458 0.498884 0.238281 0.74628
2 0.979353 0.577009 0.0368304 0.127232
1 0.979353 0.577009 0.0368304 0.127232
2 0.418248 0.517485 0.203683 0.698661
0 0.979353 0.577009 0.0368304 0.127232
0 0.435965 0.396763 0.224051 0.638021
1 0.389439 0.389509 0.404157 0.726935
1 0.406529 0.632068 0.178013 0.539435
3 0.416155 0.521298 0.221261 0.723772
0 0.371652 0.523903 0.220982 0.699219
0 0.254743 0.707589 0.401228 0.561012
3 0.979074 0.585194 0.0418527 0.194941
3 0.97433 0.557292 0.0368304 0.15997
0 0.488281 0.368025 0.28683 0.665737
0 0.485212 0.424107 0.172433 0.602679
1 0.366071 0.58231 0.241629 0.650856
0 0.497489 0.34003 0.492746 0.68006
2 0.393834 0.387463 0.373047 0.716146
1 0.404157 0.663132 0.261998 0.542783
3 0.212402 0.571801 0.0299944 0.0922619
3 0.986886 0.590774 0.0262277 0.193452
3 0.229422 0.566964 0.0445033 0.111607
2 0.979074 0.585194 0.0418527 0.194941
1 0.435965 0.396763 0.224051 0.638021
0 0.265067 0.602679 0.248884 0.517857
3 0.214286 0.531994 0.0351563 0.153274
2 0.326869 0.337798 0.547154 0.675595
