3 0.506138 0.469866 0.0982143 0.223958
2 0.504464 0.465774 0.127232 0.290923
0 0.515067 0.674479 0.128348 0.612351
3 0.505999 0.46689 0.123047 0.303571
2 0.506138 0.469866 0.0982143 0.223958
0 0.505022 0.468006 0.126116 0.287946
3 0.523996 0.473586 0.0647322 0.202381
1 0.504464 0.465774 0.127232 0.290923
3 0.523577 0.47061 0.0823103 0.252232
1 0.515067 0.674479 0.128348 0.612351
1 0.508371 0.457589 0.0970982 0.233631
3 0.507115 0.405506 0.0951451 0.287946
3 0.473772 0.46317 0.0982143 0.229911
0 0.508371 0.457589 0.0970982 0.233631
0 0.497907 0.485212 0.132534 0.407552
3 0.506696 0.410342 0.0669643 0.177827
2 0.523996 0.473586 0.0647322 0.202381
2 0.523577 0.47061 0.0823103 0.252232
3 0.473772 0.464286 0.135045 0.307292
3 0.492885 0.40625 0.0744978 0.15625
3 0.515485 0.451637 0.0571987 0.139881
0 0.470982 0.665923 0.257813 0.668155
