3 0.43192 0.442708 0.0407366 0.100446
3 0.442522 0.441592 0.0597098 0.110119
3 0.486607 0.471726 0.0636161 0.0930059
3 0.487026 0.469122 0.0750558 0.130208
3 0.472377 0.453125 0.063058 0.0944941
3 0.450893 0.460566 0.0837054 0.219494
3 0.494001 0.473958 0.0655692 0.184524
3 0.473493 0.454985 0.0753348 0.151786
3 0.502232 0.473958 0.0412946 0.0892857
3 0.48019 0.485491 0.0608259 0.131696
3 0.460658 0.468378 0.132254 0.243304
3 0.480748 0.485863 0.0797991 0.201637
3 0.506696 0.459077 0.045759 0.0967262
1 0.448382 0.453869 0.0703125 0.122768
3 0.511579 0.459821 0.0337612 0.0803571
0 0.442522 0.441592 0.0597098 0.110119
3 0.445871 0.417783 0.0485491 0.111607
1 0.435826 0.451637 0.0491071 0.107143
0 0.479911 0.702381 0.141741 0.552083
0 0.450893 0.460566 0.0837054 0.219494
1 0.450893 0.460566 0.0837054 0.219494
3 0.506836 0.487723 0.030971 0.0677083
3 0.507812 0.459449 0.0725446 0.212054
0 0.433873 0.443452 0.0418527 0.0959822
3 0.488281 0.476191 0.184152 0.372768
3 0.440569 0.417783 0.046317 0.0796131
3 0.4887 0.485863 0.0493862 0.0907738
0 0.488281 0.476191 0.184152 0.372768
3 0.501116 0.490699 0.0714286 0.234375
