3 0.107701 0.46317 0.0923549 0.212054
2 0.102679 0.481771 0.123047 0.287202
3 0.450614 0.427827 0.0407366 0.10119
2 0.0996094 0.501395 0.127232 0.454055
2 0.106166 0.464658 0.0982143 0.224702
0 0.0901228 0.661644 0.15067 0.638021
3 0.0996094 0.501395 0.127232 0.454055
3 0.102818 0.479911 0.117467 0.290179
0 0.0995745 0.506882 0.13065 0.408854
1 0.0995745 0.506882 0.13065 0.408854
3 0.450335 0.456473 0.0379464 0.106399
3 0.457868 0.430432 0.0385045 0.0885417
1 0.0873675 0.64574 0.15618 0.708519
3 0.451451 0.410714 0.0385045 0.0647321
3 0.435547 0.43564 0.0373884 0.0930059
3 0.436384 0.462426 0.0362723 0.101935
3 0.127372 0.444941 0.0535714 0.139137
3 0.451172 0.456473 0.0502232 0.162946
1 0.106166 0.464658 0.0982143 0.224702
3 0.459263 0.431548 0.0597098 0.193452
3 0.121373 0.468006 0.0585938 0.145089
0 0.11356 0.670015 0.227121 0.65997
1 0.102818 0.479911 0.117467 0.290179
3 0.0983538 0.490699 0.0968192 0.212798
3 0.0969587 0.470982 0.062221 0.131696
0 0.104771 0.471354 0.109375 0.24256
3 0.457589 0.46503 0.0390625 0.110119
