0 0.673549 0.601562 0.287946 0.762649
0 0.618862 0.393601 0.408482 0.775298
0 0.69308 0.343471 0.251116 0.667225
1 0.69308 0.343471 0.251116 0.667225
1 0.670201 0.602679 0.300223 0.766369
1 0.618862 0.392299 0.435268 0.783854
0 0.711496 0.653088 0.219866 0.646205
2 0.670201 0.602679 0.300223 0.766369
0 0.565151 0.327288 0.367467 0.641555
0 0.568778 0.522507 0.398158 0.75558
0 0.577009 0.615048 0.328125 0.699963
3 0.670201 0.602679 0.300223 0.766369
1 0.711496 0.653088 0.219866 0.646205
2 0.618862 0.392299 0.435268 0.783854
3 0.618862 0.392299 0.435268 0.783854
1 0.657366 0.444941 0.3125 0.813988
