3 0.978795 0.579985 0.0379465 0.125
1 0.214286 0.557292 0.168527 0.549107
0 0.415039 0.332589 0.317243 0.611607
0 0.396415 0.328032 0.479492 0.650484
1 0.197824 0.57673 0.234933 0.62779
0 0.44308 0.353051 0.174107 0.565476
0 0.212751 0.558222 0.171596 0.535342
1 0.417829 0.331845 0.327288 0.614583
2 0.979353 0.579613 0.0390625 0.125744
0 0.197824 0.57673 0.234933 0.62779
1 0.44308 0.353051 0.174107 0.565476
1 0.979353 0.579613 0.0390625 0.125744
0 0.48577 0.334542 0.260603 0.609189
3 0.979074 0.585193 0.0418527 0.164435
0 0.979353 0.579613 0.0390625 0.125744
0 0.290876 0.318452 0.467355 0.636905
1 0.243862 0.520182 0.25558 0.578683
1 0.179688 0.589472 0.162946 0.565104
2 0.212333 0.557943 0.171875 0.543341
0 0.496512 0.329706 0.442243 0.65904
1 0.385951 0.325893 0.519392 0.651786
0 0.274065 0.388393 0.295619 0.587798
2 0.977679 0.575893 0.0435268 0.186756
2 0.197824 0.57673 0.234933 0.62779
2 0.417829 0.331845 0.327288 0.614583
0 0.146938 0.560826 0.178223 0.604539
0 0.409598 0.313337 0.208705 0.572731
0 0.243862 0.520182 0.25558 0.578683
1 0.977679 0.575893 0.0435268 0.186756
3 0.212751 0.558222 0.171596 0.535342
1 0.249721 0.504185 0.172433 0.516927
0 0.418527 0.414156 0.143973 0.470796
1 0.194685 0.668899 0.298131 0.559524
0 0.149484 0.620722 0.283622 0.666295
3 0.197824 0.57673 0.234933 0.62779
1 0.206682 0.561012 0.145787 0.296131
3 0.986328 0.591146 0.0273438 0.173363
3 0.973772 0.558408 0.0390625 0.154018
0 0.303013 0.334728 0.222656 0.576079
3 0.396275 0.331938 0.389369 0.636719
0 0.179688 0.589472 0.162946 0.565104
0 0.545201 0.333054 0.196429 0.566034
2 0.385951 0.325893 0.519392 0.651786
1 0.20173 0.69122 0.164062 0.513393
1 0.418527 0.414156 0.143973 0.470796
