3 0.978795 0.578125 0.0368303 0.127976
0 0.379464 0.516555 0.313616 0.746652
0 0.327706 0.341146 0.532087 0.682292
1 0.379464 0.516555 0.313616 0.746652
1 0.398996 0.546131 0.233259 0.645833
0 0.43471 0.384952 0.332589 0.701823
0 0.437361 0.444103 0.248047 0.718936
2 0.979353 0.577381 0.0379464 0.127232
0 0.346052 0.453869 0.437361 0.787202
0 0.268066 0.703125 0.433733 0.592262
1 0.979353 0.578125 0.0368304 0.122024
1 0.37221 0.654018 0.204241 0.568452
0 0.979353 0.577381 0.0379464 0.127232
0 0.398996 0.546131 0.233259 0.645833
0 0.429688 0.591518 0.361607 0.696429
3 0.978516 0.583705 0.0429688 0.185268
2 0.379395 0.51609 0.336077 0.750558
0 0.37221 0.654018 0.204241 0.568452
1 0.384766 0.668899 0.323103 0.580357
0 0.482003 0.415086 0.16769 0.616257
0 0.273438 0.605283 0.299107 0.567708
1 0.368722 0.38923 0.470145 0.740885
0 0.405273 0.346354 0.212891 0.622768
1 0.429688 0.591518 0.361607 0.696429
0 0.448103 0.388765 0.188616 0.634673
3 0.379395 0.51609 0.336077 0.750558
0 0.384766 0.668899 0.323103 0.580357
0 0.408482 0.439732 0.172433 0.61756
2 0.978516 0.583705 0.0429688 0.185268
0 0.439593 0.527065 0.196708 0.630394
3 0.973772 0.55878 0.0379464 0.157738
0 0.477679 0.471726 0.113839 0.601191
0 0.878348 0.345982 0.216518 0.627232
1 0.268066 0.703125 0.433733 0.592262
2 0.326311 0.341146 0.543806 0.682292
1 0.435686 0.653832 0.202288 0.555431
1 0.878348 0.345982 0.216518 0.627232
3 0.212821 0.566964 0.0330636 0.102679
3 0.229701 0.56436 0.0417132 0.11756
0 0.498326 0.417876 0.320313 0.644903
0 0.496094 0.340774 0.485491 0.681548
0 0.516741 0.705357 0.398438 0.53869
3 0.326311 0.341146 0.543806 0.682292
1 0.9774 0.574405 0.0452008 0.208333
0 0.272321 0.512277 0.265625 0.531994
