0 0.207031 0.490141 0.240513 0.766741
0 0.220424 0.595703 0.291853 0.75651
3 0.75279 0.437872 0.125 0.278274
2 0.753906 0.438244 0.137277 0.311756
1 0.20466 0.449963 0.229632 0.665551
1 0.751116 0.448661 0.136161 0.332589
0 0.249721 0.660342 0.227121 0.639137
3 0.278181 0.609003 0.0189732 0.0453869
0 0.757812 0.640718 0.179688 0.703683
0 0.751116 0.448661 0.136161 0.332589
0 0.285645 0.477214 0.322684 0.736049
3 0.747768 0.452009 0.148437 0.363095
0 0.203962 0.360119 0.217076 0.594494
2 0.751674 0.495629 0.15067 0.456659
3 0.276507 0.611607 0.0223214 0.0892857
1 0.222098 0.358259 0.236049 0.55878
1 0.762835 0.621466 0.128348 0.596354
1 0.219587 0.594215 0.325893 0.755022
0 0.255301 0.44122 0.163504 0.59375
0 0.75279 0.493769 0.143973 0.50651
0 0.762835 0.621466 0.128348 0.596354
1 0.75279 0.493769 0.143973 0.50651
0 0.733259 0.464844 0.219866 0.460193
3 0.278739 0.59747 0.0223214 0.0535714
3 0.77567 0.446429 0.09375 0.250744
0 0.611049 0.476935 0.440848 0.651786
1 0.733259 0.464844 0.219866 0.460193
3 0.272321 0.598214 0.0345982 0.108631
0 0.267299 0.637649 0.111049 0.505952
3 0.481585 0.243676 0.015625 0.0520834
2 0.208915 0.490885 0.251814 0.774182
2 0.733259 0.462891 0.216518 0.507254
3 0.208915 0.490885 0.251814 0.774182
0 0.616071 0.390625 0.347098 0.572173
2 0.219587 0.594215 0.325893 0.755022
0 0.157715 0.604818 0.307338 0.75465
0 0.78683 0.665737 0.146205 0.594122
3 0.219587 0.594215 0.325893 0.755022
1 0.769531 0.644996 0.185268 0.680246
3 0.779576 0.46689 0.063616 0.141369
3 0.271763 0.637463 0.0530134 0.178943
0 0.706473 0.631882 0.287946 0.706473
1 0.255301 0.44122 0.163504 0.59375
3 0.489955 0.273344 0.0223214 0.0738467
3 0.267299 0.637649 0.111049 0.505952
0 0.759487 0.677827 0.258929 0.644345
3 0.277623 0.633185 0.0262277 0.0758928
