2 0.937779 0.474051 0.124442 0.468564
1 0.938058 0.467262 0.120536 0.427083
0 0.933594 0.627232 0.131696 0.690476
0 0.416713 0.717262 0.175502 0.461309
1 0.933594 0.627232 0.131696 0.690476
0 0.936384 0.481306 0.125 0.457031
2 0.938616 0.467634 0.112723 0.300595
1 0.416713 0.717262 0.175502 0.461309
3 0.9375 0.474423 0.125 0.449963
2 0.929688 0.620536 0.133929 0.703869
0 0.958147 0.659226 0.0792411 0.625
1 0.935826 0.470238 0.110491 0.300595
0 0.893973 0.625186 0.212054 0.71689
2 0.416713 0.717262 0.175502 0.461309
3 0.416713 0.717262 0.175502 0.461309
0 0.441685 0.636905 0.111049 0.36756
