1 0.405692 0.6875 0.0870536 0.537202
0 0.407366 0.706659 0.104353 0.550967
1 0.979911 0.443731 0.0390625 0.584263
3 0.40067 0.528274 0.0513393 0.126488
3 0.400949 0.529018 0.0597098 0.193452
1 0.979353 0.650298 0.0368304 0.616071
2 0.979911 0.443731 0.0390625 0.584263
2 0.403181 0.677641 0.0898438 0.52567
0 0.976562 0.479353 0.046875 0.719866
3 0.403181 0.604167 0.0814732 0.361607
0 0.972377 0.603051 0.0552455 0.741815
1 0.404576 0.630952 0.0731027 0.388393
3 0.403739 0.571429 0.0647321 0.232143
1 0.976562 0.479353 0.046875 0.719866
3 0.403181 0.50372 0.0563616 0.0967262
1 0.412388 0.700335 0.128348 0.575521
2 0.403181 0.604167 0.0814732 0.361607
0 0.979911 0.443731 0.0390625 0.584263
3 0.405692 0.6875 0.0870536 0.537202
2 0.976562 0.479353 0.046875 0.719866
0 0.405971 0.594308 0.093192 0.412574
0 0.979353 0.566406 0.0368304 0.638021
1 0.972377 0.603051 0.0552455 0.741815
1 0.406808 0.595238 0.0982143 0.394345
1 0.400949 0.529018 0.0597098 0.193452
3 0.414342 0.528274 0.108259 0.324405
1 0.403739 0.571429 0.0647321 0.232143
0 0.977679 0.625 0.0446428 0.686012
0 0.40346 0.579985 0.0719866 0.317708
2 0.979353 0.650298 0.0368304 0.616071
0 0.400949 0.529018 0.0597098 0.193452
0 0.961217 0.541481 0.0775669 0.768229
1 0.399554 0.571615 0.0641741 0.321057
1 0.40067 0.528274 0.0513393 0.126488
0 0.414342 0.528274 0.108259 0.324405
3 0.399275 0.616257 0.0608259 0.276414
0 0.93192 0.608445 0.136161 0.753348
