3 0.566964 0.479911 0.0357143 0.0967262
3 0.0414342 0.515253 0.0452009 0.100446
3 0.0400391 0.513021 0.0486886 0.15997
3 0.0376674 0.554874 0.0601284 0.428943
3 0.0393415 0.540923 0.0516183 0.302083
0 0.0376674 0.554874 0.0601284 0.428943
1 0.56529 0.484747 0.0357143 0.0952381
1 0.0376674 0.554874 0.0601284 0.428943
0 0.566964 0.479539 0.0379464 0.100446
3 0.575893 0.465774 0.0345982 0.0736607
3 0.569196 0.481399 0.0747768 0.160714
1 0.0371791 0.642113 0.0671038 0.590774
1 0.039481 0.516369 0.0470145 0.197173
0 0.0371791 0.642113 0.0671038 0.590774
3 0.547991 0.481027 0.0401786 0.0848214
1 0.0393415 0.540923 0.0516183 0.302083
0 0.0400391 0.513021 0.0486886 0.15997
3 0.577009 0.465774 0.0435268 0.0907738
3 0.0371791 0.642113 0.0671038 0.590774
3 0.547991 0.478795 0.0591517 0.129464
1 0.0527344 0.648438 0.0993304 0.618304
3 0.0348772 0.557292 0.03976 0.21131
0 0.0527344 0.648438 0.0993304 0.618304
2 0.566964 0.479539 0.0379464 0.100446
3 0.0435268 0.533854 0.0452009 0.0967262
