1 0.541434 0.540365 0.211775 0.696057
3 0.978795 0.579985 0.0379465 0.122768
0 0.320312 0.331845 0.526786 0.662202
0 0.53139 0.529948 0.231864 0.672247
0 0.374791 0.346726 0.328544 0.595238
2 0.978795 0.579985 0.0390625 0.122024
1 0.48591 0.48949 0.197824 0.608817
1 0.521903 0.46596 0.173828 0.585938
1 0.979353 0.579613 0.0390625 0.122768
0 0.444615 0.398158 0.238002 0.562314
0 0.48591 0.48949 0.197824 0.608817
0 0.438337 0.387742 0.144531 0.545945
0 0.410575 0.337798 0.197824 0.573661
1 0.380441 0.346447 0.339565 0.60026
3 0.978516 0.587798 0.0429688 0.173363
0 0.979353 0.579613 0.0390625 0.122768
2 0.540179 0.541853 0.233259 0.687128
0 0.415179 0.430804 0.131696 0.462054
1 0.320871 0.330729 0.543527 0.661458
0 0.521903 0.46596 0.173828 0.585938
1 0.415179 0.430804 0.131696 0.462054
3 0.53139 0.529948 0.231864 0.672247
1 0.438337 0.387742 0.144531 0.545945
1 0.444615 0.398158 0.238002 0.562314
0 0.44894 0.399833 0.351004 0.608073
1 0.492606 0.484375 0.29827 0.65625
2 0.978516 0.587798 0.0429688 0.173363
1 0.542411 0.661272 0.258929 0.513765
1 0.40625 0.471726 0.0909598 0.350446
1 0.977121 0.575521 0.0435267 0.19122
3 0.973772 0.557292 0.0379464 0.156994
3 0.212891 0.529762 0.0351562 0.159226
1 0.434431 0.473028 0.115513 0.518229
1 0.515625 0.58231 0.320312 0.63151
0 0.477958 0.357143 0.15904 0.480655
2 0.320871 0.330729 0.543527 0.661458
2 0.380441 0.346447 0.339565 0.60026
3 0.986328 0.59189 0.0273438 0.179315
3 0.229353 0.559152 0.0440848 0.112351
3 0.320871 0.330729 0.543527 0.661458
3 0.223842 0.53125 0.0489676 0.161458
1 0.487584 0.402902 0.171038 0.544643
2 0.48591 0.48949 0.197824 0.608817
1 0.410575 0.337798 0.197824 0.573661
0 0.40625 0.471726 0.0909598 0.350446
1 0.415458 0.489583 0.165737 0.355655
3 0.21296 0.563244 0.0322266 0.104167
0 0.977121 0.575521 0.0435267 0.19122
