3 0.978795 0.578125 0.0379465 0.127976
1 0.171317 0.529297 0.121652 0.475632
0 0.398438 0.333705 0.347098 0.612351
0 0.321498 0.344494 0.43736 0.688988
2 0.168806 0.529111 0.114955 0.474516
0 0.170061 0.52846 0.115792 0.46689
0 0.442522 0.353795 0.170759 0.563244
1 0.401925 0.332589 0.361328 0.61756
2 0.979353 0.577381 0.0390625 0.127976
1 0.979353 0.577381 0.0390625 0.127976
1 0.442522 0.353795 0.170759 0.563244
0 0.483677 0.335286 0.260324 0.610677
0 0.979353 0.577381 0.0390625 0.127976
3 0.978795 0.585938 0.0424107 0.174107
1 0.321498 0.344494 0.43736 0.688988
0 0.240513 0.456194 0.212612 0.633743
0 0.18743 0.517578 0.16197 0.516927
3 0.169782 0.52567 0.118025 0.468006
0 0.493583 0.332031 0.445871 0.664062
1 0.171805 0.521949 0.10784 0.299851
2 0.401925 0.332589 0.361328 0.61756
2 0.978795 0.585938 0.0424107 0.174107
0 0.266671 0.445592 0.338309 0.677269
1 0.179548 0.532273 0.20173 0.49349
2 0.171805 0.521949 0.10784 0.299851
0 0.315918 0.401786 0.292271 0.610119
3 0.380162 0.332682 0.413783 0.635231
1 0.977121 0.575149 0.0446428 0.194196
0 0.384208 0.360863 0.214286 0.56994
2 0.325684 0.346726 0.466936 0.693452
3 0.973214 0.55878 0.0379464 0.15625
0 0.419364 0.411086 0.144531 0.474702
1 0.907366 0.349051 0.180804 0.624814
0 0.544643 0.334077 0.1875 0.56622
3 0.986328 0.590402 0.0273438 0.19122
