0 0.589983 0.510231 0.183873 0.750372
1 0.592076 0.488095 0.195312 0.712798
0 0.58817 0.649554 0.169643 0.632441
0 0.612723 0.455636 0.158482 0.627418
3 0.364676 0.526786 0.0407366 0.141369
1 0.367188 0.620629 0.0965402 0.639695
0 0.366908 0.622117 0.107701 0.636719
3 0.365234 0.52567 0.0546875 0.245536
0 0.618304 0.33817 0.199777 0.520833
3 0.363839 0.521205 0.0435268 0.09375
0 0.570312 0.559245 0.159598 0.603237
3 0.368025 0.500744 0.0396205 0.0654762
0 0.626116 0.359003 0.131696 0.49628
3 0.364955 0.586496 0.0959821 0.565104
3 0.368304 0.567708 0.047433 0.233631
3 0.367746 0.503348 0.0379464 0.154762
1 0.531808 0.47833 0.168527 0.623698
3 0.360491 0.49628 0.0357143 0.0647321
3 0.368304 0.571429 0.0613839 0.4375
2 0.592634 0.488002 0.191964 0.718936
1 0.575893 0.599981 0.223214 0.676525
1 0.570312 0.559245 0.159598 0.603237
1 0.367188 0.614955 0.0664062 0.517113
0 0.552455 0.428292 0.30692 0.722284
1 0.365234 0.52567 0.0546875 0.245536
3 0.361328 0.499628 0.0357143 0.126488
1 0.364676 0.526786 0.0407366 0.141369
2 0.367188 0.620629 0.0965402 0.639695
1 0.361886 0.670387 0.134487 0.613095
3 0.588728 0.487351 0.210938 0.717262
0 0.348214 0.692708 0.123884 0.572917
1 0.61942 0.412481 0.139509 0.582775
0 0.626116 0.470982 0.236607 0.715774
0 0.531808 0.47833 0.168527 0.623698
0 0.567104 0.662946 0.259766 0.616071
3 0.35519 0.635789 0.12779 0.651042
0 0.365234 0.52567 0.0546875 0.245536
1 0.506696 0.464751 0.246652 0.682106
0 0.569615 0.656064 0.14202 0.274182
1 0.368304 0.567708 0.047433 0.233631
0 0.496652 0.518694 0.332589 0.700707
0 0.61942 0.612816 0.197545 0.699963
0 0.39202 0.513765 0.144531 0.576637
0 0.566825 0.35798 0.195591 0.5266
1 0.618304 0.33817 0.199777 0.520833
0 0.367188 0.614955 0.0664062 0.517113
2 0.575893 0.599981 0.223214 0.676525
0 0.49163 0.417597 0.277902 0.658854
1 0.637835 0.354539 0.114955 0.480655
