1 0.685826 0.510324 0.195312 0.760603
0 0.689174 0.601376 0.212054 0.749628
0 0.685268 0.429688 0.209821 0.668899
2 0.688058 0.474702 0.197545 0.730655
1 0.688058 0.64881 0.214286 0.651786
0 0.544085 0.453869 0.41183 0.712798
1 0.682478 0.425967 0.247768 0.682292
0 0.645089 0.464937 0.272321 0.710007
2 0.69029 0.603051 0.233259 0.774554
1 0.694754 0.369885 0.188616 0.584635
3 0.688058 0.474702 0.197545 0.730655
3 0.69029 0.603051 0.233259 0.774554
0 0.613839 0.412481 0.375 0.686942
1 0.63058 0.462705 0.33817 0.745722
0 0.68471 0.345982 0.25558 0.587054
1 0.544085 0.453869 0.41183 0.712798
