3 0.979911 0.578497 0.0379464 0.12872
1 0.355678 0.581938 0.287528 0.757254
0 0.401786 0.374349 0.30692 0.688802
0 0.40353 0.33631 0.458566 0.663691
0 0.377093 0.464937 0.250279 0.710007
0 0.35505 0.586961 0.296596 0.760603
1 0.3524 0.543248 0.197545 0.645647
0 0.442662 0.35891 0.178292 0.579799
2 0.979911 0.577381 0.0368303 0.127232
0 0.341518 0.664993 0.421875 0.643229
1 0.377093 0.464937 0.250279 0.710007
0 0.481864 0.337798 0.269531 0.613095
0 0.3524 0.543248 0.197545 0.645647
0 0.285226 0.328125 0.407227 0.64881
1 0.340262 0.663132 0.395368 0.635045
1 0.979911 0.577381 0.0368303 0.127232
0 0.415597 0.427734 0.184431 0.616257
1 0.395368 0.377418 0.333147 0.697545
0 0.979911 0.577381 0.0368303 0.127232
0 0.491211 0.334542 0.410435 0.637463
1 0.442662 0.35891 0.178292 0.579799
1 0.395996 0.334356 0.473633 0.661644
2 0.377093 0.464937 0.250279 0.710007
1 0.319406 0.652158 0.226144 0.624256
0 0.514509 0.759673 0.477679 0.46875
2 0.35505 0.586961 0.296596 0.760603
3 0.979074 0.587054 0.0418527 0.1875
0 0.27853 0.688058 0.379325 0.56436
3 0.35505 0.586961 0.296596 0.760603
0 0.319406 0.652158 0.226144 0.624256
0 0.468052 0.40625 0.117466 0.485119
2 0.395368 0.377418 0.333147 0.697545
0 0.263393 0.385603 0.269531 0.648438
0 0.438616 0.638021 0.440848 0.594494
0 0.407366 0.565476 0.174107 0.559524
1 0.878348 0.349051 0.217634 0.626302
0 0.458984 0.489211 0.186942 0.456101
2 0.395996 0.334356 0.473633 0.661644
3 0.381417 0.461031 0.272879 0.716332
1 0.371652 0.34003 0.232143 0.616816
1 0.407366 0.565476 0.174107 0.559524
2 0.979074 0.587054 0.0418527 0.1875
0 0.349609 0.342913 0.212054 0.59096
0 0.262835 0.539993 0.162946 0.583705
0 0.267857 0.340867 0.191406 0.575707
0 0.878348 0.349051 0.217634 0.626302
3 0.395996 0.334356 0.473633 0.661644
3 0.973772 0.558408 0.0379464 0.158482
0 0.453962 0.459728 0.12779 0.464472
