3 0.978795 0.575893 0.0379465 0.130952
1 0.826451 0.541481 0.22433 0.72061
0 0.832589 0.532273 0.212054 0.68843
0 0.313407 0.328032 0.531669 0.647507
0 0.401507 0.333984 0.329799 0.601376
1 0.81808 0.663691 0.258929 0.613095
0 0.443917 0.332589 0.201451 0.605655
1 0.405552 0.333333 0.345145 0.606399
1 0.44308 0.35119 0.168527 0.566964
2 0.978795 0.575893 0.0379465 0.133929
1 0.979353 0.576265 0.0379464 0.130952
0 0.907366 0.398066 0.155134 0.668155
0 0.818638 0.664062 0.27567 0.612351
1 0.928013 0.351562 0.133928 0.619048
1 0.304269 0.330636 0.436105 0.655692
0 0.979353 0.576265 0.0379464 0.130952
3 0.976004 0.585752 0.0479911 0.251116
0 0.866629 0.457775 0.210938 0.632069
0 0.941964 0.350353 0.116071 0.616257
2 0.833147 0.530413 0.235491 0.677269
0 0.489258 0.3351 0.327288 0.630394
1 0.811384 0.46968 0.15625 0.581473
3 0.833147 0.530413 0.235491 0.677269
2 0.401507 0.333984 0.329799 0.601376
0 0.443917 0.40253 0.15346 0.494792
3 0.973772 0.553571 0.0357143 0.182292
0 0.976004 0.585752 0.0479911 0.251116
2 0.307966 0.330357 0.464425 0.65997
3 0.229283 0.566964 0.0425502 0.104911
1 0.976004 0.585752 0.0479911 0.251116
2 0.978237 0.566592 0.0435267 0.209821
3 0.37486 0.331566 0.399833 0.627046
1 0.419922 0.411179 0.137835 0.476749
3 0.212821 0.573289 0.0319475 0.0944941
3 0.213588 0.532738 0.0382254 0.156994
3 0.986328 0.589658 0.0273438 0.1875
0 0.811384 0.46968 0.15625 0.581473
3 0.230469 0.563988 0.0625 0.162202
1 0.875 0.358631 0.152902 0.574405
3 0.224819 0.531622 0.0509208 0.172619
0 0.875 0.358631 0.152902 0.574405
0 0.385324 0.364118 0.196429 0.548549
0 0.3351 0.364676 0.239397 0.569755
0 0.544224 0.335938 0.197266 0.575149
