1 0.933594 0.55785 0.132812 0.649182
0 0.388602 0.332589 0.367885 0.616816
0 0.332938 0.331566 0.533901 0.661272
0 0.933036 0.554316 0.131696 0.642857
1 0.933594 0.662946 0.117188 0.552083
1 0.39216 0.33138 0.383092 0.621466
0 0.442243 0.353051 0.174665 0.570685
0 0.484375 0.335193 0.261161 0.615327
1 0.442243 0.353051 0.174665 0.570685
1 0.955357 0.563244 0.0814732 0.61756
0 0.933594 0.662946 0.117188 0.552083
2 0.933594 0.565662 0.13058 0.690104
0 0.49163 0.331473 0.441964 0.662946
2 0.373186 0.331194 0.425502 0.633743
3 0.215472 0.530506 0.0355748 0.163691
3 0.373186 0.331194 0.425502 0.633743
3 0.933594 0.565662 0.13058 0.690104
3 0.223982 0.52753 0.0498047 0.169643
0 0.544085 0.33417 0.199777 0.572731
3 0.212193 0.568452 0.0298549 0.103423
3 0.226562 0.559896 0.0429688 0.113095
0 0.955357 0.563244 0.0814732 0.61756
0 0.382812 0.357887 0.224888 0.564732
0 0.417132 0.411458 0.155692 0.473958
