3 0.552455 0.477307 0.0357143 0.0944941
3 0.0528739 0.498884 0.0350167 0.0811012
1 0.0467355 0.680432 0.0672433 0.55878
3 0.0513742 0.511905 0.042341 0.133929
3 0.0447126 0.593006 0.0634766 0.436012
0 0.0440848 0.663319 0.0731027 0.56622
3 0.0587333 0.511161 0.031808 0.0751488
3 0.0489676 0.518973 0.0419922 0.188244
3 0.0582799 0.491071 0.0310407 0.0714286
3 0.0489676 0.488839 0.0329241 0.0744047
2 0.0440848 0.663319 0.0731027 0.56622
3 0.0583845 0.491071 0.03976 0.12872
3 0.0469448 0.557664 0.0484096 0.224702
3 0.0442243 0.510417 0.0602679 0.394345
1 0.0513742 0.511905 0.042341 0.133929
3 0.0464914 0.566406 0.0526646 0.321057
1 0.0464914 0.566406 0.0526646 0.321057
1 0.551897 0.481771 0.0401786 0.0997024
0 0.0530134 0.500744 0.0365513 0.111607
1 0.0449916 0.569941 0.0629185 0.43006
1 0.0489676 0.518973 0.0419922 0.188244
0 0.552455 0.476935 0.0379464 0.0952381
1 0.0445731 0.571057 0.03976 0.238839
1 0.0532924 0.695685 0.104911 0.587798
0 0.0545829 0.723028 0.0911691 0.547991
0 0.0442243 0.510417 0.0602679 0.394345
1 0.0528041 0.500372 0.0333426 0.0766369
0 0.046596 0.625744 0.0577567 0.424107
3 0.552455 0.493676 0.0602678 0.241815
0 0.0528041 0.500372 0.0333426 0.0766369
3 0.55692 0.477679 0.0959821 0.25
3 0.04262 0.667411 0.0821708 0.558036
0 0.0489676 0.518973 0.0419922 0.188244
1 0.0424107 0.611607 0.0464565 0.278274
3 0.543527 0.492932 0.0357143 0.115327
2 0.046596 0.625744 0.0577567 0.424107
3 0.573661 0.457589 0.0368304 0.0907738
2 0.551897 0.481771 0.0401786 0.0997024
2 0.0513742 0.511905 0.042341 0.133929
2 0.0528041 0.500372 0.0333426 0.0766369
3 0.0498047 0.467634 0.0288784 0.0602679
1 0.0491071 0.670759 0.0594308 0.296875
3 0.544085 0.493676 0.0546875 0.14881
3 0.566406 0.489955 0.0401786 0.0974703
0 0.0485491 0.518601 0.0357143 0.116071
0 0.552455 0.493676 0.0602678 0.241815
0 0.0580008 0.511533 0.0391323 0.141369
2 0.0469448 0.557664 0.0484096 0.224702
