3 0.366908 0.450893 0.0809152 0.191964
2 0.363839 0.452009 0.0898438 0.197917
0 0.620536 0.744234 0.174107 0.328497
3 0.385045 0.465774 0.0864955 0.154018
1 0.61942 0.741815 0.162946 0.337798
3 0.386719 0.466518 0.110491 0.202381
1 0.598214 0.704055 0.131696 0.261533
0 0.642857 0.798363 0.176339 0.391369
2 0.373326 0.443824 0.128906 0.257441
1 0.370257 0.456473 0.0887277 0.191964
0 0.364118 0.452381 0.0987723 0.198661
3 0.355469 0.440476 0.0613839 0.15253
0 0.646763 0.765067 0.260045 0.383557
3 0.377232 0.466518 0.136161 0.296131
1 0.594308 0.68843 0.0993303 0.158854
1 0.642857 0.798363 0.176339 0.391369
1 0.614397 0.689918 0.117188 0.172247
0 0.617188 0.713542 0.128348 0.236607
3 0.388672 0.471354 0.0513393 0.13244
0 0.62779 0.75093 0.122768 0.289807
3 0.372768 0.483259 0.0758929 0.182292
1 0.616211 0.75372 0.245257 0.348214
0 0.539062 0.365234 0.354911 0.531436
2 0.36942 0.445685 0.0675223 0.15253
2 0.386719 0.466518 0.110491 0.202381
1 0.62779 0.75093 0.122768 0.289807
2 0.385045 0.465774 0.0864955 0.154018
3 0.367746 0.421503 0.0641741 0.189732
0 0.376953 0.442708 0.137835 0.268601
