1 0.904018 0.544271 0.15625 0.40997
0 0.395647 0.333798 0.345982 0.606213
2 0.978237 0.571429 0.0379464 0.141369
0 0.327916 0.333891 0.539481 0.667783
0 0.905134 0.543155 0.149554 0.377976
1 0.974888 0.568452 0.045759 0.157738
1 0.399554 0.332496 0.363839 0.608817
1 0.948103 0.544271 0.0870536 0.285714
2 0.909598 0.543899 0.137277 0.361607
0 0.443638 0.352679 0.167411 0.560268
1 0.443638 0.352679 0.167411 0.560268
3 0.978795 0.572917 0.0390625 0.140625
2 0.961496 0.577939 0.0703125 0.265253
2 0.948103 0.544271 0.0870536 0.285714
0 0.886719 0.546503 0.172991 0.468006
0 0.483956 0.332589 0.266462 0.613839
1 0.877232 0.544364 0.216518 0.482701
0 0.978237 0.571429 0.0379464 0.141369
0 0.896763 0.406064 0.183036 0.625372
0 0.948103 0.544271 0.0870536 0.285714
1 0.961496 0.577939 0.0703125 0.265253
1 0.315778 0.33724 0.476702 0.674479
1 0.983817 0.575893 0.03125 0.151786
2 0.976562 0.546875 0.046875 0.261905
2 0.952567 0.50279 0.0915178 0.446801
0 0.496233 0.330729 0.447266 0.661458
1 0.976562 0.546875 0.046875 0.261905
3 0.909598 0.543899 0.137277 0.361607
2 0.901228 0.530692 0.16183 0.521949
2 0.395647 0.333798 0.345982 0.606213
0 0.952567 0.50279 0.0915178 0.446801
1 0.907366 0.354632 0.16183 0.616629
3 0.374442 0.331752 0.416295 0.631138
1 0.952567 0.50279 0.0915178 0.446801
2 0.327079 0.332589 0.552316 0.665179
0 0.961496 0.577939 0.0703125 0.265253
0 0.976562 0.546875 0.046875 0.261905
0 0.419643 0.413318 0.134487 0.462054
2 0.96317 0.584449 0.0591518 0.189732
3 0.229632 0.56622 0.0396205 0.104167
1 0.959822 0.583333 0.0613839 0.193452
0 0.869978 0.495536 0.21875 0.611607
3 0.212751 0.570312 0.0292969 0.0959822
1 0.419643 0.413318 0.134487 0.462054
0 0.333705 0.361979 0.24721 0.587798
3 0.948103 0.544271 0.0870536 0.285714
0 0.382812 0.363095 0.206473 0.557292
0 0.41183 0.314825 0.204241 0.569754
3 0.976562 0.546875 0.046875 0.261905
0 0.544782 0.333333 0.200614 0.570685
3 0.90067 0.530041 0.162947 0.489025
3 0.231655 0.563988 0.0684989 0.204613
