0 0.792969 0.601749 0.276786 0.784598
1 0.773438 0.365606 0.243304 0.661644
3 0.978795 0.578869 0.0390625 0.127976
0 0.78125 0.445127 0.252232 0.815104
0 0.392857 0.334449 0.359375 0.612351
0 0.328334 0.333891 0.543108 0.667783
1 0.793527 0.604167 0.285714 0.779762
1 0.396066 0.333333 0.377511 0.618304
0 0.443499 0.353888 0.168806 0.566034
3 0.978237 0.572917 0.0435267 0.202381
1 0.443499 0.353888 0.168806 0.566034
1 0.979353 0.580357 0.0390625 0.12128
2 0.978795 0.578869 0.0390625 0.129464
1 0.317383 0.337054 0.483538 0.674107
2 0.77567 0.406436 0.258929 0.761533
0 0.979353 0.580357 0.0390625 0.12128
2 0.793527 0.604167 0.285714 0.779762
3 0.77567 0.406436 0.258929 0.761533
1 0.978237 0.572917 0.0435267 0.202381
3 0.793527 0.604167 0.285714 0.779762
0 0.487444 0.334077 0.268415 0.60119
2 0.392857 0.334449 0.359375 0.612351
3 0.22998 0.575521 0.0378069 0.0915179
0 0.710798 0.605655 0.424386 0.769345
3 0.213658 0.578125 0.0313895 0.0907738
3 0.373465 0.332682 0.427176 0.635231
2 0.328474 0.332589 0.556222 0.665179
3 0.231585 0.572917 0.0602679 0.165179
0 0.417969 0.413411 0.140625 0.469308
3 0.986328 0.59189 0.0273438 0.184524
3 0.223772 0.581473 0.0329241 0.0855654
0 0.847098 0.609189 0.191964 0.668527
0 0.748884 0.647693 0.246652 0.655506
0 0.409598 0.315197 0.198661 0.563058
3 0.213379 0.575149 0.0498047 0.137649
0 0.490095 0.331101 0.455078 0.662202
0 0.3351 0.360491 0.251674 0.589286
2 0.978237 0.572917 0.0435267 0.202381
