3 0.978795 0.577009 0.0379465 0.12872
1 0.209124 0.578218 0.228516 0.650112
0 0.402344 0.334449 0.33817 0.607143
0 0.329869 0.34561 0.381557 0.674107
0 0.203997 0.589751 0.271136 0.723772
0 0.218401 0.554408 0.206055 0.606957
0 0.444057 0.353051 0.166574 0.559524
1 0.405692 0.333705 0.353795 0.613095
2 0.979353 0.575893 0.0379464 0.127976
1 0.444057 0.353051 0.166574 0.559524
1 0.979353 0.575893 0.0379464 0.127976
0 0.484515 0.334077 0.26423 0.611607
1 0.209821 0.668899 0.304688 0.598214
0 0.979353 0.575893 0.0379464 0.127976
0 0.30971 0.338077 0.242746 0.608073
3 0.978795 0.583705 0.0424107 0.186012
2 0.203997 0.589751 0.271136 0.723772
0 0.498605 0.330729 0.448103 0.655506
0 0.258161 0.669643 0.339704 0.613095
1 0.378837 0.328125 0.526925 0.655506
0 0.222935 0.68564 0.229911 0.582589
3 0.203997 0.589751 0.271136 0.723772
0 0.246722 0.522786 0.297852 0.597284
2 0.405692 0.333705 0.353795 0.613095
3 0.97433 0.558036 0.0379464 0.150298
2 0.218401 0.554408 0.206055 0.606957
0 0.418806 0.413225 0.142299 0.463728
1 0.174247 0.659226 0.179967 0.589286
2 0.977679 0.572917 0.0446428 0.195685
3 0.378906 0.333612 0.414062 0.634859
0 0.408343 0.313616 0.2101 0.571429
0 0.545201 0.333426 0.204241 0.572731
0 0.305525 0.539807 0.269531 0.512649
1 0.977679 0.572917 0.0446428 0.195685
0 0.583147 0.353423 0.378348 0.657738
2 0.336077 0.349888 0.417132 0.684152
1 0.418806 0.413225 0.142299 0.463728
0 0.275112 0.378348 0.182478 0.511161
1 0.22154 0.514137 0.180804 0.537202
3 0.986607 0.589286 0.0267857 0.189732
1 0.246722 0.522786 0.297852 0.597284
