0 0.842076 0.396763 0.308036 0.777902
0 0.828125 0.600818 0.339286 0.780506
0 0.309222 0.335938 0.458566 0.671875
0 0.381348 0.333798 0.347796 0.622582
0 0.86942 0.649926 0.25 0.671875
0 0.758929 0.66276 0.433036 0.668527
0 0.442104 0.350539 0.171596 0.584635
0 0.787946 0.456659 0.422991 0.818824
1 0.384626 0.332496 0.364676 0.625186
1 0.442104 0.350539 0.171596 0.584635
1 0.309082 0.337054 0.476702 0.674107
1 0.847656 0.345331 0.291295 0.69029
1 0.773158 0.599516 0.453683 0.765253
3 0.234933 0.569941 0.0424107 0.104911
1 0.852121 0.603981 0.283482 0.774182
2 0.847656 0.345331 0.291295 0.69029
2 0.309082 0.337054 0.476702 0.674107
3 0.236607 0.567336 0.0641741 0.181548
2 0.381348 0.333798 0.347796 0.622582
2 0.773158 0.599516 0.453683 0.765253
3 0.847656 0.345331 0.291295 0.69029
3 0.309082 0.337054 0.476702 0.674107
3 0.773158 0.599516 0.453683 0.765253
3 0.227121 0.578869 0.0357143 0.0922619
2 0.852121 0.603981 0.283482 0.774182
3 0.215751 0.574033 0.0339007 0.0952381
0 0.910156 0.611049 0.169643 0.736235
0 0.493164 0.341518 0.26144 0.613095
0 0.419085 0.411179 0.151786 0.484189
3 0.852121 0.603981 0.283482 0.774182
3 0.230469 0.537574 0.0491071 0.15253
3 0.235212 0.592262 0.0429688 0.0922619
3 0.214774 0.536458 0.0403181 0.15253
1 0.821429 0.447731 0.357143 0.836682
3 0.381348 0.333798 0.347796 0.622582
0 0.850446 0.280506 0.273437 0.561012
