1 0.0430385 0.547061 0.0832868 0.530878
3 0.978795 0.577753 0.0379465 0.127232
0 0.397879 0.333705 0.341518 0.607143
0 0.320243 0.334077 0.550363 0.666667
1 0.401925 0.333054 0.359096 0.610677
0 0.444336 0.352679 0.168248 0.563244
2 0.0423061 0.535156 0.0822405 0.557664
0 0.0446777 0.546038 0.0841936 0.516555
2 0.978795 0.577381 0.0379465 0.126488
1 0.444336 0.352679 0.168248 0.563244
1 0.978795 0.576637 0.0390625 0.127976
0 0.48577 0.334077 0.271763 0.613095
0 0.978795 0.576637 0.0390625 0.127976
3 0.977958 0.582961 0.0440848 0.182292
1 0.309431 0.33631 0.487165 0.672619
0 0.499721 0.331473 0.451451 0.65997
0 0.0549665 0.503441 0.109933 0.618118
1 0.0442243 0.663691 0.0764509 0.416667
2 0.397879 0.333705 0.341518 0.607143
1 0.0442243 0.535342 0.0742188 0.304315
2 0.977958 0.582961 0.0440848 0.182292
1 0.907366 0.348865 0.178572 0.623698
3 0.0437709 0.54362 0.081543 0.494606
3 0.97433 0.558408 0.0379464 0.154762
3 0.376535 0.332217 0.409877 0.631696
2 0.319754 0.332589 0.5625 0.665179
0 0.196987 0.517578 0.157924 0.423177
0 0.419922 0.414062 0.136161 0.462798
0 0.907366 0.348865 0.178572 0.623698
1 0.977121 0.573289 0.0446428 0.195684
1 0.419922 0.414062 0.136161 0.462798
0 0.56808 0.353423 0.282366 0.620536
0 0.333426 0.364583 0.240513 0.584821
0 0.411551 0.31436 0.211496 0.572173
0 0.382254 0.363095 0.207589 0.559524
1 0.0549665 0.503441 0.109933 0.618118
3 0.231585 0.562128 0.0418527 0.110863
