0 0.535296 0.658668 0.241908 0.530878
1 0.546456 0.670387 0.214007 0.534226
3 0.366071 0.492188 0.0329241 0.061756
3 0.360491 0.524926 0.030692 0.110119
0 0.497768 0.691964 0.223214 0.537202
3 0.358259 0.488839 0.0295759 0.0632441
3 0.366071 0.495908 0.0329241 0.106399
2 0.532366 0.659226 0.256696 0.532738
3 0.366629 0.532738 0.0357143 0.122768
1 0.516183 0.672619 0.321429 0.59375
3 0.532366 0.659226 0.256696 0.532738
3 0.368862 0.521949 0.0396205 0.0773809
3 0.357701 0.491816 0.0295759 0.105655
3 0.360212 0.523066 0.047433 0.213542
3 0.366629 0.49628 0.0541295 0.235119
0 0.553013 0.665365 0.171875 0.270461
3 0.359096 0.571429 0.0351563 0.18378
3 0.369141 0.568824 0.0379464 0.175595
