0 0.536691 0.676339 0.227958 0.590774
1 0.535854 0.675781 0.234096 0.597842
3 0.362723 0.522693 0.0351562 0.133929
3 0.371373 0.493304 0.0323661 0.0662202
2 0.536691 0.676339 0.227958 0.590774
3 0.371373 0.49628 0.0329241 0.135417
3 0.370257 0.52567 0.0385045 0.150298
3 0.361886 0.517485 0.0373884 0.0855655
3 0.537946 0.679316 0.25 0.599702
3 0.358817 0.489955 0.0290179 0.0699405
0 0.388114 0.642485 0.163504 0.643601
3 0.373047 0.517113 0.0412946 0.0811012
3 0.359375 0.49256 0.03125 0.12872
1 0.363839 0.658482 0.0904018 0.556548
3 0.363281 0.519345 0.0530134 0.279018
3 0.371094 0.522693 0.0580357 0.329613
0 0.502232 0.630022 0.191964 0.537574
1 0.388114 0.642485 0.151228 0.630208
3 0.36942 0.559896 0.0429688 0.208333
0 0.356864 0.639416 0.156808 0.676525
1 0.502232 0.630022 0.191964 0.537574
1 0.356864 0.639416 0.156808 0.676525
