1 0.713728 0.558408 0.151786 0.417411
3 0.978795 0.577009 0.0379465 0.130208
0 0.396763 0.333426 0.34375 0.603981
0 0.324358 0.333984 0.547712 0.665365
1 0.401228 0.332589 0.362723 0.607143
0 0.443638 0.352307 0.166295 0.563244
2 0.978795 0.576265 0.0390625 0.130208
1 0.701451 0.571429 0.219866 0.446429
1 0.443638 0.352307 0.166295 0.563244
1 0.978795 0.576265 0.0390625 0.130208
0 0.714286 0.557664 0.158482 0.406994
0 0.978795 0.576265 0.0390625 0.130208
3 0.978516 0.582589 0.0429688 0.178571
2 0.712612 0.55878 0.152902 0.415179
1 0.31264 0.336682 0.486328 0.673363
0 0.483817 0.33631 0.262277 0.613839
2 0.977121 0.573661 0.0435267 0.193452
2 0.396763 0.333426 0.34375 0.603981
1 0.736049 0.533575 0.238839 0.458147
0 0.493304 0.330357 0.455357 0.660714
3 0.712612 0.55878 0.152902 0.415179
1 0.977121 0.573661 0.0435267 0.193452
3 0.37514 0.331752 0.417132 0.62965
3 0.973772 0.558408 0.0379464 0.15625
2 0.324079 0.331845 0.561663 0.663691
3 0.214216 0.529762 0.0358538 0.151786
3 0.230469 0.5625 0.0396205 0.102679
0 0.419643 0.412481 0.136719 0.463728
1 0.419643 0.412481 0.136719 0.463728
3 0.211496 0.568824 0.0295759 0.0944941
0 0.410993 0.314453 0.200335 0.563058
3 0.225446 0.530506 0.0435268 0.15253
