1 0.856585 0.541481 0.108259 0.323289
3 0.978795 0.575521 0.0390625 0.133929
0 0.398158 0.3351 0.337612 0.603609
0 0.325265 0.333333 0.533622 0.666667
0 0.444196 0.352679 0.167411 0.564732
1 0.402623 0.334449 0.355469 0.607887
2 0.856027 0.542039 0.111607 0.325149
1 0.444196 0.352679 0.167411 0.564732
2 0.978237 0.575149 0.0390625 0.13244
1 0.978795 0.574405 0.0390625 0.129464
0 0.484375 0.333333 0.261161 0.611607
0 0.978795 0.574405 0.0390625 0.129464
0 0.861607 0.536086 0.118304 0.348958
1 0.317104 0.33631 0.472935 0.672619
0 0.497489 0.331008 0.439174 0.6609
3 0.857143 0.541295 0.109375 0.325149
3 0.977958 0.566964 0.0440848 0.220238
2 0.398158 0.3351 0.337612 0.603609
2 0.975447 0.577381 0.0457589 0.174107
3 0.375279 0.333333 0.407924 0.631696
2 0.324847 0.332217 0.545619 0.664435
1 0.977958 0.566964 0.0440848 0.220238
0 0.410993 0.31436 0.203683 0.569941
0 0.42048 0.411086 0.137835 0.47247
1 0.884487 0.526972 0.199777 0.377604
3 0.212333 0.530506 0.0357143 0.154762
0 0.333078 0.364211 0.246791 0.588542
1 0.42048 0.411086 0.137835 0.47247
3 0.231306 0.562872 0.0407366 0.106399
0 0.545201 0.334077 0.198661 0.572173
0 0.871652 0.402065 0.164063 0.553013
0 0.911272 0.382812 0.148438 0.577381
1 0.837054 0.529948 0.210938 0.34933
3 0.211635 0.565848 0.0304129 0.100446
1 0.464983 0.403739 0.129185 0.482701
3 0.224609 0.53125 0.0446429 0.151786
1 0.484375 0.333333 0.261161 0.611607
