1 0.579102 0.556176 0.222377 0.729911
3 0.978795 0.577753 0.0379465 0.129464
0 0.559152 0.532087 0.231027 0.679874
0 0.380232 0.346447 0.338867 0.609189
0 0.327846 0.333705 0.541853 0.667411
1 0.384347 0.344866 0.363002 0.619048
2 0.979353 0.577381 0.0379464 0.127976
1 0.979353 0.577381 0.0379464 0.127976
1 0.60505 0.635045 0.225167 0.610863
0 0.979353 0.577381 0.0379464 0.127976
2 0.580357 0.557664 0.235491 0.726934
3 0.979074 0.584449 0.0418527 0.185268
0 0.417132 0.373233 0.15346 0.546689
0 0.434152 0.468099 0.179688 0.55785
1 0.453962 0.515439 0.147879 0.489955
0 0.416853 0.429688 0.117188 0.450893
0 0.473075 0.354167 0.188895 0.550595
1 0.5625 0.470238 0.178571 0.58631
3 0.580357 0.557664 0.235491 0.726934
1 0.416853 0.429688 0.117188 0.450893
1 0.412109 0.475074 0.0864955 0.330357
0 0.590262 0.62872 0.24135 0.620536
1 0.35784 0.331473 0.529855 0.662946
1 0.417132 0.373233 0.15346 0.546689
3 0.97433 0.556548 0.0379464 0.161458
2 0.384347 0.344866 0.363002 0.619048
2 0.977679 0.574405 0.0446428 0.200893
0 0.412109 0.475074 0.0864955 0.330357
1 0.436663 0.464286 0.193638 0.543155
1 0.977679 0.574405 0.0446428 0.200893
1 0.419085 0.492932 0.135603 0.331845
0 0.498047 0.505208 0.291853 0.571429
3 0.986328 0.591518 0.0273438 0.188244
3 0.212612 0.572173 0.0295759 0.0915179
1 0.540039 0.554688 0.187779 0.637649
1 0.471261 0.395926 0.179129 0.575707
3 0.23019 0.565476 0.0401786 0.101935
1 0.498047 0.505208 0.291853 0.571429
3 0.361258 0.343843 0.447126 0.641183
1 0.409877 0.511905 0.0658482 0.232887
2 0.328334 0.332589 0.556501 0.665179
0 0.419085 0.492932 0.135603 0.331845
