0 0.385045 0.58324 0.108817 0.599888
0 0.386719 0.628906 0.148438 0.715402
2 0.385045 0.58324 0.108817 0.599888
1 0.382533 0.545294 0.107701 0.529948
2 0.388672 0.49442 0.0982143 0.457589
1 0.38058 0.624163 0.169085 0.71596
3 0.383092 0.500558 0.103795 0.448289
0 0.361607 0.628813 0.234375 0.723028
0 0.415458 0.637277 0.230469 0.720982
2 0.391183 0.479539 0.0842634 0.282738
0 0.388672 0.49442 0.0982143 0.457589
2 0.386719 0.628906 0.148438 0.715402
3 0.391183 0.453869 0.0814732 0.263393
2 0.38365 0.437407 0.136161 0.40346
