0 0.56543 0.604725 0.278739 0.728051
0 0.551339 0.42048 0.351562 0.730469
3 0.350725 0.495536 0.0262277 0.0654762
3 0.355469 0.516741 0.0340402 0.0803572
1 0.561523 0.604074 0.2899 0.721912
3 0.358538 0.49256 0.0301339 0.0595238
0 0.542411 0.332496 0.434152 0.648996
0 0.499721 0.609282 0.275112 0.699591
0 0.605469 0.65811 0.185268 0.616816
3 0.360491 0.52753 0.03125 0.119792
3 0.360491 0.49442 0.0295759 0.109375
0 0.559152 0.357515 0.222098 0.56994
0 0.509487 0.553757 0.370536 0.77939
0 0.565988 0.454241 0.253069 0.634673
2 0.561523 0.604074 0.2899 0.721912
1 0.605469 0.65811 0.185268 0.616816
3 0.357701 0.519717 0.0401786 0.162946
3 0.35798 0.555804 0.031808 0.157738
3 0.561523 0.604074 0.2899 0.721912
3 0.353795 0.496652 0.0368304 0.156994
3 0.360491 0.524182 0.047433 0.28869
0 0.616629 0.361607 0.198661 0.575149
1 0.550084 0.419829 0.370815 0.734747
3 0.369141 0.56436 0.0357143 0.178571
1 0.580776 0.453869 0.245815 0.630952
1 0.357422 0.520833 0.0273438 0.0922619
