0 0.915737 0.661644 0.167411 0.632069
1 0.939174 0.659784 0.120536 0.620908
0 0.633371 0.744792 0.132812 0.424107
1 0.633929 0.730655 0.107143 0.333333
1 0.633371 0.744792 0.132812 0.424107
2 0.633929 0.730655 0.107143 0.333333
0 0.944197 0.634022 0.110491 0.667969
0 0.633929 0.730655 0.107143 0.333333
1 0.968192 0.661458 0.0625 0.604167
0 0.968192 0.661458 0.0625 0.604167
2 0.944197 0.634022 0.110491 0.667969
1 0.910714 0.669643 0.178571 0.650298
2 0.643415 0.716704 0.0758929 0.258557
0 0.840402 0.637742 0.319196 0.7141
2 0.916853 0.637649 0.149554 0.605655
