3 0.24142 0.462426 0.0774275 0.21875
2 0.242188 0.467634 0.0859375 0.236607
2 0.24435 0.480655 0.0894252 0.359375
3 0.24435 0.480655 0.0894252 0.359375
1 0.244978 0.483631 0.093192 0.328869
0 0.244978 0.483631 0.093192 0.328869
3 0.228516 0.46317 0.063058 0.168899
0 0.226842 0.655134 0.157924 0.670387
1 0.242746 0.462798 0.0803571 0.216518
3 0.240165 0.482515 0.0592913 0.194196
0 0.184222 0.672247 0.278878 0.655506
3 0.224888 0.466146 0.047433 0.129464
0 0.242746 0.462798 0.0803571 0.216518
3 0.408203 0.442708 0.0390625 0.125
1 0.226842 0.655134 0.157924 0.670387
3 0.237514 0.487723 0.0489676 0.122768
3 0.248605 0.472842 0.0591518 0.154018
3 0.412388 0.465774 0.0424107 0.135417
2 0.235491 0.47247 0.0602679 0.144345
