3 0.520647 0.442336 0.0892858 0.217262
2 0.521205 0.444941 0.0993303 0.235119
1 0.521763 0.445685 0.0982143 0.235119
0 0.521763 0.445685 0.0982143 0.235119
3 0.535714 0.440104 0.0558036 0.145089
3 0.526228 0.454613 0.0658482 0.150298
0 0.517299 0.664435 0.155134 0.620536
3 0.544085 0.462054 0.046875 0.132441
2 0.530692 0.454613 0.0714285 0.209077
3 0.524554 0.483259 0.0770089 0.278274
2 0.523996 0.492188 0.111607 0.374256
0 0.50293 0.65067 0.209542 0.698661
3 0.522879 0.489118 0.106027 0.396763
1 0.530692 0.454613 0.0714285 0.209077
