3 0.978795 0.579613 0.0379465 0.126488
1 0.363839 0.513207 0.242188 0.61942
0 0.358259 0.529948 0.267857 0.663319
0 0.38909 0.334077 0.485212 0.64881
0 0.387277 0.383371 0.333705 0.638021
0 0.44615 0.370629 0.186942 0.548921
1 0.399554 0.533017 0.180804 0.553013
0 0.399554 0.533017 0.180804 0.553013
0 0.397879 0.383185 0.194196 0.559524
0 0.284808 0.336682 0.475028 0.673363
2 0.978795 0.579613 0.0390625 0.126488
0 0.376674 0.455543 0.172433 0.535342
1 0.44615 0.370629 0.186942 0.548921
1 0.326172 0.559617 0.229353 0.615885
1 0.978795 0.578869 0.0390625 0.127976
3 0.978516 0.585938 0.0429688 0.162946
0 0.279506 0.519531 0.206613 0.609747
0 0.978795 0.578869 0.0390625 0.127976
2 0.364955 0.5133 0.24442 0.634115
1 0.43764 0.348958 0.285435 0.607143
0 0.34375 0.345238 0.210379 0.591518
0 0.272949 0.68843 0.272182 0.548735
1 0.387277 0.385045 0.334821 0.637649
1 0.397879 0.383185 0.194196 0.559524
1 0.390416 0.331008 0.516044 0.654948
0 0.492188 0.344122 0.345982 0.625744
1 0.322475 0.670201 0.327148 0.558408
1 0.366071 0.652716 0.210379 0.53683
3 0.365234 0.517485 0.267299 0.618304
2 0.976562 0.575521 0.0435267 0.186012
1 0.976562 0.575521 0.0435267 0.186012
0 0.296387 0.605562 0.334682 0.638579
1 0.471959 0.40997 0.106306 0.46875
1 0.376674 0.455543 0.172433 0.535342
1 0.435686 0.490048 0.182199 0.470796
2 0.399554 0.533017 0.180804 0.553013
0 0.471959 0.40997 0.106306 0.46875
0 0.222098 0.52474 0.126674 0.429688
2 0.387277 0.383371 0.333705 0.638021
0 0.226772 0.561756 0.0816127 0.397321
2 0.390416 0.331008 0.516044 0.654948
3 0.973214 0.559152 0.0390625 0.155506
1 0.90904 0.347842 0.172991 0.630952
0 0.287388 0.451916 0.359933 0.713728
3 0.226772 0.561756 0.0816127 0.397321
1 0.402344 0.596354 0.142857 0.52753
2 0.44615 0.370629 0.186942 0.548921
0 0.310268 0.651414 0.206473 0.549851
3 0.226074 0.566592 0.0534319 0.18006
1 0.418527 0.497768 0.308036 0.525298
0 0.447684 0.46782 0.154855 0.448289
3 0.986328 0.590774 0.0273438 0.179315
0 0.394531 0.445312 0.146205 0.292411
1 0.310268 0.651414 0.206473 0.549851
3 0.390416 0.331008 0.516044 0.654948
0 0.270159 0.341518 0.229771 0.604911
3 0.211775 0.566964 0.0385045 0.123512
0 0.375558 0.398066 0.116629 0.251488
0 0.976562 0.575521 0.0435267 0.186012
3 0.210868 0.563988 0.0587332 0.224702
