3 0.978795 0.578125 0.0379465 0.126488
1 0.139648 0.538319 0.124163 0.438244
0 0.391741 0.333054 0.353795 0.606213
0 0.330357 0.333705 0.535714 0.663691
2 0.138811 0.529948 0.119978 0.416295
0 0.13644 0.534226 0.120536 0.4375
1 0.395299 0.331845 0.371233 0.610119
0 0.443778 0.353795 0.166016 0.560268
2 0.978795 0.577381 0.0390625 0.127232
1 0.149484 0.570312 0.170898 0.487351
1 0.978795 0.577381 0.0390625 0.127232
1 0.443778 0.353795 0.166016 0.560268
1 0.112863 0.534784 0.114955 0.451265
0 0.483119 0.335938 0.250279 0.607143
3 0.978516 0.584449 0.0429688 0.168899
0 0.978795 0.577381 0.0390625 0.127232
1 0.136161 0.529762 0.111328 0.30506
1 0.315499 0.337054 0.48284 0.674107
3 0.138811 0.529948 0.119978 0.416295
2 0.202776 0.527158 0.0587332 0.25
2 0.978516 0.584449 0.0429688 0.168899
2 0.200753 0.52567 0.077288 0.353423
0 0.49442 0.330822 0.435268 0.661272
2 0.391741 0.333054 0.353795 0.606213
1 0.199777 0.547247 0.0825893 0.357887
3 0.973772 0.558036 0.0390625 0.153274
1 0.976562 0.573661 0.0435267 0.190476
0 0.170759 0.537295 0.22154 0.456659
2 0.329311 0.331845 0.547852 0.663691
1 0.17906 0.577195 0.25014 0.524182
0 0.112863 0.534784 0.114955 0.451265
0 0.200753 0.52567 0.077288 0.353423
3 0.369978 0.331194 0.425223 0.630766
1 0.911272 0.346354 0.169643 0.627232
0 0.419922 0.414435 0.137835 0.465774
1 0.202776 0.527158 0.0587332 0.25
1 0.109515 0.531622 0.0984933 0.285714
0 0.911272 0.346354 0.169643 0.627232
1 0.419922 0.414435 0.137835 0.465774
0 0.21317 0.510231 0.226004 0.440848
0 0.410575 0.315104 0.214565 0.574405
3 0.986328 0.590402 0.0273438 0.184524
0 0.544224 0.333705 0.186105 0.564732
2 0.112863 0.534784 0.114955 0.451265
0 0.246861 0.507719 0.35784 0.486049
3 0.202776 0.527158 0.0587332 0.25
0 0.128104 0.525856 0.215332 0.475074
