3 0.979353 0.576265 0.0379464 0.133185
1 0.792969 0.547061 0.197545 0.715402
0 0.794085 0.569103 0.217634 0.759115
0 0.324777 0.330636 0.532366 0.654204
0 0.395787 0.333798 0.351283 0.609189
0 0.443778 0.352307 0.167132 0.565476
1 0.399833 0.332589 0.368862 0.613095
2 0.979353 0.575893 0.0390625 0.133184
1 0.443778 0.352307 0.167132 0.565476
1 0.773996 0.643787 0.205357 0.614211
1 0.979353 0.575521 0.0390625 0.131696
1 0.791853 0.470052 0.158482 0.59561
1 0.314872 0.331845 0.468471 0.663691
0 0.979353 0.575521 0.0390625 0.131696
3 0.978237 0.578869 0.0435267 0.197173
0 0.754464 0.668155 0.293527 0.627976
0 0.483956 0.334542 0.255301 0.610677
2 0.800781 0.545945 0.219866 0.729539
1 0.743862 0.668527 0.314732 0.622768
2 0.977679 0.570312 0.0446428 0.194941
2 0.395787 0.333798 0.351283 0.609189
0 0.853795 0.547805 0.169643 0.59189
3 0.97433 0.55506 0.0379464 0.171131
3 0.800781 0.545945 0.219866 0.729539
1 0.761161 0.530227 0.16183 0.661272
0 0.836496 0.535714 0.262277 0.639881
3 0.228237 0.570312 0.0429688 0.104167
0 0.817522 0.649554 0.18192 0.613095
2 0.324777 0.328497 0.543527 0.654018
3 0.371652 0.331008 0.417411 0.631138
1 0.977679 0.570312 0.0446428 0.194941
0 0.491769 0.331473 0.429408 0.662946
3 0.212891 0.575149 0.0329241 0.09375
3 0.229632 0.566964 0.063058 0.165179
0 0.791853 0.470052 0.158482 0.59561
1 0.920759 0.347377 0.141741 0.610305
1 0.817522 0.649554 0.18192 0.613095
0 0.409877 0.313244 0.218192 0.572173
0 0.421317 0.412853 0.140067 0.470424
0 0.689174 0.685454 0.362723 0.572545
1 0.421317 0.412853 0.140067 0.470424
1 0.881696 0.353423 0.176339 0.58631
0 0.3351 0.36449 0.252232 0.576079
1 0.465123 0.40625 0.131138 0.481399
3 0.21303 0.571429 0.047154 0.138393
3 0.22433 0.532366 0.0518973 0.177083
3 0.211496 0.533854 0.0390625 0.162202
