1 0.101667 0.548549 0.144322 0.468378
3 0.978795 0.576265 0.0379465 0.131696
0 0.391323 0.334077 0.35798 0.612351
0 0.332589 0.335566 0.532366 0.664435
2 0.100446 0.540179 0.142578 0.455357
1 0.395159 0.332961 0.378209 0.61756
0 0.442522 0.352772 0.170759 0.569754
2 0.979353 0.575893 0.0379464 0.130952
0 0.102818 0.548363 0.144531 0.464286
1 0.979353 0.575893 0.0379464 0.130952
0 0.485352 0.333333 0.2726 0.61756
1 0.442522 0.352772 0.170759 0.569754
0 0.979353 0.575893 0.0379464 0.130952
0 0.498047 0.331101 0.454799 0.662202
1 0.320731 0.338914 0.48577 0.677827
3 0.978516 0.581473 0.0429688 0.186012
1 0.107038 0.534598 0.127441 0.302827
3 0.974888 0.556176 0.0379465 0.161458
1 0.133057 0.53311 0.264021 0.499256
1 0.0717076 0.535807 0.10519 0.473028
2 0.391323 0.334077 0.35798 0.612351
3 0.102818 0.548363 0.144531 0.464286
2 0.977121 0.571429 0.0446428 0.201637
0 0.133057 0.53311 0.264021 0.499256
3 0.372489 0.332682 0.423549 0.633743
2 0.331334 0.333333 0.544922 0.666667
0 0.418527 0.412481 0.144531 0.471168
1 0.977121 0.571429 0.0446428 0.201637
0 0.543387 0.334449 0.20452 0.577381
2 0.107038 0.534598 0.127441 0.302827
0 0.580357 0.353516 0.382813 0.662016
0 0.410993 0.314732 0.211496 0.571429
