1 0.62779 0.71131 0.106027 0.297619
2 0.62779 0.71131 0.106027 0.297619
0 0.626116 0.726376 0.117188 0.356771
2 0.964844 0.482794 0.0703125 0.650484
0 0.962054 0.614676 0.0758928 0.712612
1 0.958705 0.65253 0.0747767 0.627976
1 0.629464 0.729167 0.132812 0.389881
3 0.625 0.686942 0.0926339 0.236235
1 0.963728 0.540458 0.0725446 0.669085
0 0.627232 0.703869 0.0970982 0.266369
1 0.947824 0.617746 0.104353 0.687128
0 0.964844 0.482794 0.0703125 0.650484
0 0.965402 0.688988 0.0602678 0.589286
2 0.947266 0.4734 0.105469 0.642485
2 0.629464 0.693266 0.133929 0.40811
