0 0.0591867 0.643322 0.118234 0.680618
2 0.0591518 0.487072 0.11077 0.36663
1 0.0571638 0.561384 0.111119 0.485863
1 0.0621512 0.485863 0.109794 0.35119
1 0.0673131 0.645089 0.122349 0.678571
2 0.0596749 0.643601 0.116699 0.686012
0 0.0586286 0.50651 0.109863 0.385789
0 0.0842634 0.673177 0.168527 0.641741
3 0.0631627 0.483259 0.10805 0.35119
3 0.0571638 0.561384 0.111119 0.485863
2 0.068464 0.508929 0.0907506 0.255952
2 0.0467006 0.471726 0.0773577 0.291667
3 0.0673131 0.645089 0.122349 0.678571
0 0.0693359 0.56808 0.0970982 0.506696
1 0.0470494 0.520182 0.0822405 0.422433
2 0.0693359 0.56808 0.0970982 0.506696
