3 0.979353 0.579985 0.0379464 0.125744
1 0.0366908 0.499442 0.0733817 0.751116
0 0.396205 0.33324 0.350446 0.610305
0 0.319266 0.33231 0.554548 0.661272
0 0.0351562 0.492653 0.0703125 0.726004
0 0.0488281 0.460659 0.0976562 0.731957
0 0.0620815 0.601376 0.124163 0.713914
1 0.0620815 0.601376 0.124163 0.713914
0 0.44322 0.352679 0.169364 0.570684
1 0.0435268 0.638393 0.078683 0.611607
1 0.399833 0.332217 0.367746 0.613839
0 0.0456892 0.571708 0.086635 0.703311
2 0.979353 0.578869 0.0390625 0.127232
0 0.0331334 0.340774 0.0662667 0.549107
1 0.979353 0.578869 0.0390625 0.127232
0 0.484794 0.335938 0.264788 0.615327
1 0.44322 0.352679 0.169364 0.570684
3 0.978795 0.585566 0.0424107 0.162202
2 0.0327846 0.46131 0.0655692 0.647321
0 0.979353 0.578869 0.0390625 0.127232
1 0.319336 0.330357 0.566685 0.660714
0 0.49442 0.331194 0.4375 0.662016
1 0.0521763 0.459635 0.104353 0.732515
0 0.031808 0.643973 0.0566406 0.59747
0 0.192801 0.519252 0.174665 0.468936
2 0.977121 0.575149 0.0435267 0.186012
2 0.038923 0.571243 0.0767299 0.717634
1 0.030971 0.366071 0.0612444 0.570685
2 0.396205 0.33324 0.350446 0.610305
3 0.229074 0.570312 0.0373884 0.0967262
1 0.977121 0.575149 0.0435267 0.186012
0 0.117885 0.604167 0.23577 0.703869
2 0.319336 0.330357 0.566685 0.660714
0 0.182443 0.614025 0.234445 0.513021
0 0.108817 0.458519 0.217634 0.746652
3 0.374442 0.331752 0.419643 0.632627
3 0.0351562 0.492653 0.0703125 0.726004
0 0.184431 0.628348 0.368862 0.567708
0 0.544782 0.33417 0.205078 0.572731
1 0.0333426 0.589193 0.0616629 0.623698
1 0.0271345 0.688616 0.0498047 0.557292
0 0.419085 0.410621 0.145647 0.474888
3 0.973772 0.55878 0.0390625 0.155506
0 0.411133 0.315848 0.206752 0.56994
3 0.986049 0.59003 0.0279017 0.18006
3 0.229911 0.566592 0.0613839 0.164435
0 0.0430385 0.681548 0.0777065 0.568452
1 0.117885 0.604167 0.23577 0.703869
0 0.580357 0.354167 0.368304 0.649554
3 0.21317 0.575893 0.030692 0.0900298
0 0.182268 0.513579 0.336356 0.523438
0 0.219517 0.362351 0.429269 0.724702
0 0.336286 0.361142 0.24707 0.576823
0 0.0703125 0.396763 0.140625 0.709449
