2 0.667411 0.463914 0.140625 0.494792
1 0.0910993 0.553664 0.166574 0.654576
0 0.0951102 0.608445 0.178083 0.735491
1 0.0909249 0.455264 0.16469 0.415365
1 0.667411 0.463914 0.140625 0.494792
2 0.0909249 0.455264 0.16469 0.415365
0 0.667969 0.431548 0.132812 0.438244
0 0.664621 0.599144 0.157366 0.673735
3 0.667969 0.434803 0.132812 0.433966
2 0.0910993 0.553664 0.166574 0.654576
1 0.664621 0.599144 0.157366 0.673735
0 0.122907 0.666667 0.245815 0.666667
0 0.0678013 0.659226 0.124442 0.633929
0 0.0870536 0.501116 0.166853 0.529018
0 0.533343 0.462891 0.393136 0.705171
3 0.0917969 0.553478 0.167969 0.617746
2 0.652902 0.526693 0.165179 0.669829
0 0.102539 0.448754 0.139788 0.395647
0 0.651228 0.419643 0.184152 0.518601
1 0.647321 0.514695 0.125 0.592634
0 0.638393 0.619699 0.252232 0.7234
2 0.665179 0.498884 0.123884 0.27381
1 0.0982143 0.667783 0.188616 0.655506
0 0.628348 0.474144 0.235491 0.569569
1 0.0682547 0.606399 0.117955 0.638393
3 0.102539 0.448754 0.139788 0.395647
1 0.102818 0.517485 0.138393 0.281994
