3 0.978795 0.580357 0.0379465 0.127976
1 0.183873 0.558687 0.205357 0.698103
0 0.307617 0.347749 0.469587 0.691406
0 0.391462 0.334077 0.37221 0.611607
0 0.178013 0.552176 0.199777 0.662016
1 0.394531 0.332961 0.391741 0.61756
0 0.441825 0.355655 0.176618 0.560268
2 0.979353 0.579985 0.0390625 0.127976
1 0.979353 0.579985 0.0390625 0.127976
0 0.48577 0.333333 0.279576 0.619048
3 0.978516 0.58631 0.0429688 0.16369
2 0.19029 0.531808 0.22154 0.710193
1 0.31264 0.348958 0.479632 0.696429
0 0.234863 0.482887 0.308175 0.739583
0 0.979353 0.579985 0.0390625 0.127976
1 0.441825 0.355655 0.176618 0.560268
3 0.182966 0.561384 0.220006 0.706101
0 0.492467 0.332589 0.453683 0.665179
1 0.148821 0.539249 0.195103 0.632812
2 0.976562 0.576637 0.0435267 0.191964
1 0.976562 0.576637 0.0435267 0.191964
2 0.31264 0.348958 0.479632 0.696429
2 0.391462 0.334077 0.37221 0.611607
3 0.31264 0.348958 0.479632 0.696429
1 0.218192 0.644717 0.147321 0.497768
0 0.229074 0.397972 0.239397 0.604353
3 0.986328 0.591518 0.0273438 0.175595
3 0.973214 0.55878 0.0390625 0.159226
0 0.25579 0.537016 0.180385 0.616443
0 0.414062 0.412481 0.154018 0.460752
1 0.206543 0.671503 0.246512 0.49628
0 0.314104 0.417225 0.333845 0.611979
0 0.543666 0.334449 0.206194 0.569941
0 0.121652 0.521019 0.176339 0.669271
1 0.908482 0.347005 0.176339 0.630394
0 0.215402 0.507906 0.219308 0.630022
0 0.908482 0.347005 0.176339 0.630394
0 0.275391 0.343006 0.256138 0.604911
3 0.987165 0.593006 0.0256696 0.111607
3 0.391462 0.334077 0.37221 0.611607
0 0.408064 0.313988 0.198382 0.560268
