1 0.674107 0.567522 0.200893 0.555432
3 0.978237 0.579241 0.0390625 0.125744
0 0.402902 0.332868 0.340402 0.605097
0 0.329869 0.331101 0.546736 0.662202
0 0.444336 0.353795 0.167132 0.561756
0 0.676339 0.569569 0.216518 0.554316
1 0.406808 0.331845 0.356027 0.608631
1 0.444336 0.353795 0.167132 0.561756
2 0.978795 0.578125 0.0401785 0.126488
1 0.978795 0.578125 0.0401785 0.126488
0 0.978795 0.578125 0.0401785 0.126488
3 0.976562 0.574777 0.0435267 0.180804
2 0.676339 0.569569 0.216518 0.554316
0 0.49163 0.342262 0.272321 0.604911
0 0.49721 0.330729 0.46317 0.661458
2 0.976562 0.574777 0.0435267 0.180804
1 0.329869 0.331101 0.546736 0.662202
3 0.676339 0.569569 0.216518 0.554316
0 0.580915 0.315011 0.4375 0.622954
1 0.976562 0.574777 0.0435267 0.180804
2 0.402902 0.332868 0.340402 0.605097
0 0.603237 0.383464 0.246652 0.558966
1 0.666853 0.661458 0.179688 0.43006
3 0.380441 0.331566 0.408761 0.630022
2 0.329869 0.331101 0.546736 0.662202
3 0.212751 0.568824 0.030413 0.100446
0 0.762835 0.317708 0.414062 0.619792
0 0.420201 0.412481 0.137835 0.465216
1 0.464844 0.407087 0.132812 0.476004
3 0.213937 0.532738 0.0341797 0.159226
3 0.228516 0.561756 0.0424107 0.110863
0 0.743862 0.404762 0.294643 0.611607
3 0.973772 0.56064 0.0368303 0.125
0 0.411412 0.31436 0.209542 0.571429
0 0.976562 0.574777 0.0435267 0.180804
0 0.464844 0.407087 0.132812 0.476004
3 0.986328 0.590774 0.0273438 0.183036
0 0.337612 0.361607 0.246652 0.578125
3 0.22433 0.531994 0.047433 0.167411
1 0.420201 0.412481 0.137835 0.465216
