0 0.623884 0.462705 0.247768 0.680246
0 0.658482 0.506603 0.127232 0.669829
0 0.55399 0.462054 0.376395 0.672619
1 0.650112 0.461403 0.164062 0.681362
1 0.652902 0.486049 0.125 0.569568
0 0.683594 0.619048 0.122768 0.694941
1 0.597238 0.467169 0.330078 0.711496
2 0.627232 0.462891 0.247768 0.69029
0 0.646205 0.623047 0.162946 0.691406
1 0.675781 0.512184 0.0669643 0.545573
1 0.648438 0.404948 0.219866 0.660342
0 0.698661 0.654018 0.0837054 0.590774
0 0.667411 0.485956 0.0892857 0.548921
0 0.555106 0.302455 0.36077 0.497768
0 0.654018 0.392857 0.148438 0.581845
0 0.621652 0.61849 0.28125 0.715402
0 0.5 0.383185 0.354911 0.563988
