3 0.978795 0.580357 0.0379465 0.126488
1 0.61942 0.517485 0.114955 0.392113
0 0.390555 0.333705 0.369559 0.616071
0 0.330287 0.33231 0.54255 0.661272
1 0.578125 0.450521 0.106027 0.417411
1 0.609933 0.485863 0.0948661 0.303571
1 0.394601 0.332217 0.387137 0.619792
1 0.621652 0.583891 0.164062 0.567336
0 0.444196 0.355283 0.166295 0.56622
2 0.979353 0.579613 0.0390625 0.127976
1 0.979353 0.579613 0.0390625 0.127976
2 0.617188 0.525763 0.123884 0.448475
1 0.444196 0.355283 0.166295 0.56622
0 0.616629 0.526786 0.122768 0.428571
0 0.979353 0.579613 0.0390625 0.127976
1 0.597656 0.504185 0.113839 0.418713
3 0.977121 0.575521 0.0435267 0.186756
1 0.642299 0.562128 0.132812 0.462054
1 0.616629 0.537946 0.207589 0.443452
1 0.321498 0.334263 0.455218 0.668527
0 0.489955 0.359003 0.226562 0.581101
0 0.578125 0.450521 0.106027 0.417411
2 0.977121 0.575521 0.0435267 0.186756
1 0.645647 0.613467 0.246652 0.578125
2 0.390555 0.333705 0.369559 0.616071
0 0.484933 0.355004 0.335938 0.617374
2 0.609933 0.495908 0.0970982 0.351191
0 0.609933 0.495908 0.0970982 0.351191
1 0.977121 0.575521 0.0435267 0.186756
1 0.633929 0.488839 0.116071 0.295387
3 0.226353 0.565476 0.0405971 0.104911
3 0.213518 0.569941 0.0294364 0.0974703
1 0.469169 0.408854 0.124163 0.468006
3 0.214007 0.533482 0.0334821 0.155506
0 0.625 0.602679 0.184152 0.559524
3 0.616629 0.526786 0.122768 0.428571
1 0.586496 0.425595 0.154018 0.441964
3 0.372977 0.332124 0.432617 0.633371
2 0.578125 0.450521 0.106027 0.417411
2 0.625 0.604353 0.177455 0.574033
2 0.330287 0.330357 0.550363 0.660714
3 0.986328 0.591518 0.0273438 0.171875
0 0.469169 0.408854 0.124163 0.468006
3 0.227609 0.563244 0.0615234 0.165923
3 0.222377 0.53125 0.0446429 0.162202
1 0.874442 0.313244 0.229911 0.626488
3 0.213588 0.566964 0.0421317 0.139137
1 0.543527 0.444103 0.251116 0.457031
0 0.417132 0.412295 0.150112 0.47154
2 0.642299 0.562128 0.132812 0.462054
3 0.973772 0.56064 0.0368303 0.12872
3 0.986886 0.593378 0.0262277 0.109375
0 0.977121 0.575521 0.0435267 0.186756
3 0.220424 0.574405 0.0323661 0.0989583
