2 0.646205 0.464937 0.126116 0.543341
1 0.658482 0.483538 0.078125 0.518043
1 0.646205 0.464937 0.126116 0.543341
0 0.641183 0.461124 0.140625 0.539062
0 0.658482 0.483538 0.078125 0.518043
1 0.660156 0.495536 0.0669643 0.28125
2 0.658482 0.483538 0.078125 0.518043
0 0.625 0.406994 0.228795 0.5625
1 0.625 0.406994 0.228795 0.5625
0 0.558594 0.460659 0.34375 0.65904
3 0.65904 0.492839 0.0725446 0.386347
2 0.660156 0.495536 0.0669643 0.28125
0 0.65625 0.611049 0.120536 0.632068
3 0.637277 0.39881 0.126116 0.473958
1 0.667969 0.388486 0.112723 0.544457
0 0.651228 0.39574 0.106027 0.516555
1 0.655692 0.447824 0.0736607 0.287388
2 0.626116 0.405134 0.216518 0.564732
3 0.654018 0.451823 0.0926339 0.501116
1 0.541295 0.468657 0.392857 0.690662
0 0.496094 0.394438 0.345982 0.608445
0 0.660156 0.495536 0.0669643 0.28125
0 0.669643 0.65532 0.0803572 0.561384
2 0.655692 0.447824 0.0736607 0.287388
3 0.65346 0.485491 0.0725447 0.27753
1 0.602121 0.478237 0.178571 0.534598
