0 0.911272 0.596168 0.174107 0.765997
1 0.921875 0.514416 0.149554 0.731585
0 0.318778 0.333798 0.549944 0.661272
0 0.393555 0.333984 0.360212 0.608817
0 0.871652 0.613839 0.256696 0.766369
0 0.443638 0.35119 0.171875 0.566964
1 0.8976 0.598121 0.204799 0.760603
1 0.397182 0.332961 0.377511 0.613839
0 0.484375 0.332496 0.265625 0.616257
1 0.443638 0.35119 0.171875 0.566964
1 0.314174 0.334635 0.482143 0.669271
2 0.911272 0.596168 0.174107 0.765997
0 0.930804 0.51237 0.138393 0.734189
0 0.494978 0.331008 0.43192 0.659412
2 0.372489 0.332124 0.422433 0.630394
3 0.913504 0.554316 0.167411 0.794643
3 0.228446 0.56808 0.03976 0.0989584
3 0.372489 0.332124 0.422433 0.630394
2 0.925781 0.466704 0.140625 0.638021
3 0.212612 0.572917 0.0295759 0.0922619
0 0.542969 0.334449 0.206473 0.578125
0 0.419364 0.413318 0.142299 0.465774
0 0.929129 0.678199 0.139509 0.59747
1 0.918527 0.337891 0.148438 0.55785
3 0.214216 0.534226 0.0352958 0.150298
3 0.23019 0.564732 0.0647321 0.176339
0 0.334821 0.362258 0.248884 0.583519
2 0.436105 0.331845 0.285156 0.602679
0 0.745536 0.699033 0.444196 0.601935
0 0.410854 0.31436 0.216239 0.570685
0 0.580915 0.352679 0.378348 0.65625
1 0.419364 0.413318 0.142299 0.465774
