3 0.0887626 0.469866 0.108189 0.241071
2 0.0915179 0.469122 0.119699 0.259673
3 0.566406 0.454241 0.0368304 0.110863
3 0.574777 0.450149 0.0357143 0.113095
3 0.565848 0.451265 0.0502232 0.130208
2 0.0698242 0.458333 0.102539 0.244792
3 0.0698242 0.458333 0.102539 0.244792
1 0.0892857 0.467634 0.119978 0.256696
0 0.0892857 0.467634 0.119978 0.256696
3 0.106445 0.494048 0.0714286 0.199405
3 0.0747768 0.489955 0.0680804 0.184524
2 0.0885882 0.486607 0.0920759 0.203869
3 0.0636161 0.478051 0.0571987 0.134673
3 0.0821708 0.484747 0.0613839 0.141369
3 0.103934 0.451637 0.094029 0.235863
3 0.564732 0.45824 0.160714 0.351377
0 0.0608956 0.706845 0.112584 0.544643
3 0.0687779 0.49628 0.0491071 0.127976
2 0.0821708 0.484747 0.0613839 0.141369
