1 0.0195312 0.533203 0.0348772 0.552641
0 0.0205078 0.657738 0.0371094 0.610119
3 0.470982 0.478795 0.0390625 0.0833334
3 0.477679 0.485863 0.0284598 0.10119
0 0.019043 0.458333 0.0339007 0.55506
3 0.428013 0.468006 0.0379465 0.0721726
3 0.482422 0.484747 0.0262277 0.0699405
1 0.0303432 0.503906 0.0570592 0.649926
0 0.0274833 0.575242 0.0549665 0.712612
3 0.418806 0.465402 0.0329241 0.0818453
1 0.0205078 0.657738 0.0371094 0.610119
3 0.445033 0.457589 0.0518973 0.0959821
3 0.458705 0.473958 0.0580357 0.0922619
3 0.415458 0.456845 0.0267857 0.0639881
3 0.467634 0.475818 0.047433 0.141369
2 0.0195312 0.533203 0.0348772 0.552641
3 0.460938 0.470982 0.0697545 0.145833
3 0.42327 0.456101 0.0351562 0.0803571
1 0.0224609 0.451079 0.0429688 0.559152
3 0.482422 0.46503 0.0245536 0.0699405
1 0.0264369 0.582496 0.0450614 0.59096
3 0.47433 0.486979 0.0401786 0.171131
3 0.447266 0.457589 0.0708705 0.175595
1 0.0188337 0.530506 0.03125 0.297619
0 0.0329241 0.429874 0.0618025 0.589658
3 0.431083 0.46689 0.0513393 0.12128
0 0.0237863 0.529483 0.0418527 0.563058
3 0.400949 0.466518 0.0195312 0.0714286
1 0.028983 0.629278 0.057966 0.711682
3 0.478516 0.463542 0.0323661 0.0818453
0 0.034947 0.669643 0.069894 0.650298
0 0.0247977 0.638393 0.0495954 0.645833
3 0.401786 0.46875 0.0290179 0.0892857
1 0.477679 0.485863 0.0284598 0.10119
0 0.0418527 0.501581 0.0837054 0.650112
1 0.0157994 0.62593 0.0315988 0.56064
0 0.0595006 0.560454 0.113421 0.679688
1 0.0415039 0.574684 0.0830078 0.724144
3 0.019043 0.458333 0.0339007 0.55506
3 0.456752 0.485491 0.0429688 0.0915179
2 0.0205078 0.657738 0.0371094 0.610119
3 0.449358 0.470238 0.120257 0.33631
3 0.485631 0.477679 0.0532924 0.22247
3 0.45452 0.487351 0.0652902 0.193452
