3 0.742188 0.444941 0.0837054 0.219494
2 0.742188 0.443452 0.0837054 0.214286
1 0.516881 0.695685 0.11356 0.550595
0 0.516881 0.706845 0.120257 0.563988
1 0.742746 0.44308 0.0881697 0.210565
0 0.742746 0.442336 0.0870536 0.21503
2 0.516881 0.695685 0.11356 0.550595
1 0.512695 0.571429 0.104074 0.370536
2 0.512695 0.571429 0.104074 0.370536
3 0.515067 0.508185 0.101562 0.255208
3 0.513951 0.507813 0.0859375 0.148066
3 0.743862 0.453125 0.0669643 0.156994
3 0.754464 0.445964 0.0859375 0.319382
3 0.51409 0.693452 0.109096 0.558036
2 0.511161 0.52753 0.131696 0.294643
1 0.515067 0.508185 0.101562 0.255208
2 0.753906 0.447173 0.101562 0.289435
0 0.5113 0.525298 0.141462 0.301339
3 0.723214 0.454241 0.0948661 0.21875
