1 0.867746 0.549572 0.162946 0.634487
3 0.979911 0.577009 0.0368303 0.127232
0 0.395647 0.33324 0.352679 0.610305
0 0.329032 0.33324 0.545061 0.665365
0 0.870536 0.55013 0.166295 0.624442
1 0.399414 0.332589 0.370815 0.614583
1 0.979911 0.576637 0.0368303 0.136905
0 0.44308 0.352679 0.169643 0.563244
2 0.979911 0.576637 0.0368303 0.136905
1 0.869978 0.667039 0.158482 0.481399
0 0.48577 0.333705 0.280692 0.613839
1 0.44308 0.352679 0.169643 0.563244
0 0.979911 0.577009 0.0368303 0.127232
0 0.498047 0.331101 0.461496 0.662202
2 0.867188 0.549758 0.164062 0.62221
1 0.316685 0.336682 0.487165 0.673363
2 0.395647 0.33324 0.352679 0.610305
3 0.868304 0.547433 0.16183 0.643229
3 0.376674 0.331845 0.418527 0.631696
2 0.328195 0.331845 0.55678 0.663691
0 0.419085 0.413039 0.138951 0.4641
3 0.968192 0.578683 0.0569197 0.277158
0 0.544643 0.334077 0.198661 0.565476
0 0.411133 0.313988 0.207868 0.568452
0 0.867746 0.645089 0.149554 0.52381
0 0.335379 0.362072 0.247768 0.583891
0 0.876674 0.42141 0.176339 0.554501
1 0.419085 0.413039 0.138951 0.4641
