0 0.93192 0.601097 0.126116 0.756138
0 0.920759 0.457775 0.15067 0.798735
0 0.945871 0.353051 0.106027 0.634673
0 0.890346 0.395089 0.219308 0.767857
1 0.928013 0.595889 0.128348 0.742746
0 0.916574 0.33817 0.166853 0.676339
0 0.899275 0.597656 0.201451 0.739211
2 0.928013 0.595889 0.128348 0.742746
0 0.95452 0.439267 0.0909598 0.663132
0 0.835658 0.384766 0.328683 0.740885
1 0.920759 0.458147 0.152902 0.818824
0 0.962054 0.30692 0.0758928 0.613839
0 0.860491 0.348214 0.215402 0.581101
3 0.927455 0.59561 0.13058 0.738839
2 0.920759 0.458147 0.152902 0.818824
1 0.899275 0.597656 0.201451 0.739211
0 0.842634 0.61077 0.297991 0.750186
1 0.890346 0.395089 0.219308 0.767857
0 0.939174 0.721726 0.118304 0.547619
1 0.945871 0.353051 0.106027 0.634673
