1 0.206892 0.591797 0.188895 0.654204
2 0.670201 0.44987 0.133929 0.463356
0 0.199777 0.661458 0.22154 0.665179
1 0.669643 0.43006 0.13058 0.415179
0 0.669643 0.43006 0.13058 0.415179
2 0.209821 0.537481 0.180804 0.530692
0 0.669643 0.598307 0.160714 0.666481
1 0.201172 0.661458 0.241071 0.677083
3 0.670201 0.450428 0.135045 0.451823
2 0.204799 0.623326 0.213728 0.729539
0 0.209821 0.537481 0.180804 0.530692
3 0.204799 0.623326 0.213728 0.729539
1 0.669643 0.598307 0.160714 0.666481
3 0.28404 0.436012 0.0373884 0.227679
2 0.667411 0.492188 0.121652 0.276042
2 0.670759 0.430525 0.117188 0.307106
3 0.284319 0.464658 0.030692 0.186756
2 0.658482 0.518043 0.166295 0.633557
0 0.674665 0.611514 0.237723 0.693638
0 0.521903 0.468843 0.407087 0.700707
3 0.209821 0.537481 0.180804 0.530692
3 0.283482 0.473214 0.0279018 0.127232
3 0.283761 0.471726 0.0479911 0.259673
