2 0.929688 0.450893 0.135045 0.30878
3 0.401786 0.530878 0.0714286 0.240327
1 0.405134 0.689732 0.0976563 0.565476
2 0.399554 0.555246 0.0792411 0.295759
0 0.40625 0.699405 0.114955 0.571429
2 0.400391 0.669643 0.0887277 0.543155
3 0.396763 0.49442 0.061942 0.149554
1 0.927455 0.447917 0.131696 0.304316
1 0.399554 0.555246 0.0792411 0.295759
3 0.928572 0.452009 0.133929 0.315476
0 0.929688 0.451265 0.136161 0.311756
0 0.400112 0.564174 0.0831473 0.294271
3 0.397321 0.561012 0.0658482 0.360119
3 0.404018 0.520833 0.0636161 0.151786
1 0.402344 0.622768 0.0742188 0.441964
2 0.400949 0.500372 0.0753348 0.198661
1 0.421177 0.700149 0.166574 0.583333
1 0.400949 0.500372 0.0753348 0.198661
3 0.405134 0.689732 0.0976563 0.565476
0 0.400949 0.500372 0.0753348 0.198661
3 0.412667 0.513765 0.130022 0.326637
3 0.402344 0.622768 0.0742188 0.441964
2 0.412667 0.513765 0.130022 0.326637
