3 0.979911 0.579241 0.0379464 0.126488
0 0.316197 0.347005 0.479213 0.68843
0 0.178502 0.594494 0.284738 0.778274
1 0.177351 0.594866 0.284808 0.781994
0 0.431362 0.332682 0.296875 0.601004
1 0.169643 0.457124 0.175223 0.661644
0 0.41769 0.330636 0.429129 0.645275
0 0.252232 0.455357 0.357143 0.770833
0 0.169643 0.457124 0.175223 0.661644
0 0.441685 0.353423 0.173549 0.563988
2 0.979911 0.578497 0.0379464 0.125
1 0.385114 0.334077 0.397182 0.61756
1 0.979911 0.578497 0.0379464 0.125
1 0.441685 0.353423 0.173549 0.563988
0 0.979911 0.578497 0.0379464 0.125
2 0.17885 0.595424 0.289621 0.782366
0 0.311384 0.408668 0.361049 0.608259
1 0.313616 0.347098 0.481027 0.694196
3 0.17885 0.595424 0.289621 0.782366
3 0.979074 0.58631 0.0418527 0.182292
2 0.31529 0.345238 0.483259 0.690476
2 0.169643 0.457124 0.175223 0.661644
0 0.152658 0.493676 0.246024 0.756696
1 0.205566 0.43378 0.275251 0.735119
0 0.228167 0.668899 0.405273 0.662202
3 0.31529 0.345238 0.483259 0.690476
2 0.382254 0.335193 0.376116 0.612351
0 0.905692 0.345238 0.186384 0.633185
1 0.875 0.3125 0.232143 0.625
3 0.973772 0.557292 0.0379464 0.155506
0 0.417132 0.410342 0.15346 0.47247
2 0.979074 0.58631 0.0418527 0.182292
0 0.243862 0.351284 0.270647 0.62779
0 0.546178 0.334077 0.191127 0.56622
0 0.502651 0.334449 0.213449 0.595238
3 0.987165 0.590402 0.0256696 0.142857
1 0.977679 0.575521 0.0446428 0.204613
3 0.382254 0.335193 0.376116 0.612351
