2 0.93471 0.436756 0.128348 0.40253
1 0.933036 0.43936 0.128348 0.420387
1 0.366629 0.631882 0.0970982 0.643973
0 0.352121 0.641183 0.133929 0.664062
3 0.364397 0.527902 0.0390625 0.143601
3 0.368304 0.500372 0.0368304 0.0654762
3 0.364955 0.526786 0.0535714 0.275298
0 0.935268 0.437872 0.123884 0.40253
3 0.363839 0.521205 0.0412946 0.0907738
0 0.364397 0.663691 0.0892857 0.590774
3 0.368304 0.502976 0.0351562 0.144345
3 0.36077 0.49442 0.0323661 0.063244
3 0.369141 0.569196 0.0485491 0.232143
3 0.364397 0.584635 0.103795 0.601562
3 0.36942 0.574405 0.063058 0.450893
1 0.368304 0.62128 0.0686384 0.519345
3 0.934152 0.436849 0.129464 0.403088
1 0.346819 0.693266 0.135045 0.580729
0 0.372489 0.592448 0.114397 0.594866
3 0.361049 0.49814 0.0334821 0.127232
2 0.366629 0.631882 0.0970982 0.643973
1 0.369141 0.53497 0.0574777 0.339286
1 0.364397 0.527902 0.0390625 0.143601
1 0.369141 0.569196 0.0485491 0.232143
0 0.36942 0.574405 0.063058 0.450893
0 0.919643 0.610677 0.159598 0.567336
1 0.934152 0.604911 0.120536 0.535714
0 0.364955 0.526786 0.0535714 0.275298
0 0.318848 0.647507 0.23284 0.675223
3 0.372489 0.559524 0.0446429 0.0922619
