1 0.848214 0.545759 0.108259 0.332589
3 0.979353 0.576265 0.0390625 0.133185
0 0.396763 0.334077 0.347098 0.607143
0 0.324637 0.334077 0.538225 0.65997
2 0.848214 0.544271 0.109375 0.329613
1 0.40053 0.332961 0.36635 0.610119
0 0.444894 0.351935 0.166016 0.566964
1 0.444894 0.351935 0.166016 0.566964
1 0.979353 0.575521 0.0368304 0.12872
0 0.484933 0.332589 0.272321 0.61756
2 0.979353 0.575521 0.0368304 0.130952
0 0.979353 0.575521 0.0368304 0.12872
1 0.313477 0.333705 0.444475 0.667411
0 0.848214 0.544271 0.107143 0.331101
1 0.868304 0.530506 0.131697 0.397321
0 0.49721 0.331938 0.445312 0.662016
3 0.9774 0.579613 0.0452008 0.190476
3 0.848214 0.544271 0.107143 0.331101
2 0.396763 0.334077 0.347098 0.607143
3 0.974888 0.555804 0.0368303 0.175595
3 0.374581 0.33231 0.416016 0.632999
2 0.9774 0.569196 0.0452008 0.160714
2 0.324498 0.331566 0.548549 0.661272
1 0.9774 0.569196 0.0452008 0.160714
0 0.912388 0.382906 0.145089 0.579427
0 0.420201 0.412202 0.133371 0.468006
3 0.231585 0.565848 0.0401786 0.10119
0 0.543945 0.334914 0.206752 0.575707
0 0.332589 0.363188 0.243862 0.587612
1 0.90346 0.380859 0.159598 0.605841
0 0.868304 0.530506 0.131697 0.397321
1 0.420201 0.412202 0.133371 0.468006
0 0.410017 0.314639 0.202288 0.565662
0 0.381975 0.364211 0.207589 0.55878
0 0.9774 0.569196 0.0452008 0.160714
0 0.577009 0.351562 0.376116 0.65253
3 0.211984 0.570685 0.0302734 0.0930059
1 0.484933 0.332589 0.272321 0.61756
