0 0.741071 0.601097 0.246652 0.759115
1 0.739955 0.509859 0.231027 0.715402
1 0.366071 0.627139 0.0993304 0.650484
0 0.737165 0.46596 0.229911 0.63058
0 0.353237 0.636254 0.128348 0.65904
3 0.364397 0.530134 0.0440848 0.167411
3 0.370257 0.537388 0.0608259 0.371652
3 0.369978 0.501116 0.0396205 0.0669643
1 0.367467 0.619234 0.0719866 0.523438
3 0.366071 0.586124 0.0976562 0.601562
0 0.368304 0.588728 0.09375 0.620164
1 0.743304 0.656994 0.268973 0.677083
2 0.740513 0.509673 0.237723 0.709821
3 0.370257 0.50372 0.0390625 0.164435
3 0.363839 0.524182 0.0446429 0.094494
1 0.370257 0.537388 0.0608259 0.371652
1 0.347935 0.69215 0.136161 0.585938
2 0.366071 0.627139 0.0993304 0.650484
3 0.369141 0.570685 0.0524554 0.242559
3 0.36077 0.49628 0.0362723 0.0654762
3 0.740513 0.509673 0.237723 0.709821
0 0.709821 0.664435 0.200893 0.66369
0 0.368862 0.574777 0.0664063 0.46503
0 0.789062 0.648066 0.21317 0.627976
3 0.361328 0.5 0.0385045 0.14881
1 0.364397 0.530134 0.0440848 0.167411
1 0.369141 0.570685 0.0524554 0.242559
2 0.743304 0.656994 0.268973 0.677083
3 0.367467 0.619234 0.0719866 0.523438
0 0.365234 0.529018 0.0585938 0.309524
3 0.362165 0.5 0.0546875 0.299107
3 0.743304 0.656994 0.268973 0.677083
0 0.320243 0.642299 0.226702 0.667783
0 0.270647 0.676711 0.329799 0.633185
0 0.345145 0.72526 0.151228 0.522693
0 0.376395 0.5266 0.123884 0.574777
1 0.320243 0.642299 0.226702 0.667783
1 0.370257 0.50372 0.0390625 0.164435
3 0.372489 0.562128 0.0479911 0.0997024
2 0.368862 0.574777 0.0664063 0.46503
3 0.352958 0.665179 0.117746 0.613095
2 0.347935 0.69215 0.136161 0.585938
2 0.369141 0.570685 0.0524554 0.242559
