3 0.978795 0.579241 0.0379465 0.127976
1 0.511161 0.550874 0.186384 0.529204
0 0.504464 0.517764 0.19308 0.580543
0 0.330706 0.331473 0.542829 0.662946
0 0.444754 0.386068 0.359375 0.698103
1 0.485491 0.466704 0.226562 0.673735
2 0.978795 0.578869 0.0379465 0.126488
1 0.979353 0.578869 0.0390625 0.127232
0 0.479632 0.346819 0.233817 0.611421
2 0.504464 0.517764 0.194196 0.5984
3 0.978516 0.584449 0.0429688 0.172619
0 0.979353 0.578869 0.0390625 0.127232
1 0.387695 0.345238 0.443359 0.659226
0 0.407645 0.473307 0.119978 0.389695
2 0.978516 0.584449 0.0429688 0.172619
3 0.973772 0.556548 0.0379464 0.162202
0 0.415597 0.422991 0.263672 0.511905
1 0.407645 0.473307 0.119978 0.389695
3 0.496652 0.516741 0.232143 0.585566
1 0.977121 0.573661 0.0435267 0.192708
0 0.453125 0.475074 0.166295 0.572173
2 0.478376 0.457682 0.293248 0.663504
1 0.459821 0.552455 0.151786 0.487351
0 0.414062 0.372024 0.190848 0.561012
1 0.550781 0.546317 0.198661 0.532366
1 0.88058 0.344122 0.21875 0.633929
3 0.98577 0.591146 0.0284598 0.174851
0 0.410993 0.432571 0.154576 0.484561
2 0.331543 0.329985 0.55678 0.65997
1 0.402344 0.513393 0.0647321 0.232143
3 0.214914 0.528646 0.0383649 0.164435
1 0.516741 0.667039 0.175223 0.383184
3 0.331543 0.329985 0.55678 0.65997
3 0.212542 0.568452 0.0319475 0.104911
3 0.229422 0.563616 0.0428293 0.110863
3 0.986886 0.593006 0.0262277 0.107887
