2 0.0765904 0.469866 0.114118 0.279762
2 0.885603 0.46131 0.0915179 0.279762
0 0.070173 0.654948 0.130301 0.675223
3 0.883929 0.466146 0.0859375 0.272321
1 0.0707659 0.654018 0.126883 0.681548
2 0.0678711 0.527623 0.114537 0.496838
1 0.0767299 0.489211 0.116908 0.351935
0 0.0767299 0.489211 0.116908 0.351935
1 0.882812 0.460565 0.0904018 0.275298
0 0.883929 0.464286 0.092634 0.290179
3 0.0761719 0.472842 0.115234 0.311012
2 0.0707659 0.654018 0.126883 0.681548
2 0.0924944 0.467262 0.0895647 0.247768
0 0.0678711 0.527623 0.114537 0.496838
1 0.0678711 0.527623 0.114537 0.496838
3 0.0707659 0.654018 0.126883 0.681548
0 0.102713 0.662946 0.163435 0.623512
0 0.115513 0.675037 0.231027 0.646949
2 0.0879255 0.479911 0.0713588 0.149554
2 0.0599191 0.437779 0.118722 0.364025
3 0.0924944 0.467262 0.0895647 0.247768
0 0.0834263 0.657366 0.166853 0.685268
