3 0.694754 0.445685 0.0859375 0.223214
2 0.696429 0.449405 0.0892858 0.220982
1 0.515067 0.691034 0.113839 0.537574
0 0.514928 0.708519 0.117466 0.562128
1 0.696987 0.451265 0.0904018 0.236607
0 0.696987 0.451265 0.0904018 0.236607
2 0.696429 0.476563 0.0926339 0.392857
3 0.514509 0.509673 0.09375 0.206845
3 0.513393 0.509673 0.0825893 0.143601
2 0.513393 0.565476 0.100446 0.331845
0 0.722656 0.658668 0.159598 0.638021
2 0.515067 0.691034 0.113839 0.537574
3 0.709263 0.436384 0.0535714 0.145089
1 0.513393 0.565476 0.100446 0.331845
1 0.708705 0.653274 0.135045 0.678571
2 0.516741 0.526042 0.135045 0.270833
3 0.516741 0.526042 0.135045 0.270833
1 0.513532 0.632069 0.0890067 0.417411
1 0.514509 0.509673 0.09375 0.206845
0 0.517299 0.52381 0.139509 0.272321
0 0.696987 0.479074 0.0970983 0.355841
3 0.696429 0.476563 0.0926339 0.392857
1 0.696987 0.479074 0.0970983 0.355841
1 0.516741 0.526042 0.135045 0.270833
3 0.700893 0.456473 0.0680803 0.151786
0 0.514509 0.509673 0.09375 0.206845
0 0.512974 0.569382 0.106864 0.322545
2 0.708147 0.533296 0.11942 0.46317
3 0.513253 0.693452 0.10519 0.55506
1 0.513393 0.509673 0.0825893 0.143601
3 0.686384 0.437872 0.0647321 0.15253
1 0.702009 0.633929 0.0892857 0.584821
2 0.514509 0.509673 0.09375 0.206845
2 0.700893 0.440104 0.0725447 0.154018
2 0.513393 0.509673 0.0825893 0.143601
0 0.752232 0.669271 0.266741 0.661458
3 0.526228 0.517485 0.0602679 0.119792
3 0.513253 0.580357 0.10519 0.31994
0 0.708147 0.533296 0.11942 0.46317
0 0.702009 0.633929 0.0892857 0.584821
