3 0.978795 0.578125 0.0379465 0.127976
1 0.34375 0.520089 0.217634 0.706845
0 0.406808 0.357422 0.328125 0.678013
0 0.345982 0.508185 0.217634 0.71875
0 0.391183 0.335938 0.489955 0.666667
0 0.375558 0.438058 0.233259 0.680432
0 0.348424 0.39202 0.32101 0.71596
0 0.420759 0.367095 0.199777 0.603609
2 0.978795 0.577009 0.0379465 0.127976
1 0.375558 0.438058 0.233259 0.680432
1 0.978795 0.577009 0.0379465 0.127976
0 0.481585 0.337054 0.284598 0.616816
2 0.347377 0.508836 0.239955 0.648996
0 0.292829 0.331659 0.414342 0.663318
0 0.978795 0.577009 0.0379465 0.127976
0 0.463728 0.357143 0.174107 0.563244
1 0.308036 0.524461 0.191964 0.631138
1 0.406808 0.357422 0.328125 0.678013
1 0.36363 0.588635 0.315151 0.65904
3 0.978516 0.584449 0.0429688 0.175595
0 0.308036 0.524461 0.191964 0.631138
0 0.493583 0.332775 0.476005 0.665551
1 0.391183 0.335938 0.489955 0.666667
1 0.439593 0.356771 0.185547 0.578869
0 0.417969 0.474051 0.147321 0.542969
0 0.349051 0.341518 0.227121 0.614583
3 0.354911 0.509952 0.258929 0.634859
0 0.26702 0.685268 0.310826 0.544643
1 0.907366 0.348865 0.176339 0.626674
2 0.978516 0.584449 0.0429688 0.175595
2 0.375558 0.438058 0.233259 0.680432
1 0.419085 0.519159 0.143415 0.521205
0 0.36363 0.588635 0.315151 0.65904
1 0.329241 0.669085 0.351562 0.542783
0 0.907366 0.348865 0.176339 0.626674
3 0.973214 0.55878 0.0379464 0.156994
2 0.406808 0.357422 0.328125 0.678013
0 0.205915 0.732143 0.381696 0.534226
2 0.391183 0.335938 0.489955 0.666667
1 0.266392 0.684896 0.299805 0.546875
1 0.977121 0.574033 0.0446428 0.194941
3 0.391183 0.335938 0.489955 0.666667
0 0.28397 0.382999 0.288086 0.674479
2 0.330357 0.534412 0.166295 0.642485
1 0.336775 0.639137 0.214844 0.543155
0 0.448661 0.63244 0.386161 0.577381
