0 0.386649 0.332961 0.362863 0.612351
0 0.328683 0.332682 0.540179 0.65904
2 0.973772 0.561384 0.0479911 0.27753
1 0.973772 0.561384 0.0479911 0.27753
1 0.964286 0.50958 0.0669643 0.562686
1 0.972098 0.537574 0.0513393 0.401042
1 0.390695 0.331566 0.378209 0.616629
0 0.44308 0.353144 0.167411 0.566034
0 0.970982 0.573103 0.0524553 0.362723
2 0.970982 0.604911 0.0491072 0.392857
0 0.484235 0.335286 0.256975 0.610677
1 0.44308 0.353144 0.167411 0.566034
0 0.973214 0.671875 0.0535714 0.486607
1 0.317592 0.332775 0.455218 0.665551
1 0.947545 0.392113 0.104911 0.715774
0 0.964286 0.50958 0.0669643 0.562686
0 0.947545 0.381417 0.104911 0.641927
3 0.973772 0.561384 0.0479911 0.27753
1 0.947545 0.496373 0.092634 0.550409
0 0.492327 0.331101 0.437221 0.662202
1 0.911272 0.349702 0.175223 0.645833
2 0.369838 0.331566 0.42327 0.63151
1 0.96875 0.385696 0.0625 0.628906
0 0.911272 0.349702 0.175223 0.645833
0 0.96875 0.385696 0.0625 0.628906
0 0.972098 0.58631 0.0491072 0.232143
3 0.369838 0.331566 0.42327 0.63151
2 0.973214 0.59747 0.0446428 0.155506
3 0.228585 0.564732 0.0428292 0.109375
2 0.954241 0.606957 0.0803572 0.524182
2 0.973772 0.503162 0.0479911 0.493676
2 0.964286 0.50958 0.0669643 0.562686
0 0.954241 0.606957 0.0803572 0.524182
1 0.970424 0.627232 0.0491071 0.412202
3 0.213239 0.570685 0.0311105 0.101935
0 0.545061 0.334077 0.196708 0.571429
3 0.230259 0.561756 0.0679409 0.193452
2 0.985491 0.571615 0.0279018 0.24814
0 0.96596 0.63058 0.0502232 0.423363
0 0.417411 0.41183 0.15067 0.47247
2 0.984654 0.570499 0.0306919 0.339658
0 0.933036 0.456287 0.11942 0.667783
3 0.214286 0.532738 0.0351563 0.157738
0 0.380022 0.360119 0.223772 0.561756
3 0.225725 0.530506 0.0491071 0.168155
