3 0.580915 0.476191 0.0401785 0.0974703
1 0.0486189 0.673921 0.0738002 0.574777
3 0.0417132 0.585566 0.0753348 0.482143
3 0.583147 0.473958 0.0792411 0.19122
0 0.0460379 0.681176 0.0851004 0.593006
3 0.0440151 0.520089 0.0500837 0.120536
3 0.042899 0.516741 0.0598493 0.218006
3 0.0448521 0.504092 0.0475725 0.0706846
3 0.59375 0.472098 0.0435268 0.0870536
3 0.568638 0.485491 0.0290179 0.0855655
3 0.0443638 0.557664 0.0541295 0.206845
3 0.0439802 0.563058 0.0641044 0.356027
0 0.0417132 0.585566 0.0753348 0.482143
3 0.571987 0.463542 0.0357143 0.0796131
1 0.0417132 0.585566 0.0753348 0.482143
1 0.582589 0.468006 0.0446428 0.103423
0 0.583147 0.473958 0.0792411 0.19122
2 0.0486189 0.673921 0.0738002 0.574777
3 0.0379464 0.49814 0.0435268 0.140625
1 0.0439802 0.563058 0.0641044 0.356027
1 0.583147 0.473958 0.0792411 0.19122
0 0.582589 0.468006 0.0446428 0.103423
3 0.0364118 0.49628 0.0452009 0.0803571
1 0.0430385 0.515253 0.0546875 0.250744
0 0.042899 0.516741 0.0598493 0.218006
3 0.0498744 0.648252 0.0910993 0.617188
0 0.0655692 0.686942 0.131138 0.617188
3 0.570312 0.462426 0.0502232 0.0974703
0 0.0410854 0.503534 0.0821708 0.433408
3 0.541853 0.478423 0.045759 0.116071
1 0.0625698 0.68843 0.12514 0.611235
1 0.0466657 0.615699 0.0567801 0.27753
0 0.0439802 0.563058 0.0641044 0.356027
