0 0.0881696 0.649089 0.139509 0.697359
3 0.472935 0.436012 0.0479911 0.118304
2 0.093471 0.600818 0.12779 0.582589
3 0.470424 0.462054 0.0390625 0.105655
1 0.0881696 0.649089 0.139509 0.697359
3 0.469587 0.455729 0.0530134 0.133185
3 0.09518 0.457589 0.0880999 0.237351
3 0.0996094 0.487723 0.105748 0.360863
2 0.0954241 0.494792 0.11077 0.4375
2 0.0968192 0.459821 0.0982143 0.267857
3 0.485212 0.464937 0.150112 0.391555
0 0.107003 0.663318 0.214007 0.673363
3 0.48019 0.468006 0.0898438 0.28497
3 0.093471 0.600818 0.12779 0.582589
1 0.0996094 0.487723 0.105748 0.360863
3 0.472098 0.413691 0.0396205 0.0714286
1 0.47154 0.437872 0.0524554 0.12128
3 0.472935 0.492932 0.0340402 0.153274
0 0.47154 0.437872 0.0524554 0.12128
3 0.49442 0.4375 0.046875 0.118304
2 0.0891113 0.663691 0.164969 0.665179
0 0.485212 0.464937 0.150112 0.391555
3 0.494978 0.434896 0.0714285 0.241815
0 0.0959473 0.515067 0.118931 0.446057
