3 0.448661 0.443452 0.0574777 0.103423
3 0.455636 0.455357 0.0714286 0.154018
3 0.460938 0.456845 0.0507812 0.0848214
3 0.44029 0.457961 0.0452009 0.0997024
3 0.451451 0.455357 0.0881696 0.279018
3 0.464844 0.441964 0.0485491 0.0877976
3 0.464286 0.441592 0.061384 0.191964
0 0.451451 0.455357 0.0881696 0.279018
1 0.452009 0.443824 0.0664063 0.122768
0 0.452009 0.443824 0.0664063 0.122768
3 0.453962 0.41183 0.0507813 0.135417
1 0.451451 0.455357 0.0881696 0.279018
0 0.46038 0.456845 0.0647321 0.181548
1 0.46038 0.456845 0.0647321 0.181548
3 0.457171 0.454613 0.123605 0.331845
3 0.449219 0.412946 0.0507812 0.0833333
