3 0.244699 0.469866 0.0859375 0.232143
3 0.401228 0.447173 0.0625 0.184524
3 0.402902 0.459077 0.0814732 0.232143
3 0.243304 0.524833 0.103795 0.483073
2 0.243862 0.529576 0.107143 0.440848
2 0.241909 0.479167 0.093192 0.327381
0 0.229911 0.652902 0.165179 0.694196
3 0.242815 0.490327 0.0969587 0.327381
0 0.243862 0.529576 0.107143 0.440848
1 0.243862 0.529576 0.107143 0.440848
3 0.410714 0.469494 0.132812 0.37872
2 0.242188 0.459821 0.0887277 0.21131
3 0.227121 0.467262 0.0569196 0.174851
1 0.244699 0.469866 0.0859375 0.232143
2 0.402902 0.46875 0.0848214 0.315476
3 0.40346 0.47247 0.102121 0.305804
1 0.402902 0.458333 0.0703125 0.197917
2 0.402902 0.459077 0.0675223 0.192708
0 0.402902 0.459077 0.0814732 0.232143
1 0.231306 0.652902 0.156808 0.686756
3 0.237165 0.472098 0.0608259 0.138393
3 0.418527 0.46689 0.0613839 0.173363
0 0.241909 0.479167 0.093192 0.327381
0 0.401786 0.447173 0.0664062 0.181548
0 0.187919 0.667039 0.2726 0.665923
1 0.402902 0.46875 0.0848214 0.315476
0 0.410714 0.469494 0.132812 0.37872
0 0.242188 0.459821 0.0887277 0.21131
0 0.238072 0.636161 0.111468 0.610119
3 0.220912 0.466146 0.03976 0.113839
0 0.268694 0.657366 0.175781 0.661458
0 0.40346 0.47247 0.102121 0.305804
3 0.270089 0.473958 0.0982143 0.334821
3 0.25865 0.473214 0.0574777 0.145833
1 0.410714 0.469494 0.132812 0.37872
3 0.399833 0.409226 0.0396205 0.112351
3 0.427455 0.443452 0.0591518 0.161458
1 0.238072 0.636161 0.111468 0.610119
