3 0.978795 0.581845 0.0390625 0.125
0 0.135289 0.603795 0.260672 0.779018
0 0.274693 0.356492 0.501953 0.705171
0 0.38644 0.334542 0.364397 0.613653
0 0.175223 0.543899 0.350446 0.787202
0 0.129953 0.348493 0.247907 0.670573
1 0.38909 0.333333 0.38923 0.618304
0 0.443917 0.352307 0.162388 0.567708
0 0.107736 0.652902 0.196917 0.665923
0 0.217076 0.620071 0.357143 0.631882
2 0.979353 0.581101 0.0390625 0.126488
1 0.137556 0.604911 0.268973 0.776786
1 0.443917 0.352307 0.162388 0.567708
3 0.976562 0.578125 0.0435267 0.183036
0 0.234933 0.694196 0.449777 0.608631
1 0.979353 0.581101 0.0379464 0.119792
0 0.482422 0.333705 0.25279 0.610119
1 0.27267 0.356585 0.504883 0.706473
0 0.979353 0.581101 0.0390625 0.126488
2 0.137556 0.604911 0.268973 0.776786
1 0.976562 0.578125 0.0435267 0.183036
2 0.38644 0.334542 0.364397 0.613653
2 0.976562 0.578125 0.0435267 0.183036
0 0.489397 0.329613 0.419643 0.659226
3 0.137556 0.604911 0.268973 0.776786
2 0.27267 0.356585 0.504883 0.706473
3 0.27267 0.356585 0.504883 0.706473
1 0.129953 0.348493 0.247907 0.670573
3 0.362863 0.332589 0.439453 0.636161
0 0.232352 0.533947 0.435965 0.627046
3 0.986049 0.591518 0.0279017 0.169643
0 0.544085 0.334077 0.195312 0.564732
0 0.181327 0.664249 0.236677 0.62686
0 0.410993 0.315476 0.198103 0.566964
0 0.419085 0.40997 0.138951 0.478423
0 0.976562 0.578125 0.0435267 0.183036
1 0.901228 0.3125 0.190848 0.625
0 0.904576 0.344866 0.186384 0.636161
3 0.986886 0.593006 0.0262277 0.112351
0 0.229911 0.340774 0.260603 0.620536
