3 0.577567 0.457589 0.0435268 0.127232
3 0.568638 0.452009 0.0814732 0.210565
3 0.569196 0.451265 0.0535715 0.139137
3 0.593192 0.467262 0.0290179 0.0885417
3 0.593192 0.465774 0.0390625 0.112351
3 0.587054 0.480655 0.0345983 0.0930059
1 0.577567 0.46131 0.0535715 0.151786
3 0.571429 0.413691 0.0323661 0.110119
3 0.560268 0.414435 0.0401786 0.146577
3 0.582031 0.46875 0.0926339 0.285714
1 0.568638 0.452009 0.0814732 0.210565
2 0.577567 0.46131 0.0535715 0.151786
0 0.577567 0.46131 0.0535715 0.151786
3 0.534598 0.436756 0.0747768 0.165179
3 0.53697 0.460193 0.1024 0.224702
3 0.5625 0.468378 0.106027 0.301339
0 0.568638 0.452009 0.0814732 0.210565
