2 0.0650809 0.49442 0.126256 0.35119
0 0.0708008 0.648996 0.141602 0.675223
1 0.0710798 0.64974 0.141881 0.68564
2 0.642857 0.448196 0.180804 0.463728
1 0.0651507 0.539435 0.129464 0.428571
2 0.0707659 0.560175 0.135254 0.50465
0 0.0651507 0.539435 0.129464 0.428571
2 0.654576 0.402065 0.135045 0.426525
1 0.0627093 0.470982 0.117885 0.287202
1 0.654576 0.402065 0.135045 0.426525
1 0.640625 0.447266 0.189732 0.458147
3 0.0684291 0.484375 0.118443 0.325893
0 0.640625 0.447266 0.189732 0.458147
3 0.666295 0.495164 0.078125 0.220982
0 0.556362 0.47247 0.389509 0.627976
1 0.671317 0.435268 0.0970982 0.40253
1 0.665179 0.495908 0.0915178 0.328869
0 0.105469 0.66183 0.207868 0.642113
3 0.665179 0.495908 0.0915178 0.328869
3 0.637277 0.423735 0.151786 0.372768
3 0.0646973 0.537388 0.128976 0.46689
1 0.610491 0.450242 0.291295 0.505766
0 0.610491 0.450242 0.291295 0.505766
2 0.662388 0.46503 0.100446 0.311756
1 0.666295 0.495164 0.078125 0.220982
0 0.0633371 0.467262 0.120536 0.298363
1 0.556362 0.47247 0.389509 0.627976
2 0.666295 0.495164 0.078125 0.220982
0 0.654576 0.402065 0.135045 0.426525
1 0.670201 0.491071 0.126116 0.450893
0 0.565988 0.399554 0.325614 0.512649
2 0.565709 0.466332 0.339565 0.620908
3 0.680804 0.496652 0.0535714 0.223214
2 0.672991 0.490234 0.106027 0.476376
3 0.0708008 0.648996 0.141602 0.675223
0 0.665179 0.495908 0.0915178 0.328869
1 0.680804 0.496652 0.0535714 0.223214
0 0.672991 0.490234 0.106027 0.476376
0 0.0436663 0.659226 0.0873326 0.629464
0 0.692522 0.628348 0.145089 0.634673
2 0.648438 0.466146 0.0926339 0.259673
0 0.645647 0.62872 0.185268 0.636905
