3 0.465681 0.483631 0.030692 0.09375
3 0.194475 0.495536 0.0290179 0.0758929
3 0.19043 0.503348 0.0259487 0.0758929
3 0.201451 0.508929 0.0301339 0.09375
3 0.201102 0.487723 0.0308315 0.0900298
1 0.467355 0.484375 0.03125 0.0922619
1 0.193359 0.498512 0.0323661 0.0811012
3 0.459821 0.47061 0.0267857 0.0848214
3 0.469029 0.47247 0.0262277 0.0825893
0 0.466518 0.483631 0.0323661 0.0944941
0 0.194196 0.49442 0.031808 0.0811012
3 0.201032 0.485119 0.0382255 0.133929
1 0.191406 0.490327 0.0248326 0.0714286
2 0.465681 0.483631 0.032366 0.0944941
3 0.465402 0.480655 0.0652902 0.150298
3 0.195312 0.464658 0.0262277 0.118304
2 0.193499 0.499628 0.0292969 0.0736607
3 0.438337 0.477307 0.0446429 0.106399
3 0.192453 0.485863 0.0570592 0.359375
3 0.457589 0.470238 0.077567 0.27381
