2 0.549107 0.434524 0.106027 0.293899
2 0.279576 0.457589 0.0887277 0.182292
3 0.279576 0.459077 0.0842634 0.189732
3 0.549665 0.436012 0.104911 0.28497
2 0.537946 0.450893 0.079241 0.245536
1 0.547991 0.434524 0.108259 0.293155
3 0.535714 0.453125 0.0770089 0.250744
0 0.279018 0.462054 0.0915179 0.184524
0 0.549107 0.434524 0.106027 0.291667
1 0.279018 0.462054 0.0915179 0.184524
2 0.53125 0.438988 0.0569196 0.148065
3 0.289062 0.452009 0.0680804 0.151042
3 0.512835 0.440848 0.0569197 0.220238
2 0.522182 0.471354 0.046038 0.14881
3 0.522182 0.471354 0.046038 0.14881
3 0.510184 0.440104 0.0365513 0.13244
2 0.512835 0.440848 0.0569197 0.220238
2 0.551339 0.460938 0.0658482 0.15253
2 0.527344 0.443173 0.128348 0.397879
2 0.289062 0.452009 0.0680804 0.151042
3 0.53125 0.438988 0.0569196 0.148065
3 0.512835 0.440104 0.0747767 0.261905
2 0.550781 0.482515 0.0859375 0.301339
3 0.278181 0.424107 0.0742188 0.209077
2 0.287667 0.4375 0.110491 0.286458
