1 0.0477121 0.566034 0.092913 0.701265
3 0.979353 0.579241 0.0379464 0.125744
0 0.391183 0.333054 0.359375 0.613653
0 0.325823 0.332217 0.53697 0.65997
0 0.0493513 0.569382 0.0960519 0.736235
0 0.44322 0.352586 0.167132 0.565662
1 0.394671 0.331845 0.373605 0.616816
2 0.979911 0.578497 0.0379464 0.126488
1 0.979911 0.578497 0.0379464 0.126488
0 0.486607 0.333333 0.266741 0.615327
1 0.0401786 0.646019 0.0722656 0.618676
0 0.0657785 0.650856 0.118722 0.632812
1 0.44322 0.352586 0.167132 0.565662
0 0.979911 0.578497 0.0379464 0.126488
2 0.0471191 0.53404 0.0893555 0.646205
0 0.188407 0.526321 0.17341 0.483073
1 0.316267 0.335565 0.481306 0.671131
3 0.979074 0.586682 0.0418527 0.172619
0 0.49442 0.330357 0.436384 0.65997
0 0.178711 0.617374 0.240792 0.550967
0 0.181431 0.629092 0.361468 0.594494
0 0.113909 0.597284 0.220843 0.745908
1 0.0657785 0.650856 0.118722 0.632812
0 0.0401786 0.646019 0.0722656 0.618676
0 0.178223 0.522135 0.332171 0.53311
2 0.371791 0.331752 0.423828 0.634115
0 0.0888323 0.674851 0.177246 0.64881
3 0.0490025 0.566406 0.0939593 0.68564
2 0.979074 0.586682 0.0418527 0.172619
3 0.371791 0.331752 0.423828 0.634115
0 0.544643 0.33324 0.206473 0.573103
3 0.229632 0.568452 0.0418527 0.102679
2 0.0654646 0.595889 0.129674 0.751674
1 0.977679 0.575521 0.0446428 0.193452
0 0.337054 0.361607 0.256138 0.584821
0 0.417411 0.412481 0.141741 0.466704
3 0.97433 0.558036 0.0379464 0.15625
0 0.909598 0.347005 0.175223 0.628906
0 0.0445033 0.436384 0.0890067 0.585565
3 0.986328 0.590774 0.0273438 0.177083
0 0.263114 0.723214 0.454799 0.547619
0 0.579799 0.350446 0.363839 0.646577
1 0.909598 0.347005 0.175223 0.628906
1 0.103655 0.560082 0.19615 0.692336
3 0.230469 0.565848 0.0708705 0.193452
