0 0.898996 0.391927 0.190848 0.766741
0 0.890625 0.600632 0.203125 0.777902
0 0.323451 0.332496 0.531669 0.6609
0 0.37793 0.334542 0.351283 0.622582
0 0.927455 0.659226 0.132812 0.654762
0 0.440848 0.35119 0.174107 0.585566
0 0.78125 0.613839 0.412946 0.732143
0 0.86942 0.450335 0.261161 0.843378
0 0.918527 0.541667 0.146205 0.802083
1 0.380999 0.333333 0.365234 0.627232
0 0.853237 0.660714 0.273438 0.678571
1 0.440848 0.35119 0.174107 0.585566
1 0.321847 0.331659 0.537109 0.663318
1 0.896763 0.344587 0.206473 0.679874
1 0.874442 0.599888 0.242188 0.77939
1 0.902344 0.658482 0.183036 0.665179
3 0.23291 0.570312 0.0414341 0.101935
2 0.896763 0.344587 0.206473 0.679874
2 0.315499 0.33631 0.476144 0.672619
2 0.874442 0.599888 0.242188 0.77939
3 0.235003 0.567336 0.0612444 0.161458
3 0.896763 0.344587 0.206473 0.679874
3 0.214634 0.575149 0.0333426 0.0930059
3 0.321847 0.331659 0.537109 0.663318
3 0.874442 0.599888 0.242188 0.77939
2 0.902344 0.658482 0.183036 0.665179
3 0.226074 0.579241 0.0344587 0.0922619
0 0.417411 0.411923 0.162388 0.490141
3 0.2131 0.53683 0.0408761 0.148065
0 0.483259 0.347842 0.223214 0.607887
0 0.869978 0.341146 0.195312 0.65997
3 0.229004 0.537202 0.0486886 0.148065
3 0.23298 0.592262 0.0418527 0.0892857
3 0.214286 0.571801 0.0502232 0.13244
3 0.37793 0.334542 0.351283 0.622582
