2 0.0909598 0.563616 0.111049 0.499256
0 0.0853795 0.652623 0.133092 0.688802
2 0.0923549 0.481771 0.0973772 0.316964
1 0.0863909 0.652158 0.132464 0.69122
3 0.0923549 0.481771 0.0973772 0.316964
1 0.0913783 0.565104 0.112165 0.460566
0 0.0913783 0.565104 0.112165 0.460566
3 0.514928 0.432664 0.030413 0.0944941
3 0.518973 0.434152 0.0491071 0.171131
3 0.0909598 0.563616 0.111049 0.499256
2 0.0867397 0.644624 0.133998 0.68843
3 0.507254 0.430432 0.0290179 0.0840774
1 0.0901228 0.489304 0.103237 0.360677
0 0.0901228 0.489304 0.103237 0.360677
2 0.0980748 0.449033 0.078404 0.243304
3 0.0980748 0.449033 0.078404 0.243304
3 0.517299 0.456473 0.0323661 0.110119
0 0.107003 0.667783 0.214007 0.664435
3 0.0853795 0.652623 0.133092 0.688802
3 0.508231 0.431176 0.0571987 0.218006
3 0.515625 0.406994 0.0290179 0.0580357
3 0.516741 0.405878 0.0345983 0.107143
2 0.0772879 0.453869 0.0797991 0.238095
1 0.518973 0.434152 0.0491071 0.171131
1 0.517299 0.434152 0.03125 0.0885417
