2 0.771763 0.433408 0.159598 0.365327
1 0.774554 0.443824 0.149554 0.365327
0 0.768973 0.695685 0.157366 0.575893
0 0.774554 0.443824 0.149554 0.365327
1 0.757254 0.429967 0.235491 0.388579
2 0.756696 0.470238 0.138393 0.27381
3 0.774554 0.443824 0.149554 0.365327
1 0.770089 0.640811 0.175223 0.620164
0 0.758929 0.69122 0.242188 0.61756
0 0.757254 0.429967 0.235491 0.388579
2 0.745536 0.414807 0.168527 0.463542
1 0.756696 0.470238 0.138393 0.27381
1 0.745536 0.414807 0.168527 0.463542
0 0.713728 0.450242 0.324777 0.532552
0 0.747768 0.62221 0.155134 0.565104
2 0.755022 0.508278 0.152902 0.455171
