2 0.9375 0.430804 0.118304 0.40625
1 0.939174 0.431641 0.116071 0.403088
1 0.365513 0.632347 0.0993304 0.647507
0 0.351004 0.639137 0.135045 0.668155
3 0.364676 0.529762 0.0412946 0.161458
0 0.939174 0.431641 0.116071 0.403088
0 0.364397 0.663877 0.0881697 0.585938
3 0.369978 0.5359 0.0591518 0.365699
3 0.370815 0.50186 0.0373884 0.0654762
3 0.370257 0.504092 0.0373884 0.159226
3 0.364118 0.524554 0.0412946 0.0907738
1 0.368583 0.619048 0.0686384 0.513393
3 0.364397 0.586589 0.103237 0.605097
3 0.369699 0.568452 0.0496652 0.234375
0 0.370815 0.590774 0.108817 0.599702
1 0.34654 0.694196 0.135603 0.583333
3 0.938058 0.43006 0.114955 0.409226
2 0.365513 0.632347 0.0993304 0.647507
1 0.369978 0.5359 0.0591518 0.365699
0 0.933594 0.611607 0.122768 0.58631
3 0.361607 0.495164 0.0340402 0.0647321
3 0.361607 0.498512 0.0373884 0.145833
0 0.369699 0.572545 0.0641741 0.454613
1 0.364676 0.529762 0.0412946 0.161458
1 0.369699 0.568452 0.0496652 0.234375
3 0.368583 0.619048 0.0686384 0.513393
0 0.316895 0.644996 0.232282 0.675781
0 0.364955 0.528646 0.0574777 0.313988
1 0.933594 0.611607 0.122768 0.58631
3 0.362165 0.498884 0.0552455 0.304315
3 0.373884 0.559896 0.0440848 0.093006
1 0.928572 0.492467 0.116071 0.537388
