1 0.635045 0.723214 0.121652 0.364583
0 0.635045 0.723214 0.121652 0.364583
2 0.635045 0.702381 0.107143 0.284226
3 0.641741 0.677827 0.078125 0.209821
1 0.96317 0.661086 0.061384 0.598958
2 0.641741 0.677827 0.078125 0.209821
1 0.641183 0.68192 0.0904018 0.267113
0 0.955357 0.660714 0.0870535 0.616071
3 0.634487 0.6875 0.104911 0.285714
2 0.637835 0.720424 0.129464 0.371652
0 0.641183 0.68192 0.0904018 0.267113
1 0.95731 0.639695 0.0853794 0.684896
2 0.960658 0.5 0.078683 0.577381
3 0.956473 0.49442 0.0625 0.25372
0 0.970424 0.690662 0.0569196 0.585938
3 0.957589 0.492094 0.0770089 0.441406
0 0.922433 0.663691 0.151786 0.61756
