1 0.0421666 0.450149 0.073591 0.480655
0 0.0419224 0.621094 0.0777065 0.722098
0 0.0417132 0.436012 0.0789621 0.485119
1 0.0419224 0.621094 0.0777065 0.722098
1 0.0484096 0.512928 0.0811942 0.654204
2 0.0411551 0.47061 0.077846 0.567708
2 0.0419224 0.621094 0.0777065 0.722098
0 0.0724051 0.658482 0.127232 0.627976
0 0.0484096 0.512928 0.0811942 0.654204
1 0.0401786 0.567894 0.0566406 0.614211
0 0.0354353 0.690476 0.0580357 0.595238
3 0.0411551 0.47061 0.077846 0.567708
1 0.0449916 0.5 0.0606864 0.287946
0 0.0306222 0.632347 0.0612444 0.648996
1 0.0325753 0.463635 0.0651507 0.556362
0 0.0448521 0.341146 0.0779855 0.4375
1 0.04262 0.44122 0.0671038 0.307292
0 0.0516183 0.726749 0.0892857 0.537574
0 0.111747 0.62686 0.223493 0.725446
3 0.0419224 0.621094 0.0777065 0.722098
