1 0.751116 0.492653 0.226562 0.68285
0 0.75 0.592169 0.233259 0.699591
1 0.36635 0.626302 0.0959822 0.649182
0 0.36635 0.626302 0.0959822 0.649182
0 0.753906 0.459449 0.21875 0.62128
0 0.734375 0.490327 0.289062 0.732143
3 0.364397 0.528646 0.0396205 0.156994
1 0.757254 0.647507 0.215402 0.636533
0 0.349888 0.689732 0.131138 0.584821
3 0.369978 0.502604 0.0362723 0.0632441
3 0.36942 0.536458 0.0563616 0.351191
2 0.749442 0.493862 0.235491 0.684896
1 0.367746 0.620722 0.0691964 0.523438
3 0.364118 0.523066 0.0407366 0.0900298
3 0.363839 0.584077 0.102679 0.61756
3 0.36942 0.570312 0.0479911 0.234375
3 0.36942 0.504464 0.0351562 0.15253
0 0.713728 0.661644 0.178571 0.617188
1 0.349888 0.689732 0.131138 0.584821
2 0.36635 0.626302 0.0959822 0.649182
3 0.361049 0.495536 0.0334821 0.0625
3 0.749442 0.493862 0.235491 0.684896
1 0.36942 0.536458 0.0563616 0.351191
3 0.361049 0.499256 0.0345982 0.139137
1 0.364397 0.528646 0.0396205 0.156994
1 0.36942 0.570312 0.0479911 0.234375
3 0.367746 0.620722 0.0691964 0.523438
0 0.367746 0.620722 0.0691964 0.523438
0 0.784598 0.647879 0.1875 0.594122
0 0.36942 0.536458 0.0563616 0.351191
2 0.74721 0.659412 0.262277 0.636533
0 0.319754 0.639044 0.228795 0.675781
3 0.361328 0.498884 0.0530134 0.293155
0 0.678571 0.421596 0.270089 0.616629
0 0.612584 0.390253 0.328404 0.579613
3 0.74721 0.659412 0.262277 0.636533
3 0.372489 0.560268 0.0457589 0.0952381
1 0.383092 0.665923 0.0909598 0.5625
