1 0.950893 0.54083 0.0970983 0.561198
0 0.395926 0.33231 0.351004 0.610677
0 0.331403 0.331845 0.53697 0.662202
1 0.400112 0.331101 0.368304 0.613839
0 0.44322 0.353423 0.168248 0.561756
1 0.44322 0.353423 0.168248 0.561756
2 0.949777 0.534505 0.0993303 0.547061
0 0.948103 0.547433 0.0982142 0.589658
0 0.482422 0.337054 0.251674 0.613095
1 0.951451 0.658482 0.0825893 0.428571
1 0.331334 0.330915 0.547154 0.66183
1 0.936942 0.667411 0.108259 0.516369
2 0.395926 0.33231 0.351004 0.610677
0 0.489955 0.331101 0.43192 0.662202
3 0.229074 0.56622 0.0429688 0.107887
3 0.948103 0.547433 0.0982142 0.589658
3 0.376395 0.330636 0.414621 0.630394
3 0.213797 0.573289 0.0299944 0.0959821
2 0.331334 0.330915 0.547154 0.66183
3 0.231027 0.563616 0.0647321 0.168899
0 0.419364 0.411923 0.144531 0.472284
3 0.215472 0.533482 0.0361328 0.154762
3 0.226283 0.531622 0.0507812 0.165923
0 0.41183 0.315104 0.206473 0.572173
0 0.936942 0.667411 0.108259 0.516369
0 0.335938 0.36077 0.25 0.576079
0 0.544085 0.334077 0.180804 0.563988
3 0.214007 0.569941 0.0452009 0.139137
