3 0.545759 0.448289 0.0591518 0.19122
3 0.545201 0.449777 0.0792411 0.289435
3 0.560268 0.46503 0.0368303 0.126488
3 0.553571 0.462054 0.046875 0.145089
3 0.548549 0.444196 0.0491072 0.148065
1 0.545201 0.449777 0.0792411 0.289435
2 0.545201 0.449777 0.0792411 0.289435
0 0.545201 0.449777 0.0792411 0.289435
1 0.542411 0.445685 0.0602679 0.197917
2 0.545759 0.448661 0.0647321 0.193452
3 0.541295 0.457589 0.0479911 0.150298
3 0.541853 0.418899 0.0379465 0.141369
0 0.547433 0.454613 0.0625 0.185268
3 0.554129 0.483259 0.0368304 0.143601
3 0.55692 0.486607 0.0357143 0.10119
3 0.532366 0.418155 0.0424108 0.158482
3 0.545201 0.363839 0.0279018 0.0491071
