1 0.40625 0.564174 0.188616 0.585938
3 0.978795 0.578497 0.0379465 0.125744
0 0.313198 0.332589 0.476283 0.663691
0 0.458147 0.402065 0.21317 0.554502
0 0.404994 0.554501 0.194475 0.566592
2 0.978795 0.578497 0.0379465 0.124256
0 0.447545 0.396856 0.316964 0.58724
1 0.978795 0.578125 0.0390625 0.125
0 0.385463 0.397042 0.289342 0.564546
2 0.408203 0.555525 0.202567 0.567522
0 0.978795 0.578125 0.0390625 0.125
3 0.978516 0.58631 0.0429688 0.177083
0 0.457868 0.491722 0.162388 0.565662
0 0.445033 0.329613 0.486049 0.651786
0 0.482003 0.447824 0.134208 0.516555
0 0.405413 0.344494 0.179129 0.512649
2 0.978516 0.58631 0.0429688 0.177083
3 0.40918 0.564174 0.224051 0.582961
1 0.458147 0.402065 0.21317 0.554502
0 0.476283 0.444196 0.0965402 0.457589
3 0.973772 0.55692 0.0379464 0.15997
0 0.475307 0.532087 0.11635 0.542969
1 0.457868 0.491722 0.162388 0.565662
0 0.249512 0.710007 0.390485 0.556176
1 0.976562 0.574033 0.0446428 0.192708
1 0.311523 0.332961 0.517578 0.665923
1 0.472935 0.551525 0.114397 0.548735
0 0.335658 0.340402 0.208147 0.584821
1 0.365513 0.563709 0.164063 0.586868
1 0.476283 0.444196 0.0965402 0.457589
2 0.458147 0.402065 0.21317 0.554502
3 0.212123 0.571057 0.0311105 0.0967262
3 0.228237 0.566964 0.0429688 0.109375
3 0.986049 0.590774 0.0279017 0.180804
0 0.435826 0.497489 0.245536 0.583891
1 0.447545 0.396856 0.316964 0.58724
0 0.476562 0.449777 0.0770089 0.276786
1 0.910714 0.347935 0.171875 0.628534
