0 0.889509 0.473865 0.154018 0.724888
1 0.886161 0.500279 0.141741 0.679501
0 0.399275 0.333333 0.339844 0.602679
0 0.320173 0.331473 0.535993 0.65997
2 0.980469 0.575893 0.0368303 0.125744
0 0.896205 0.358631 0.189732 0.656994
1 0.979353 0.572917 0.0390625 0.135417
3 0.981027 0.576637 0.0379464 0.125
0 0.444196 0.354167 0.167411 0.566964
0 0.890625 0.54362 0.126116 0.540737
1 0.40346 0.332589 0.356027 0.607143
0 0.922991 0.464565 0.0993303 0.547061
2 0.886161 0.500279 0.141741 0.679501
2 0.972656 0.578869 0.0524553 0.269345
1 0.950335 0.553013 0.0680803 0.294271
1 0.444196 0.354167 0.167411 0.566964
1 0.891741 0.414156 0.176339 0.732701
0 0.485073 0.335565 0.263114 0.615327
2 0.950335 0.553013 0.0680803 0.294271
0 0.979353 0.572917 0.0390625 0.135417
0 0.950335 0.553013 0.0680803 0.294271
1 0.880022 0.637649 0.129464 0.508929
1 0.320592 0.329427 0.551897 0.658854
2 0.922991 0.464565 0.0993303 0.547061
1 0.922991 0.464565 0.0993303 0.547061
0 0.858259 0.404576 0.267857 0.74442
0 0.972656 0.578869 0.0524553 0.269345
1 0.972656 0.578869 0.0524553 0.269345
0 0.496373 0.332589 0.446987 0.665179
1 0.968192 0.537946 0.0524553 0.308036
1 0.883371 0.344122 0.233259 0.688244
1 0.896763 0.584821 0.102679 0.498512
2 0.891741 0.414156 0.176339 0.732701
2 0.399275 0.333333 0.339844 0.602679
3 0.886161 0.500558 0.140625 0.668527
0 0.876674 0.589286 0.162946 0.66369
2 0.968192 0.537946 0.0524553 0.308036
0 0.955915 0.488653 0.0636161 0.448289
2 0.320592 0.329427 0.551897 0.658854
0 0.968192 0.537946 0.0524553 0.308036
3 0.376535 0.331566 0.416574 0.632999
0 0.419643 0.414807 0.137277 0.463542
0 0.918527 0.543713 0.110491 0.353051
0 0.410156 0.313988 0.195312 0.563244
1 0.896763 0.560826 0.104911 0.271205
0 0.544503 0.333612 0.197824 0.572359
3 0.891741 0.414528 0.178572 0.737909
3 0.212054 0.575893 0.0301339 0.0877976
3 0.230748 0.570312 0.0396205 0.0974702
1 0.901228 0.687872 0.107143 0.436756
0 0.864955 0.447545 0.154018 0.634673
1 0.419643 0.414807 0.137277 0.463542
0 0.465262 0.405878 0.131975 0.483631
3 0.972656 0.578869 0.0524553 0.269345
0 0.896763 0.52753 0.108259 0.284226
