3 0.978795 0.576637 0.0368303 0.129464
1 0.148507 0.558222 0.162807 0.624628
0 0.391392 0.334542 0.362305 0.609189
0 0.312221 0.341146 0.457031 0.679316
0 0.144252 0.563616 0.172991 0.639137
1 0.169957 0.581473 0.261649 0.718006
2 0.144915 0.562779 0.174456 0.654204
1 0.394392 0.333333 0.376395 0.614583
0 0.169957 0.581473 0.261649 0.718006
2 0.979353 0.575893 0.0379464 0.12872
0 0.442522 0.355655 0.167411 0.558036
1 0.979353 0.575893 0.0379464 0.12872
0 0.486049 0.334449 0.270089 0.611607
1 0.442522 0.355655 0.167411 0.558036
0 0.979353 0.575893 0.0379464 0.12872
1 0.313058 0.341704 0.478795 0.683408
0 0.106131 0.540365 0.156041 0.594866
0 0.498186 0.331659 0.458984 0.663318
3 0.978795 0.583705 0.0424107 0.185268
2 0.394392 0.333333 0.376395 0.614583
0 0.243583 0.618862 0.393415 0.670015
1 0.158761 0.68471 0.189732 0.547247
3 0.372419 0.332868 0.428153 0.634859
3 0.97433 0.558036 0.0379464 0.153274
2 0.313058 0.341704 0.478795 0.683408
1 0.206473 0.667597 0.343192 0.587426
3 0.144252 0.563616 0.172991 0.639137
2 0.169957 0.581473 0.261649 0.718006
2 0.977679 0.572545 0.0446428 0.197173
0 0.226283 0.541109 0.283482 0.602307
1 0.106131 0.540365 0.156041 0.594866
0 0.418248 0.414807 0.141741 0.462798
0 0.332589 0.361979 0.263393 0.59747
1 0.418248 0.414807 0.141741 0.462798
0 0.544643 0.334821 0.203125 0.574405
0 0.172154 0.539993 0.151228 0.565848
0 0.271484 0.433222 0.394531 0.684152
1 0.182338 0.593936 0.187221 0.59189
3 0.169957 0.581473 0.261649 0.718006
0 0.906808 0.348307 0.178571 0.624814
0 0.581473 0.3524 0.385045 0.65532
0 0.382533 0.360026 0.222656 0.568638
1 0.977679 0.572545 0.0446428 0.197173
1 0.486049 0.334449 0.270089 0.611607
1 0.466378 0.406994 0.126395 0.470238
0 0.307408 0.719494 0.515765 0.537202
1 0.906808 0.348307 0.178571 0.624814
