3 0.978795 0.577753 0.0368303 0.126488
1 0.2244 0.56064 0.152762 0.357887
0 0.309291 0.35333 0.466239 0.699591
0 0.391881 0.334542 0.356864 0.609189
1 0.248326 0.443266 0.279018 0.625372
1 0.229143 0.496838 0.187919 0.545015
1 0.395299 0.333333 0.37793 0.614583
2 0.223214 0.566964 0.147879 0.351191
0 0.442801 0.352679 0.169085 0.560268
2 0.979353 0.577009 0.0379464 0.126488
1 0.442801 0.352679 0.169085 0.560268
1 0.979353 0.577009 0.0379464 0.126488
1 0.309152 0.353051 0.488839 0.706101
0 0.485073 0.334449 0.268694 0.611607
0 0.248326 0.446801 0.281808 0.59747
0 0.979353 0.577009 0.0379464 0.126488
0 0.222656 0.547619 0.166853 0.389881
0 0.496373 0.331101 0.458147 0.662202
3 0.978516 0.584077 0.0429688 0.185268
0 0.311663 0.391927 0.323103 0.617932
2 0.248326 0.443266 0.279018 0.625372
1 0.201869 0.576451 0.227958 0.382813
2 0.391881 0.334542 0.356864 0.609189
2 0.309152 0.353051 0.488839 0.706101
1 0.907924 0.348493 0.178571 0.628906
2 0.978516 0.584077 0.0429688 0.185268
3 0.97433 0.558408 0.0379464 0.155506
3 0.309152 0.353051 0.488839 0.706101
3 0.226562 0.536458 0.171317 0.388393
2 0.229143 0.496838 0.187919 0.545015
0 0.907924 0.348493 0.178571 0.628906
0 0.229143 0.496838 0.187919 0.545015
0 0.419085 0.410993 0.142857 0.472656
3 0.391881 0.334542 0.356864 0.609189
1 0.419085 0.410993 0.142857 0.472656
1 0.977679 0.572917 0.0446428 0.199405
1 0.311663 0.391927 0.323103 0.617932
0 0.544085 0.33417 0.190848 0.569754
0 0.410993 0.315104 0.21596 0.572173
1 0.465681 0.405506 0.126674 0.473214
0 0.566406 0.35612 0.27567 0.625558
3 0.986328 0.589658 0.0273438 0.192708
