3 0.343471 0.462426 0.0636161 0.226935
3 0.576451 0.438244 0.0758929 0.192708
2 0.341239 0.462798 0.0714286 0.237351
3 0.571987 0.434152 0.103795 0.288691
3 0.345703 0.462426 0.0909598 0.283482
2 0.34933 0.464286 0.102679 0.275298
0 0.571987 0.435175 0.100446 0.263579
1 0.566964 0.4375 0.116071 0.288691
3 0.342913 0.484375 0.0496652 0.194196
2 0.571987 0.435175 0.100446 0.263579
1 0.576451 0.438616 0.0825893 0.200893
1 0.341239 0.464286 0.0725446 0.266369
0 0.576451 0.438616 0.0825893 0.200893
0 0.341239 0.464286 0.0725446 0.266369
3 0.350446 0.47061 0.046317 0.142113
3 0.340402 0.444941 0.0507812 0.148065
3 0.341797 0.491443 0.0457589 0.134673
2 0.576451 0.438616 0.0825893 0.200893
0 0.574219 0.430339 0.129464 0.322359
3 0.357422 0.489583 0.0636161 0.215774
3 0.333705 0.449405 0.0558036 0.209821
3 0.564732 0.415551 0.0647321 0.214286
0 0.556362 0.421875 0.186384 0.369792
2 0.574219 0.430339 0.129464 0.322359
2 0.344308 0.483631 0.0524554 0.189732
3 0.594866 0.43564 0.0625 0.184524
3 0.582031 0.456101 0.0613839 0.145833
3 0.594866 0.433408 0.0892858 0.252976
2 0.340402 0.444941 0.0507812 0.148065
3 0.558036 0.423735 0.18192 0.395089
3 0.333705 0.473214 0.0440848 0.146577
3 0.35798 0.495908 0.0407366 0.109375
3 0.348772 0.434896 0.0424107 0.136905
3 0.34096 0.414807 0.0412946 0.141369
