3 0.978795 0.577381 0.0379465 0.130208
0 0.319754 0.604353 0.28683 0.767485
0 0.399972 0.348214 0.351842 0.672619
0 0.344308 0.436012 0.241629 0.782738
0 0.38644 0.405041 0.262835 0.651228
0 0.267369 0.53404 0.149414 0.690848
1 0.344308 0.436012 0.241629 0.782738
0 0.27281 0.671503 0.34947 0.655506
3 0.208984 0.526414 0.0357143 0.244792
0 0.384487 0.507441 0.231027 0.571429
1 0.323103 0.605097 0.304688 0.771949
0 0.202916 0.524182 0.0712891 0.421875
0 0.317522 0.350911 0.188058 0.643415
2 0.979353 0.576637 0.0379464 0.130208
1 0.267369 0.53404 0.149414 0.690848
0 0.287388 0.654204 0.223214 0.635045
1 0.38644 0.405041 0.262835 0.651228
1 0.979353 0.576637 0.0379464 0.130208
0 0.436663 0.353051 0.21596 0.572173
0 0.292132 0.451079 0.155134 0.728795
1 0.427734 0.333612 0.323103 0.621466
0 0.979353 0.576637 0.0379464 0.130208
0 0.482561 0.335938 0.255859 0.601191
3 0.978516 0.585193 0.0429688 0.190476
0 0.295829 0.335938 0.3012 0.671875
3 0.208496 0.521019 0.0400391 0.431176
1 0.208496 0.523438 0.038923 0.293155
1 0.384487 0.507441 0.231027 0.571429
0 0.216518 0.714286 0.385045 0.565476
2 0.319754 0.604353 0.28683 0.767485
0 0.218192 0.606213 0.194196 0.516741
2 0.208426 0.524554 0.0340402 0.245536
1 0.292132 0.451079 0.155134 0.728795
1 0.464425 0.357143 0.178292 0.552083
0 0.208496 0.523438 0.038923 0.293155
0 0.489955 0.329985 0.444196 0.65997
2 0.344308 0.436012 0.241629 0.782738
0 0.36642 0.689732 0.473633 0.604167
3 0.973772 0.557292 0.0390625 0.156994
3 0.214634 0.562128 0.0355748 0.206101
1 0.202916 0.524182 0.0712891 0.421875
3 0.323103 0.605097 0.304688 0.771949
1 0.27281 0.671503 0.34947 0.655506
2 0.978516 0.585193 0.0429688 0.190476
2 0.267369 0.53404 0.149414 0.690848
3 0.20745 0.593936 0.0772879 0.356771
0 0.462472 0.726376 0.470145 0.520461
2 0.396066 0.348865 0.368583 0.675781
2 0.38644 0.405041 0.262835 0.651228
3 0.213937 0.566592 0.0470145 0.438244
3 0.348772 0.437872 0.263393 0.78497
2 0.208496 0.521019 0.0400391 0.431176
1 0.977121 0.574405 0.0446428 0.206101
3 0.396066 0.348865 0.368583 0.675781
1 0.317522 0.350911 0.188058 0.643415
1 0.287388 0.654204 0.223214 0.635045
3 0.202916 0.524182 0.0712891 0.421875
1 0.362584 0.340495 0.393136 0.680618
0 0.905134 0.345238 0.185268 0.635417
3 0.986607 0.590588 0.0267857 0.199777
1 0.213937 0.566592 0.0470145 0.438244
2 0.202916 0.524182 0.0712891 0.421875
0 0.213937 0.566592 0.0470145 0.438244
3 0.208915 0.567708 0.0325056 0.122024
1 0.328683 0.558501 0.225446 0.661272
