3 0.979353 0.578869 0.0379464 0.126488
0 0.236398 0.600446 0.286133 0.77381
0 0.401786 0.338542 0.353795 0.616816
0 0.32952 0.370443 0.413504 0.711496
0 0.277344 0.419922 0.300223 0.724144
1 0.247698 0.65811 0.295898 0.662946
0 0.443917 0.353423 0.169085 0.571429
0 0.242188 0.45359 0.195871 0.650856
1 0.403739 0.337054 0.366629 0.625744
2 0.979353 0.578125 0.0379464 0.126488
1 0.443917 0.353423 0.169085 0.571429
1 0.259487 0.492653 0.31808 0.749814
1 0.979353 0.578125 0.0379464 0.126488
0 0.484515 0.335938 0.260882 0.615327
0 0.979353 0.578125 0.0379464 0.126488
3 0.979074 0.585565 0.0418527 0.171131
1 0.242188 0.45359 0.195871 0.650856
0 0.3125 0.344866 0.266741 0.616816
2 0.237095 0.600818 0.28697 0.780506
0 0.49442 0.331938 0.429688 0.662016
0 0.280483 0.517578 0.388811 0.695499
2 0.379953 0.337426 0.413086 0.642113
1 0.32952 0.370443 0.413504 0.711496
3 0.237095 0.600818 0.28697 0.780506
0 0.424107 0.397693 0.243304 0.501488
0 0.419085 0.413969 0.145647 0.472656
3 0.379953 0.337426 0.413086 0.642113
0 0.299107 0.682664 0.448661 0.627232
0 0.236886 0.310919 0.164621 0.544829
2 0.977679 0.574405 0.0435268 0.194196
0 0.376953 0.366908 0.230469 0.572731
3 0.973772 0.558036 0.0390625 0.153274
0 0.223493 0.325242 0.290737 0.59654
1 0.977679 0.574405 0.0435268 0.194196
0 0.545201 0.334356 0.203125 0.572359
3 0.986328 0.590774 0.0273438 0.181548
1 0.419085 0.413969 0.145647 0.472656
1 0.274623 0.328404 0.320173 0.622954
2 0.436523 0.334821 0.276507 0.598214
1 0.237444 0.343843 0.155134 0.545945
0 0.464704 0.404111 0.13644 0.490885
2 0.282645 0.418527 0.337054 0.738839
1 0.876116 0.347098 0.223214 0.635417
1 0.424107 0.397693 0.243304 0.501488
