1 0.803013 0.552455 0.170759 0.40997
3 0.979353 0.577753 0.0390625 0.127232
0 0.392578 0.332589 0.357701 0.611607
0 0.322614 0.333705 0.548968 0.663691
1 0.817522 0.516834 0.215402 0.609189
0 0.806362 0.547247 0.185268 0.436756
0 0.818638 0.515718 0.217634 0.574219
1 0.396205 0.331473 0.377232 0.614583
0 0.827009 0.392392 0.321429 0.721168
2 0.978795 0.577381 0.0379465 0.125744
0 0.442522 0.351191 0.169643 0.56622
0 0.486607 0.332589 0.279018 0.61756
1 0.442522 0.351191 0.169643 0.56622
1 0.979353 0.577009 0.0379464 0.125
1 0.835379 0.547247 0.162946 0.43378
0 0.501116 0.33138 0.460938 0.661644
0 0.979353 0.577009 0.0379464 0.125
1 0.31257 0.333891 0.455218 0.667783
1 0.776786 0.578683 0.243304 0.458705
3 0.977958 0.586682 0.0440848 0.197173
2 0.806362 0.547247 0.185268 0.436756
2 0.392578 0.332589 0.357701 0.611607
0 0.868862 0.313244 0.246652 0.623512
0 0.840402 0.399275 0.229911 0.627046
1 0.815848 0.566034 0.154018 0.292039
3 0.373744 0.331008 0.422154 0.631138
2 0.322126 0.331473 0.561105 0.662946
1 0.827009 0.392392 0.321429 0.721168
3 0.212891 0.575893 0.0295759 0.0863095
3 0.806362 0.547247 0.185268 0.436756
2 0.819754 0.502046 0.24442 0.591146
3 0.231585 0.568452 0.0385045 0.0959821
2 0.977958 0.586682 0.0440848 0.197173
0 0.543527 0.333984 0.205357 0.576079
1 0.977958 0.573661 0.0440848 0.196429
0 0.417969 0.411737 0.138393 0.465216
3 0.819754 0.502046 0.24442 0.591146
1 0.417969 0.411737 0.138393 0.465216
0 0.58817 0.353795 0.410714 0.668155
0 0.410854 0.314639 0.202846 0.568638
0 0.334263 0.362723 0.245536 0.582589
1 0.486607 0.332589 0.279018 0.61756
3 0.23305 0.565476 0.0662667 0.171875
