1 0.835379 0.532924 0.220982 0.687128
3 0.979353 0.575521 0.0368304 0.135417
0 0.828683 0.566313 0.266741 0.74535
0 0.404576 0.334728 0.327009 0.601376
0 0.317104 0.329334 0.522042 0.650856
1 0.829799 0.634673 0.258929 0.638393
0 0.44601 0.332868 0.19615 0.608073
1 0.408203 0.334077 0.34096 0.606399
1 0.444336 0.349981 0.167132 0.572359
1 0.979353 0.575521 0.0379464 0.135417
2 0.979353 0.575893 0.0368304 0.138393
0 0.495257 0.334356 0.334263 0.627418
1 0.804688 0.572917 0.337054 0.700893
1 0.304688 0.330357 0.430804 0.654018
0 0.979353 0.575521 0.0379464 0.135417
0 0.862723 0.460193 0.207589 0.627232
2 0.835379 0.531157 0.242188 0.675781
3 0.976004 0.591332 0.0479911 0.286086
1 0.862723 0.460193 0.207589 0.627232
0 0.901228 0.409133 0.159598 0.634115
1 0.901228 0.409133 0.159598 0.634115
3 0.835379 0.531157 0.242188 0.675781
1 0.816406 0.468564 0.154018 0.577753
1 0.922433 0.354539 0.137277 0.605655
2 0.404576 0.334728 0.327009 0.601376
0 0.863839 0.678944 0.215402 0.607887
0 0.444755 0.403367 0.151786 0.496838
0 0.976004 0.591332 0.0479911 0.286086
3 0.229283 0.569569 0.0436663 0.102679
3 0.975447 0.587426 0.0334821 0.173363
3 0.975447 0.551711 0.0357142 0.191964
1 0.976004 0.591332 0.0479911 0.286086
0 0.544224 0.336031 0.222935 0.579427
3 0.213239 0.577753 0.0322266 0.0907738
2 0.317941 0.326637 0.533761 0.651786
1 0.868862 0.675967 0.197545 0.593006
0 0.922433 0.354539 0.137277 0.605655
3 0.230399 0.56622 0.0626395 0.154762
3 0.375767 0.33231 0.396903 0.627046
3 0.974888 0.549851 0.0412947 0.268601
2 0.976004 0.591332 0.0479911 0.286086
3 0.986328 0.59096 0.0273438 0.207961
3 0.226632 0.532738 0.0556641 0.177827
0 0.571289 0.348586 0.359654 0.651042
1 0.421038 0.410621 0.136719 0.476377
1 0.486328 0.334077 0.261719 0.618304
3 0.21296 0.573661 0.0461774 0.130952
0 0.96317 0.692708 0.0725447 0.471726
0 0.498884 0.359003 0.1875 0.561012
3 0.214076 0.53497 0.0417132 0.158482
2 0.830357 0.659412 0.277902 0.618676
0 0.334263 0.363095 0.243862 0.570684
1 0.869978 0.36077 0.166295 0.562686
