3 0.978795 0.577753 0.0368303 0.127232
1 0.2643 0.548456 0.143276 0.632254
0 0.261161 0.523624 0.148438 0.586682
0 0.423549 0.336682 0.301339 0.625744
0 0.401228 0.329613 0.492188 0.659226
0 0.444894 0.351563 0.172712 0.575149
1 0.444894 0.351563 0.172712 0.575149
0 0.322824 0.373512 0.24442 0.616816
1 0.255022 0.572917 0.239955 0.694941
0 0.488002 0.333705 0.27846 0.622024
2 0.979353 0.577381 0.0368304 0.127232
1 0.439174 0.332961 0.283482 0.611607
0 0.255022 0.572917 0.239955 0.694941
1 0.979353 0.577381 0.0368304 0.127232
0 0.501116 0.332124 0.444196 0.661644
0 0.979353 0.577381 0.0368304 0.127232
2 0.262277 0.52474 0.151228 0.605283
0 0.385603 0.364955 0.18192 0.563244
0 0.420759 0.406901 0.179688 0.480841
3 0.979074 0.584449 0.0418527 0.189732
0 0.32673 0.375837 0.169085 0.572731
1 0.401228 0.329613 0.492188 0.659226
0 0.34654 0.522135 0.116071 0.47061
1 0.282924 0.580636 0.209821 0.573847
3 0.973772 0.558036 0.0379464 0.15997
1 0.420759 0.406901 0.179688 0.480841
0 0.282645 0.314732 0.292969 0.521577
1 0.262067 0.672619 0.334124 0.565476
1 0.235003 0.644903 0.18736 0.567336
0 0.21317 0.681548 0.287388 0.563988
2 0.409598 0.335565 0.356027 0.644345
0 0.282924 0.580636 0.209821 0.573847
1 0.279576 0.468192 0.155692 0.584449
3 0.264509 0.54827 0.142857 0.617746
1 0.214007 0.558687 0.150112 0.576079
1 0.385603 0.364955 0.18192 0.563244
0 0.41197 0.315104 0.200614 0.56622
0 0.544643 0.334821 0.21875 0.581101
0 0.579799 0.353702 0.38058 0.65718
3 0.409598 0.335565 0.356027 0.644345
0 0.280064 0.415272 0.177595 0.53404
0 0.412528 0.484096 0.183873 0.356213
2 0.979074 0.584449 0.0418527 0.189732
1 0.412946 0.487723 0.166295 0.360119
0 0.385045 0.474702 0.107143 0.353423
3 0.986607 0.590774 0.0267857 0.196429
0 0.214007 0.558687 0.150112 0.576079
0 0.385324 0.42885 0.136719 0.484561
1 0.977679 0.572917 0.0446428 0.210566
1 0.209891 0.700335 0.209682 0.551711
