1 0.337612 0.544085 0.178571 0.62314
3 0.979353 0.577381 0.0390625 0.131696
0 0.411551 0.353423 0.292969 0.636905
0 0.403111 0.3351 0.456055 0.658668
0 0.421038 0.367653 0.180246 0.584635
0 0.339844 0.529204 0.180246 0.617188
0 0.387277 0.44401 0.185268 0.594122
2 0.979353 0.576637 0.0379464 0.129464
1 0.411551 0.353423 0.292969 0.636905
1 0.387277 0.44401 0.185268 0.594122
0 0.344308 0.396577 0.303571 0.619048
1 0.979353 0.576637 0.0379464 0.129464
0 0.285645 0.32766 0.407506 0.654204
2 0.33817 0.522507 0.207031 0.571057
1 0.440011 0.357887 0.179129 0.570684
0 0.48298 0.337426 0.281808 0.613095
0 0.979353 0.576637 0.0379464 0.129464
3 0.978795 0.582961 0.0424107 0.179315
1 0.396205 0.332124 0.479911 0.658668
0 0.463867 0.358538 0.173828 0.562686
0 0.419364 0.471726 0.12779 0.494048
1 0.421038 0.518322 0.119978 0.469308
2 0.411551 0.353423 0.292969 0.636905
1 0.362026 0.588356 0.287109 0.585193
1 0.420201 0.418527 0.151786 0.541667
2 0.977679 0.573661 0.0446428 0.196429
3 0.333147 0.520554 0.190848 0.566034
2 0.387277 0.44401 0.185268 0.594122
3 0.973772 0.558408 0.0390625 0.157738
0 0.347656 0.342634 0.217634 0.568452
2 0.396205 0.332124 0.479911 0.658668
0 0.271275 0.384301 0.274414 0.640625
1 0.977679 0.573661 0.0446428 0.196429
3 0.396205 0.332124 0.479911 0.658668
0 0.439174 0.480562 0.19308 0.409412
1 0.344308 0.389137 0.300781 0.623512
0 0.280134 0.485863 0.191406 0.611607
