3 0.978795 0.577381 0.0379465 0.12872
1 0.112305 0.552455 0.1649 0.399554
0 0.393415 0.334728 0.354911 0.610305
0 0.319475 0.335472 0.555246 0.665365
1 0.397461 0.333705 0.376953 0.614583
0 0.442522 0.351935 0.171875 0.569941
1 0.131383 0.539435 0.235003 0.4375
2 0.979353 0.575893 0.0390625 0.12872
2 0.112305 0.552455 0.1649 0.399554
1 0.442522 0.351935 0.171875 0.569941
1 0.979353 0.575893 0.0390625 0.12872
0 0.484375 0.335193 0.272321 0.618304
0 0.114118 0.545759 0.166295 0.398065
0 0.979353 0.575893 0.0390625 0.12872
3 0.978516 0.582217 0.0429688 0.178571
1 0.303711 0.338728 0.510882 0.677455
0 0.498186 0.331938 0.458984 0.663504
0 0.131383 0.539435 0.235003 0.4375
2 0.393415 0.334728 0.354911 0.610305
2 0.977121 0.572917 0.0435267 0.194941
1 0.101249 0.546503 0.150739 0.295387
3 0.97433 0.558408 0.0379464 0.15253
1 0.138253 0.581287 0.167132 0.388021
3 0.112967 0.552269 0.165248 0.398438
1 0.116316 0.593564 0.144601 0.292039
2 0.317522 0.333705 0.570312 0.667411
3 0.373326 0.332961 0.421875 0.631696
0 0.161795 0.481492 0.281878 0.574219
1 0.977121 0.572917 0.0435267 0.194941
0 0.420201 0.411086 0.142857 0.470238
0 0.410017 0.315476 0.208984 0.569941
0 0.569615 0.356306 0.277065 0.628162
1 0.420201 0.411086 0.142857 0.470238
2 0.131383 0.539435 0.235003 0.4375
0 0.544503 0.334821 0.194475 0.571429
