2 0.578683 0.435268 0.122768 0.334077
2 0.168806 0.474702 0.104911 0.212054
3 0.169364 0.47061 0.0954241 0.204613
1 0.579241 0.434524 0.120536 0.332589
0 0.580915 0.43936 0.125 0.345238
1 0.167411 0.473958 0.104353 0.22247
0 0.167411 0.473958 0.104353 0.22247
3 0.579799 0.43564 0.123884 0.337798
3 0.182547 0.475818 0.0634765 0.145089
0 0.553432 0.632999 0.182199 0.674479
2 0.182547 0.475818 0.0634765 0.145089
2 0.167271 0.444941 0.11356 0.322917
2 0.175223 0.485491 0.0742187 0.198661
2 0.601004 0.448568 0.0892857 0.329055
3 0.19036 0.455357 0.0573382 0.123512
3 0.169224 0.460193 0.0789621 0.150298
2 0.566964 0.489769 0.111607 0.449033
0 0.554827 0.665923 0.131417 0.602679
3 0.189802 0.489211 0.0511998 0.136161
