3 0.979353 0.579985 0.0379464 0.127976
0 0.126709 0.598958 0.24714 0.778274
0 0.294782 0.336682 0.510882 0.672619
0 0.378836 0.333705 0.389648 0.616071
0 0.0990513 0.651414 0.185826 0.662946
0 0.123291 0.345238 0.237235 0.690476
0 0.17048 0.544643 0.314732 0.764881
1 0.123291 0.345238 0.237235 0.690476
0 0.205497 0.379371 0.410993 0.750186
1 0.381417 0.332682 0.407924 0.621838
0 0.442522 0.355655 0.175223 0.563244
2 0.978795 0.579985 0.0379465 0.127232
0 0.188546 0.668899 0.365095 0.657738
1 0.124686 0.552083 0.240025 0.808036
1 0.979353 0.579613 0.0390625 0.12872
3 0.978795 0.587054 0.0424107 0.171131
1 0.295968 0.338542 0.529715 0.677083
0 0.483956 0.335565 0.26423 0.613839
0 0.979353 0.579613 0.0390625 0.12872
1 0.913504 0.349423 0.168527 0.625558
1 0.442522 0.355655 0.175223 0.563244
1 0.174944 0.606027 0.349888 0.773066
0 0.491071 0.331101 0.452009 0.662202
2 0.128139 0.598214 0.245954 0.77381
1 0.0990513 0.651414 0.185826 0.662946
2 0.36356 0.332124 0.451451 0.634859
2 0.978795 0.587054 0.0424107 0.171131
1 0.977121 0.574777 0.0435267 0.195685
3 0.134452 0.598958 0.264021 0.779762
0 0.913504 0.349423 0.168527 0.625558
2 0.275321 0.354911 0.50293 0.709821
3 0.295968 0.338542 0.529715 0.677083
3 0.986328 0.591146 0.0273438 0.173363
0 0.414342 0.414156 0.155134 0.469308
3 0.973214 0.557292 0.0390625 0.164435
2 0.125035 0.34375 0.235979 0.6875
0 0.199254 0.341518 0.27281 0.645833
0 0.544085 0.333333 0.194196 0.56622
1 0.879464 0.314081 0.22433 0.615885
3 0.378836 0.333705 0.389648 0.616071
0 0.085519 0.462054 0.171038 0.790179
0 0.2357 0.523158 0.443778 0.599516
1 0.206473 0.377604 0.412946 0.755208
0 0.406948 0.313709 0.210658 0.56901
3 0.987165 0.592634 0.0256696 0.111607
0 0.466378 0.406901 0.126395 0.476376
