3 0.978795 0.576265 0.0368303 0.130208
1 0.208845 0.569382 0.14202 0.340402
0 0.304967 0.348772 0.452567 0.695313
0 0.400391 0.3351 0.338728 0.603609
0 0.243304 0.429874 0.316406 0.634301
0 0.210519 0.551339 0.168806 0.382441
0 0.444196 0.351935 0.167411 0.563988
2 0.213728 0.547247 0.164063 0.393601
1 0.444196 0.351935 0.167411 0.563988
1 0.404018 0.334542 0.360491 0.609189
2 0.979353 0.575893 0.0379464 0.12872
1 0.217634 0.549851 0.174665 0.446429
1 0.246373 0.42792 0.310826 0.6516
0 0.486049 0.332961 0.270089 0.61756
1 0.979353 0.575893 0.0379464 0.12872
0 0.979353 0.575893 0.0379464 0.12872
0 0.499163 0.331566 0.453683 0.659784
1 0.305455 0.350074 0.483956 0.700149
1 0.193917 0.579613 0.228237 0.360119
3 0.978516 0.582961 0.0429688 0.190476
0 0.221819 0.488746 0.204799 0.544829
3 0.973772 0.558036 0.0379464 0.154018
1 0.241839 0.571243 0.142439 0.347098
2 0.400391 0.3351 0.338728 0.603609
3 0.208845 0.569382 0.14202 0.340402
1 0.188825 0.573661 0.124581 0.293155
2 0.977121 0.572917 0.0446428 0.205357
2 0.246373 0.42792 0.310826 0.6516
2 0.305455 0.350074 0.483956 0.700149
0 0.313337 0.397135 0.308594 0.592634
2 0.221749 0.593192 0.134626 0.288318
0 0.90625 0.34561 0.179688 0.631696
0 0.225446 0.386719 0.418527 0.741444
3 0.305455 0.350074 0.483956 0.700149
2 0.221819 0.488746 0.204799 0.544829
0 0.419922 0.413318 0.137835 0.469494
0 0.545061 0.333054 0.206752 0.573475
1 0.977121 0.572917 0.0446428 0.205357
0 0.410993 0.314081 0.204799 0.569754
1 0.419922 0.413318 0.137835 0.469494
1 0.177595 0.488188 0.191127 0.548921
3 0.400391 0.3351 0.338728 0.603609
0 0.580357 0.35333 0.38058 0.6609
1 0.243652 0.573661 0.103097 0.279762
1 0.90625 0.34561 0.179688 0.631696
1 0.486049 0.332961 0.270089 0.61756
2 0.203823 0.557106 0.134766 0.292039
0 0.383371 0.36542 0.198103 0.559338
