1 0.66183 0.569382 0.165179 0.765997
0 0.665179 0.598028 0.191964 0.765253
2 0.656808 0.522786 0.155134 0.665737
1 0.655692 0.462147 0.149554 0.548921
0 0.643415 0.517206 0.179688 0.679874
0 0.679688 0.663876 0.265625 0.666295
1 0.652344 0.603144 0.242188 0.760975
3 0.656808 0.522786 0.155134 0.665737
2 0.665737 0.59747 0.196429 0.773809
0 0.65625 0.431827 0.147321 0.553013
0 0.638393 0.659598 0.136161 0.625744
0 0.532924 0.485584 0.391741 0.731213
3 0.665737 0.59747 0.196429 0.773809
0 0.56529 0.552827 0.25 0.705357
