0 0.584124 0.555246 0.20452 0.696057
1 0.585379 0.554501 0.202009 0.703497
0 0.509487 0.530692 0.236607 0.718378
3 0.364955 0.52567 0.0401786 0.126488
0 0.572545 0.65439 0.167411 0.619792
1 0.369141 0.612723 0.119978 0.625744
0 0.369699 0.614304 0.132254 0.622582
0 0.495815 0.494234 0.367746 0.746652
3 0.364955 0.52381 0.0558036 0.247024
3 0.368862 0.5 0.0390625 0.0610119
0 0.512835 0.598121 0.183036 0.669829
1 0.600446 0.645089 0.167411 0.614583
3 0.365234 0.578311 0.116071 0.569569
3 0.368862 0.561756 0.046875 0.221726
0 0.391183 0.562314 0.154018 0.577753
3 0.36077 0.494792 0.0345982 0.0647321
3 0.370257 0.526786 0.0680804 0.342262
1 0.349888 0.663877 0.108817 0.585938
3 0.370257 0.520461 0.0479911 0.0848214
2 0.579799 0.592076 0.204241 0.717634
1 0.390904 0.562314 0.138393 0.604539
3 0.390904 0.562314 0.138393 0.604539
3 0.369141 0.501116 0.0385045 0.145089
0 0.564174 0.463077 0.203125 0.576823
3 0.36077 0.497768 0.0351562 0.119048
0 0.349888 0.663877 0.108817 0.585938
1 0.509487 0.530692 0.236607 0.718378
1 0.364955 0.52381 0.0558036 0.247024
1 0.364955 0.52567 0.0401786 0.126488
3 0.582031 0.553757 0.217634 0.699033
3 0.366071 0.610491 0.0697545 0.475446
2 0.369141 0.612723 0.119978 0.625744
1 0.368862 0.562872 0.0647321 0.420387
0 0.341518 0.676897 0.185826 0.634301
1 0.36356 0.675223 0.164063 0.59747
1 0.357422 0.619048 0.078683 0.491071
3 0.367188 0.606027 0.0513393 0.265625
2 0.556362 0.515811 0.277902 0.703497
0 0.607143 0.460193 0.178571 0.563244
1 0.361886 0.569568 0.0491071 0.213542
0 0.488002 0.417132 0.257254 0.66276
0 0.364955 0.52381 0.0558036 0.247024
