3 0.426618 0.465774 0.046317 0.114583
1 0.0175781 0.697917 0.0320871 0.511905
0 0.0178571 0.676339 0.0330636 0.508929
3 0.491908 0.47247 0.0385045 0.0825893
3 0.430246 0.46503 0.0814732 0.13244
1 0.0195312 0.5984 0.0322266 0.487723
0 0.432757 0.462798 0.061942 0.127976
3 0.431641 0.467634 0.0658482 0.18006
2 0.0183454 0.641555 0.0327846 0.487723
1 0.0177874 0.669643 0.0297154 0.285714
3 0.501256 0.472098 0.0287388 0.09375
1 0.429688 0.46503 0.046875 0.119048
3 0.482701 0.486607 0.0401786 0.10119
3 0.499023 0.473958 0.0488281 0.143601
3 0.415179 0.479911 0.0284598 0.0870536
3 0.493304 0.460566 0.03125 0.0729167
0 0.0252511 0.703869 0.0464565 0.532738
2 0.0182757 0.638393 0.0304129 0.264881
3 0.443638 0.470982 0.0920759 0.201637
0 0.0177874 0.669643 0.0297154 0.285714
0 0.0297852 0.592355 0.0556641 0.645647
3 0.505999 0.457961 0.0270647 0.0721726
3 0.0183454 0.641555 0.0327846 0.487723
3 0.50558 0.457961 0.0357143 0.0870536
3 0.441964 0.479539 0.046317 0.0967262
3 0.482422 0.486979 0.0597098 0.139881
0 0.426897 0.463542 0.0440848 0.116071
3 0.408203 0.472098 0.031808 0.0870536
1 0.0252511 0.703869 0.0464565 0.532738
2 0.429688 0.46503 0.046875 0.119048
3 0.489537 0.461682 0.0544085 0.124256
3 0.0149275 0.626302 0.0253906 0.242932
1 0.0184152 0.598586 0.0288783 0.252232
1 0.023856 0.495908 0.0404576 0.56622
3 0.508789 0.457961 0.0661273 0.186012
1 0.0297852 0.592355 0.0556641 0.645647
3 0.503348 0.49628 0.032366 0.127232
0 0.0216239 0.546503 0.0355748 0.518601
1 0.430246 0.46503 0.0814732 0.13244
