3 0.490792 0.479911 0.0452009 0.104167
3 0.156948 0.495536 0.0281808 0.0714286
3 0.48019 0.479539 0.0362723 0.0840774
1 0.489397 0.473958 0.0502233 0.101935
0 0.492188 0.479539 0.0535714 0.0989583
3 0.164481 0.510417 0.0259487 0.0833333
1 0.157087 0.499256 0.0323661 0.0796131
3 0.165179 0.488095 0.0270647 0.0863095
0 0.157087 0.499256 0.0323661 0.0796131
3 0.503348 0.468378 0.047991 0.0989584
2 0.489397 0.473958 0.0502233 0.101935
3 0.164481 0.509301 0.0348772 0.131696
1 0.154855 0.491443 0.0256696 0.0677083
0 0.154855 0.491443 0.0256696 0.0677083
3 0.483677 0.473214 0.0884487 0.138393
2 0.157087 0.499256 0.0323661 0.0796131
