1 0.290179 0.546131 0.149554 0.425595
3 0.979353 0.576637 0.0368304 0.129464
0 0.424665 0.342913 0.291295 0.613281
2 0.219866 0.530134 0.0608259 0.302827
2 0.289342 0.547247 0.146763 0.438244
0 0.40897 0.324777 0.463309 0.644345
1 0.219866 0.530134 0.0608259 0.302827
1 0.264509 0.566778 0.151786 0.488467
2 0.251325 0.530506 0.120675 0.447917
0 0.44308 0.354818 0.172991 0.565662
0 0.223493 0.534784 0.0675223 0.357515
0 0.251325 0.530506 0.120675 0.447917
0 0.288783 0.549107 0.145647 0.433036
2 0.979353 0.576265 0.0379464 0.12872
0 0.217076 0.498233 0.0970982 0.47526
1 0.44308 0.354818 0.172991 0.565662
0 0.219866 0.520461 0.0541295 0.255208
1 0.979353 0.576265 0.0379464 0.12872
1 0.306641 0.566034 0.215402 0.50186
0 0.486468 0.335193 0.281529 0.624256
1 0.425223 0.340774 0.301339 0.618304
2 0.21875 0.537202 0.0982143 0.348214
1 0.386998 0.499907 0.171317 0.385603
0 0.423828 0.425316 0.191406 0.460379
0 0.979353 0.576265 0.0379464 0.12872
0 0.281738 0.552827 0.212193 0.467262
1 0.421596 0.464751 0.128348 0.369606
2 0.218262 0.541667 0.0484096 0.227679
1 0.423828 0.425316 0.191406 0.460379
1 0.403181 0.322545 0.488281 0.645089
3 0.979074 0.584077 0.0418527 0.192708
0 0.277483 0.313244 0.45173 0.626488
3 0.219866 0.530134 0.0608259 0.302827
3 0.288783 0.549107 0.145647 0.433036
0 0.348424 0.392113 0.386858 0.571429
2 0.315848 0.53683 0.139509 0.398065
1 0.361049 0.526042 0.124442 0.340774
0 0.377232 0.330078 0.211496 0.563058
3 0.97433 0.55692 0.0379464 0.160714
0 0.386998 0.499907 0.171317 0.385603
0 0.421596 0.464751 0.128348 0.369606
0 0.205078 0.599702 0.188616 0.497024
1 0.21875 0.537202 0.0982143 0.348214
1 0.381975 0.500186 0.285156 0.425223
2 0.979074 0.584077 0.0418527 0.192708
1 0.271833 0.522042 0.220843 0.47526
1 0.325335 0.508464 0.126116 0.401228
2 0.425223 0.340774 0.301339 0.618304
1 0.233259 0.584821 0.0870536 0.409226
0 0.315848 0.53683 0.139509 0.398065
2 0.233259 0.584821 0.0870536 0.409226
1 0.283482 0.563988 0.138393 0.294643
0 0.254395 0.412202 0.195452 0.50372
2 0.217634 0.526414 0.0446429 0.157738
0 0.216239 0.401042 0.132813 0.521577
2 0.403181 0.322545 0.488281 0.645089
1 0.218262 0.541667 0.0484096 0.227679
0 0.381975 0.500186 0.285156 0.425223
1 0.319754 0.558036 0.118304 0.269345
2 0.281738 0.552827 0.212193 0.467262
0 0.544503 0.335286 0.2101 0.576451
0 0.188546 0.614211 0.295898 0.542411
1 0.878348 0.34375 0.21317 0.634673
1 0.377232 0.374163 0.169085 0.516555
0 0.878348 0.34375 0.21317 0.634673
3 0.251325 0.530506 0.120675 0.447917
3 0.403181 0.322545 0.488281 0.645089
2 0.220424 0.555432 0.0457589 0.143601
0 0.580497 0.332217 0.452846 0.664435
0 0.523298 0.735119 0.399833 0.49256
0 0.184152 0.471354 0.258929 0.521577
0 0.361049 0.526042 0.124442 0.340774
