1 0.0429339 0.548177 0.082659 0.510789
3 0.978237 0.577753 0.0379464 0.127232
0 0.322893 0.33324 0.542829 0.665365
0 0.393415 0.334914 0.344866 0.603981
1 0.398019 0.334077 0.360212 0.607143
0 0.443638 0.353795 0.169643 0.560268
0 0.0435965 0.547154 0.0824498 0.506882
2 0.978795 0.576637 0.0390625 0.127232
1 0.443638 0.353795 0.169643 0.560268
1 0.978795 0.577381 0.0379465 0.12128
2 0.0423758 0.537202 0.0798689 0.473214
0 0.484933 0.335565 0.262277 0.613095
3 0.978237 0.582961 0.0435267 0.171131
0 0.978795 0.576637 0.0390625 0.127232
0 0.0565709 0.49907 0.113142 0.614955
1 0.311593 0.33631 0.48284 0.672619
0 0.497349 0.330822 0.45173 0.661272
1 0.0441197 0.535342 0.074149 0.304315
2 0.976562 0.573289 0.0435267 0.186756
1 0.0447824 0.665551 0.0772879 0.421875
2 0.398019 0.334077 0.360212 0.607143
3 0.0438058 0.541388 0.0806362 0.476749
1 0.976562 0.573289 0.0435267 0.186756
2 0.322266 0.332217 0.554129 0.664435
3 0.973214 0.559524 0.0379464 0.146577
3 0.373605 0.333426 0.413505 0.630766
1 0.0535714 0.50093 0.107143 0.620164
0 0.419364 0.413039 0.140625 0.4641
0 0.408622 0.313244 0.202846 0.564732
0 0.194894 0.51609 0.169364 0.44401
1 0.90904 0.34747 0.175223 0.623512
1 0.419364 0.413039 0.140625 0.4641
3 0.232073 0.565848 0.039202 0.102679
0 0.333984 0.363839 0.243862 0.584821
0 0.90904 0.34747 0.175223 0.623512
0 0.544782 0.33417 0.192801 0.572731
0 0.976562 0.573289 0.0435267 0.186756
1 0.070173 0.686756 0.128069 0.465774
0 0.380301 0.364583 0.212612 0.55878
