0 0.353864 0.598586 0.319057 0.776042
3 0.978795 0.580729 0.0379465 0.122768
0 0.379325 0.337426 0.489118 0.65997
1 0.358189 0.5984 0.305943 0.776414
0 0.422991 0.355655 0.329241 0.662202
2 0.979353 0.580357 0.0390625 0.123512
1 0.979353 0.580357 0.0390625 0.123512
3 0.978795 0.58631 0.0424107 0.162202
0 0.368025 0.455078 0.280692 0.650856
0 0.979353 0.580357 0.0390625 0.123512
1 0.371861 0.386719 0.401367 0.738467
0 0.468192 0.333333 0.208705 0.595238
2 0.359375 0.598958 0.313616 0.779762
0 0.289621 0.608259 0.285714 0.695685
1 0.350446 0.458798 0.269531 0.652344
0 0.285645 0.673363 0.385184 0.653274
3 0.359375 0.598958 0.313616 0.779762
0 0.494141 0.346447 0.369978 0.644903
0 0.346261 0.349795 0.241629 0.629278
2 0.977121 0.576637 0.0435267 0.19122
1 0.977121 0.576637 0.0435267 0.19122
2 0.345773 0.337519 0.483677 0.670201
1 0.390625 0.648996 0.21875 0.648438
3 0.986049 0.591518 0.0279017 0.175595
0 0.293876 0.380208 0.378767 0.729167
3 0.973772 0.558036 0.0390625 0.153274
3 0.375837 0.335566 0.505022 0.664435
0 0.390625 0.648996 0.21875 0.648438
0 0.438477 0.4242 0.20452 0.577195
1 0.466797 0.363188 0.164621 0.569754
1 0.36942 0.344866 0.257813 0.631696
0 0.46875 0.413597 0.127232 0.516555
0 0.220982 0.540551 0.143973 0.494792
3 0.213797 0.567708 0.0400391 0.145089
