0 0.899554 0.601749 0.195312 0.781622
0 0.873884 0.345331 0.241071 0.667969
0 0.307966 0.33631 0.463309 0.668899
0 0.855469 0.59189 0.289062 0.786458
0 0.832589 0.394531 0.330357 0.767485
0 0.773158 0.446429 0.453683 0.818452
0 0.438895 0.336961 0.201451 0.611793
0 0.775112 0.6024 0.395089 0.747582
1 0.374093 0.3351 0.367885 0.628906
1 0.909598 0.603795 0.178571 0.768601
0 0.762277 0.342262 0.309152 0.639881
0 0.423968 0.335286 0.328404 0.640439
1 0.439314 0.352307 0.177176 0.587798
1 0.316825 0.332589 0.535993 0.665179
1 0.855469 0.59189 0.289062 0.786458
1 0.873884 0.34375 0.251116 0.672619
2 0.910156 0.653646 0.179688 0.680804
2 0.308803 0.337054 0.483956 0.674107
3 0.234933 0.570312 0.0418527 0.103423
2 0.873884 0.34375 0.251116 0.672619
3 0.308803 0.337054 0.483956 0.674107
0 0.499442 0.350539 0.256696 0.603981
3 0.873884 0.34375 0.251116 0.672619
2 0.855469 0.59189 0.289062 0.786458
3 0.888393 0.603423 0.223214 0.779762
0 0.440569 0.402158 0.162388 0.523066
0 0.823103 0.349981 0.247768 0.654204
0 0.866629 0.653832 0.19308 0.656622
0 0.926897 0.678571 0.143973 0.623512
3 0.212891 0.572917 0.0368304 0.0974702
3 0.236677 0.567708 0.0684989 0.1875
0 0.337612 0.359375 0.257254 0.58631
