3 0.978795 0.578125 0.0379465 0.127232
0 0.820871 0.554408 0.229911 0.603981
1 0.819196 0.568731 0.231027 0.652716
0 0.391044 0.332682 0.356306 0.608445
0 0.3268 0.331566 0.542829 0.656808
0 0.442662 0.353795 0.169364 0.560268
1 0.394741 0.331566 0.372349 0.610677
2 0.978795 0.577753 0.0390625 0.127976
1 0.978795 0.577753 0.0390625 0.125744
1 0.821987 0.666295 0.262277 0.53497
1 0.442662 0.353795 0.169364 0.560268
0 0.978795 0.577753 0.0390625 0.125744
0 0.483817 0.335938 0.265625 0.608631
0 0.84096 0.417318 0.247768 0.631138
0 0.87221 0.350353 0.220982 0.616257
3 0.9774 0.585193 0.0452008 0.197917
0 0.821987 0.666295 0.262277 0.53497
2 0.820871 0.556827 0.24442 0.608073
1 0.326521 0.329241 0.5512 0.657738
3 0.820871 0.556827 0.24442 0.608073
1 0.87221 0.350353 0.220982 0.616257
2 0.391044 0.332682 0.356306 0.608445
0 0.495954 0.331473 0.461217 0.662946
2 0.326521 0.329241 0.5512 0.657738
1 0.977679 0.572173 0.0435268 0.190476
2 0.977679 0.572173 0.0435268 0.190476
3 0.371791 0.331194 0.423828 0.629278
0 0.787388 0.506417 0.309152 0.637463
0 0.418806 0.414528 0.143415 0.461123
0 0.837612 0.325614 0.324777 0.632999
3 0.97433 0.556548 0.0345983 0.164435
3 0.211496 0.572173 0.0301339 0.09375
3 0.230259 0.56622 0.0405971 0.10119
0 0.409598 0.31436 0.209821 0.568452
3 0.986328 0.591146 0.0273438 0.18378
