2 0.0915179 0.476191 0.0870536 0.294643
2 0.0898786 0.526321 0.100377 0.448847
0 0.0814732 0.652065 0.126674 0.686942
3 0.495675 0.449777 0.0510603 0.118304
0 0.0898438 0.52939 0.101562 0.40997
1 0.0824149 0.651693 0.124791 0.689174
1 0.0898438 0.52939 0.101562 0.40997
3 0.093192 0.467262 0.0853795 0.274554
3 0.498465 0.482515 0.0968192 0.299851
3 0.0898786 0.526321 0.100377 0.448847
1 0.0915179 0.476191 0.0870536 0.294643
2 0.0835658 0.645647 0.126116 0.678943
3 0.492746 0.494048 0.0345982 0.169643
3 0.474051 0.470982 0.0401785 0.10119
1 0.498465 0.482515 0.0968192 0.299851
0 0.498465 0.482515 0.0968192 0.299851
0 0.0915179 0.476191 0.0870536 0.294643
2 0.0782645 0.454613 0.0736607 0.244792
3 0.0814732 0.652065 0.126674 0.686942
0 0.109375 0.670201 0.21875 0.656622
0 0.497489 0.449777 0.0552455 0.122024
3 0.473912 0.468378 0.0655692 0.173363
1 0.497489 0.449777 0.0552455 0.122024
3 0.502232 0.505208 0.0390625 0.200149
