2 0.632254 0.498512 0.137277 0.502976
0 0.636719 0.590402 0.159598 0.664435
0 0.631696 0.50958 0.136161 0.50465
1 0.632254 0.498512 0.138393 0.485119
3 0.632812 0.483352 0.131696 0.433594
1 0.636719 0.590402 0.159598 0.664435
2 0.638951 0.504464 0.116071 0.279762
0 0.630022 0.69122 0.141741 0.583333
2 0.636719 0.590402 0.159598 0.664435
0 0.655134 0.613746 0.235491 0.675781
2 0.647321 0.410063 0.139509 0.545945
2 0.616071 0.450428 0.126116 0.381882
2 0.63058 0.446057 0.123884 0.304315
0 0.643973 0.424293 0.172991 0.538318
1 0.633371 0.502976 0.125 0.284226
1 0.65625 0.465123 0.219866 0.50279
2 0.614397 0.479911 0.0926339 0.28125
1 0.621094 0.49721 0.216518 0.511533
