0 0.684152 0.594866 0.301339 0.770089
0 0.620117 0.390997 0.393694 0.770089
0 0.693638 0.343006 0.24442 0.664435
1 0.698103 0.59933 0.266741 0.77753
0 0.717076 0.65067 0.210938 0.651042
1 0.693638 0.343006 0.24442 0.664435
1 0.604911 0.447545 0.414062 0.799851
1 0.635184 0.333984 0.42606 0.654948
2 0.679688 0.596168 0.311384 0.774926
0 0.574777 0.524368 0.396205 0.748884
0 0.639509 0.669271 0.283482 0.627232
3 0.679688 0.596168 0.311384 0.774926
0 0.576451 0.616071 0.309152 0.693452
2 0.619978 0.390439 0.425223 0.77567
0 0.55971 0.324033 0.339286 0.639881
3 0.619978 0.390439 0.425223 0.77567
2 0.668527 0.342262 0.310268 0.684524
0 0.637835 0.341146 0.233259 0.620536
3 0.668527 0.342262 0.310268 0.684524
