0 0.508371 0.604539 0.25558 0.781994
3 0.979353 0.578125 0.0379464 0.129464
0 0.482143 0.449777 0.247768 0.780506
0 0.305246 0.334449 0.5 0.668899
0 0.380301 0.36756 0.400112 0.644345
1 0.499163 0.602121 0.231585 0.777902
1 0.481027 0.453497 0.252232 0.781994
2 0.979911 0.577753 0.0379464 0.127976
1 0.979911 0.577753 0.0379464 0.127976
0 0.979911 0.577753 0.0379464 0.127976
0 0.564872 0.61849 0.39481 0.763021
0 0.410714 0.439174 0.243304 0.538318
3 0.978795 0.584449 0.0424107 0.176339
0 0.465123 0.34747 0.332031 0.612351
2 0.499163 0.602121 0.231585 0.777902
2 0.481027 0.453497 0.252232 0.781994
0 0.495536 0.684152 0.208705 0.616816
0 0.418527 0.515067 0.171875 0.517485
1 0.30671 0.332961 0.527204 0.665923
3 0.499163 0.602121 0.231585 0.777902
3 0.481027 0.453497 0.252232 0.781994
0 0.409877 0.524182 0.0887277 0.426339
1 0.382464 0.368955 0.400251 0.637091
3 0.973772 0.55692 0.0390625 0.157738
2 0.978795 0.584449 0.0424107 0.176339
0 0.398089 0.703497 0.434849 0.593006
3 0.228795 0.56622 0.0390625 0.100446
0 0.423828 0.614955 0.227121 0.564732
1 0.409877 0.524182 0.0887277 0.426339
3 0.214844 0.532366 0.0345982 0.149554
3 0.213937 0.570685 0.0297154 0.0959821
1 0.977121 0.574405 0.0446428 0.199405
1 0.409877 0.522693 0.0585938 0.219494
0 0.457171 0.663504 0.136998 0.601562
3 0.986049 0.591146 0.0279017 0.190476
1 0.381417 0.526042 0.0552455 0.204613
0 0.409877 0.522693 0.0585938 0.219494
2 0.30671 0.332961 0.527204 0.665923
3 0.230748 0.563616 0.063058 0.186756
1 0.410714 0.439174 0.243304 0.538318
3 0.381417 0.526042 0.0552455 0.204613
3 0.224121 0.532738 0.0433873 0.15253
1 0.38058 0.524926 0.0770089 0.323661
0 0.907366 0.34561 0.183036 0.635417
0 0.4149 0.436384 0.146763 0.508185
1 0.907366 0.34561 0.183036 0.635417
3 0.30671 0.332961 0.527204 0.665923
3 0.223005 0.574777 0.0322266 0.0930059
