3 0.978795 0.576637 0.0379465 0.130952
1 0.691406 0.552269 0.137277 0.353795
0 0.394671 0.334356 0.355748 0.608073
0 0.329171 0.334821 0.53697 0.666667
2 0.691406 0.553571 0.136161 0.35119
1 0.398507 0.333333 0.37486 0.612351
2 0.978795 0.576265 0.0379465 0.12872
0 0.443638 0.353423 0.164063 0.560268
1 0.443638 0.353423 0.164063 0.560268
1 0.978795 0.575893 0.0390625 0.130208
1 0.699219 0.575335 0.190848 0.441592
0 0.978795 0.575893 0.0390625 0.130208
0 0.48298 0.333333 0.266183 0.613839
1 0.321429 0.337054 0.477679 0.674107
3 0.978516 0.582217 0.0429688 0.1875
2 0.394671 0.334356 0.355748 0.608073
3 0.691406 0.553013 0.137277 0.355283
0 0.691964 0.554129 0.136161 0.351562
0 0.491769 0.329985 0.445034 0.65997
2 0.977121 0.572173 0.0446428 0.200893
1 0.668527 0.545201 0.191964 0.421503
3 0.973772 0.558408 0.0379464 0.155506
3 0.374581 0.332589 0.418248 0.631696
2 0.329032 0.333147 0.550642 0.666295
1 0.90904 0.350446 0.176339 0.623512
0 0.419922 0.412946 0.134487 0.462798
1 0.977121 0.572173 0.0446428 0.200893
1 0.419922 0.412946 0.134487 0.462798
0 0.90904 0.350446 0.176339 0.623512
0 0.33252 0.363095 0.247907 0.589286
0 0.411272 0.314732 0.206473 0.565476
2 0.699219 0.575335 0.190848 0.441592
1 0.4149 0.395833 0.205915 0.468006
0 0.578683 0.364955 0.363839 0.625744
0 0.381138 0.364118 0.21317 0.558966
