3 0.192243 0.476191 0.0429688 0.113839
3 0.623884 0.458705 0.0491071 0.113839
3 0.190778 0.491443 0.0503627 0.194196
3 0.626674 0.471354 0.0691964 0.223958
1 0.626674 0.471354 0.0691964 0.223958
0 0.626674 0.471354 0.0691964 0.223958
1 0.192243 0.475818 0.0440848 0.113839
1 0.191057 0.484003 0.0486886 0.15997
3 0.187081 0.491071 0.0345982 0.0997024
0 0.190778 0.491443 0.0503627 0.194196
1 0.623884 0.458705 0.0513393 0.118304
3 0.637835 0.452009 0.046875 0.103423
0 0.623884 0.458705 0.0513393 0.118304
0 0.19329 0.469494 0.0436663 0.115327
3 0.189593 0.459821 0.0376674 0.0989583
0 0.200823 0.672247 0.10505 0.603423
3 0.615513 0.448289 0.0412946 0.0900298
2 0.626674 0.471354 0.0691964 0.223958
3 0.637277 0.450149 0.0535714 0.139881
3 0.201869 0.449405 0.0354353 0.0907738
0 0.631696 0.702195 0.114955 0.55692
2 0.192243 0.475818 0.0440848 0.113839
2 0.191057 0.484003 0.0486886 0.15997
3 0.622768 0.479911 0.0524553 0.111607
0 0.196708 0.684338 0.164063 0.604539
3 0.188337 0.502976 0.0753348 0.202381
2 0.623884 0.458705 0.0513393 0.118304
3 0.193429 0.539993 0.0634766 0.360491
3 0.614955 0.446801 0.0602678 0.133185
3 0.188895 0.539062 0.0340402 0.195685
0 0.648438 0.681362 0.16183 0.634301
1 0.628906 0.687872 0.102679 0.551339
0 0.196638 0.618304 0.0598493 0.501488
