1 0.954799 0.54269 0.0904017 0.544085
0 0.320033 0.330822 0.541853 0.656808
0 0.389439 0.333798 0.358398 0.613653
0 0.442801 0.353423 0.171317 0.569941
1 0.393066 0.332589 0.375698 0.61756
2 0.953125 0.536644 0.0915178 0.545759
1 0.320522 0.328125 0.547573 0.65625
1 0.442801 0.353423 0.171317 0.569941
0 0.952009 0.545852 0.0904017 0.573475
0 0.48577 0.335565 0.261719 0.619048
1 0.954241 0.656994 0.078125 0.416667
0 0.492885 0.333333 0.440569 0.666667
2 0.389439 0.333798 0.358398 0.613653
2 0.320522 0.328125 0.547573 0.65625
3 0.952009 0.545852 0.0904017 0.573475
3 0.229632 0.568452 0.0407366 0.100446
1 0.940848 0.668899 0.100446 0.479167
3 0.320522 0.328125 0.547573 0.65625
3 0.213658 0.575149 0.0308315 0.0907738
0 0.419085 0.411737 0.150112 0.475632
3 0.230957 0.565476 0.0637556 0.172619
0 0.544503 0.334449 0.195592 0.575149
0 0.337054 0.3617 0.252232 0.577195
3 0.389439 0.333798 0.358398 0.613653
3 0.226283 0.532366 0.047433 0.165923
0 0.411133 0.314732 0.205636 0.569941
3 0.213518 0.53497 0.0361328 0.150298
3 0.213728 0.571801 0.0491071 0.140625
