3 0.978795 0.578125 0.0368303 0.126488
0 0.611607 0.564918 0.169643 0.694568
1 0.614955 0.571522 0.170759 0.742374
0 0.402065 0.332496 0.354353 0.601377
0 0.321847 0.333519 0.552734 0.667039
0 0.572405 0.545294 0.268136 0.680246
1 0.403878 0.331845 0.377511 0.610119
2 0.979353 0.577381 0.0379464 0.127232
0 0.443638 0.356492 0.147321 0.556362
1 0.979353 0.578125 0.0368304 0.122024
0 0.503348 0.375 0.277902 0.613839
0 0.541295 0.461682 0.238839 0.639137
0 0.616629 0.65811 0.202009 0.612351
1 0.443638 0.356492 0.147321 0.556362
0 0.979353 0.577381 0.0379464 0.127232
3 0.978795 0.583705 0.0424107 0.173363
0 0.464565 0.390997 0.22154 0.538691
1 0.585938 0.603609 0.262277 0.712426
2 0.612165 0.563988 0.170759 0.703869
1 0.371931 0.327381 0.547433 0.651786
0 0.50279 0.422712 0.194196 0.553385
0 0.49135 0.337426 0.431362 0.624256
2 0.402065 0.332496 0.354353 0.601377
0 0.469587 0.409598 0.152344 0.500744
1 0.635603 0.643043 0.146205 0.565104
2 0.978795 0.583705 0.0424107 0.173363
3 0.376116 0.331566 0.44308 0.63151
3 0.611607 0.564918 0.169643 0.694568
1 0.469587 0.409598 0.152344 0.500744
3 0.973772 0.55878 0.0390625 0.154018
1 0.550084 0.46224 0.225725 0.638021
0 0.560826 0.676897 0.273438 0.59561
1 0.464565 0.390997 0.22154 0.538691
0 0.41769 0.416295 0.116629 0.438244
1 0.977679 0.574033 0.0446428 0.195684
2 0.371931 0.327381 0.547433 0.651786
3 0.449916 0.341053 0.318917 0.603609
0 0.483817 0.623698 0.383929 0.535342
1 0.506696 0.377976 0.226563 0.584821
3 0.232422 0.56436 0.0412946 0.107887
0 0.594308 0.45452 0.172991 0.518043
0 0.460658 0.720238 0.454799 0.517857
1 0.634487 0.667039 0.220982 0.549851
1 0.41769 0.416295 0.116629 0.438244
