0 0.13773 0.59933 0.254674 0.787946
0 0.121931 0.342448 0.243862 0.684896
0 0.153983 0.451637 0.282436 0.821429
1 0.136405 0.600446 0.25565 0.787202
0 0.20459 0.607887 0.345285 0.775298
0 0.205357 0.406622 0.331473 0.744792
0 0.171805 0.350818 0.233398 0.653274
1 0.12793 0.342634 0.255859 0.685268
2 0.136405 0.600446 0.25565 0.787202
1 0.152797 0.450335 0.279785 0.846354
3 0.136405 0.600446 0.25565 0.787202
0 0.132917 0.72061 0.228027 0.55878
0 0.0842634 0.33138 0.168527 0.655692
2 0.12793 0.342634 0.255859 0.685268
3 0.12793 0.342634 0.255859 0.685268
2 0.152797 0.450335 0.279785 0.846354
0 0.174037 0.653646 0.208845 0.661458
3 0.152797 0.450335 0.279785 0.846354
