3 0.486607 0.465774 0.122768 0.209077
2 0.490932 0.46875 0.133092 0.232143
3 0.489537 0.473958 0.131417 0.319941
0 0.509347 0.683036 0.139788 0.604167
0 0.491629 0.480655 0.140625 0.28125
1 0.490932 0.46875 0.133092 0.232143
1 0.509347 0.683036 0.139788 0.604167
3 0.466518 0.449777 0.0870536 0.196429
3 0.505999 0.494792 0.108538 0.199405
0 0.486607 0.465774 0.122768 0.209077
0 0.502232 0.512463 0.149554 0.378348
1 0.502232 0.512463 0.149554 0.378348
2 0.502232 0.512463 0.149554 0.378348
2 0.471959 0.460193 0.0996094 0.202381
3 0.524554 0.488095 0.0736608 0.156994
3 0.4774 0.473214 0.0753348 0.147321
3 0.527902 0.518973 0.0591518 0.140625
0 0.480469 0.674107 0.237723 0.644345
1 0.471959 0.460193 0.0996094 0.202381
3 0.503209 0.50865 0.140904 0.408296
3 0.524693 0.483631 0.104632 0.269345
3 0.458566 0.469122 0.115234 0.360119
