1 0.80692 0.548549 0.0859375 0.347842
3 0.979911 0.579613 0.0379464 0.127232
0 0.3893 0.33324 0.367606 0.613281
2 0.80692 0.545759 0.0859375 0.343006
0 0.327358 0.33231 0.537249 0.656808
1 0.392857 0.332217 0.383929 0.616816
2 0.979353 0.578869 0.0379464 0.126488
0 0.443359 0.354911 0.165737 0.559524
1 0.979911 0.578869 0.0379464 0.126488
0 0.808594 0.542783 0.0881696 0.34747
0 0.483259 0.334077 0.262277 0.607887
0 0.979911 0.578869 0.0379464 0.126488
1 0.443359 0.354911 0.165737 0.559524
1 0.318011 0.332589 0.451032 0.665179
3 0.978795 0.583333 0.0424107 0.174851
3 0.80692 0.545759 0.0859375 0.343006
0 0.49163 0.329985 0.444196 0.65997
2 0.37207 0.33231 0.425502 0.630022
3 0.228446 0.565848 0.0431082 0.108631
3 0.37207 0.33231 0.425502 0.630022
1 0.978237 0.573289 0.0435267 0.196429
3 0.214007 0.571801 0.03125 0.0997024
3 0.23019 0.563244 0.0647321 0.19122
3 0.224888 0.530878 0.0502232 0.174851
0 0.336217 0.360119 0.258929 0.58631
2 0.978795 0.583333 0.0424107 0.174851
0 0.417132 0.412574 0.145089 0.46875
3 0.214565 0.533854 0.0357143 0.161458
3 0.986328 0.590402 0.0273438 0.174107
0 0.885603 0.351935 0.206473 0.617559
0 0.545061 0.333333 0.185547 0.559524
0 0.40918 0.314732 0.208426 0.566964
3 0.213937 0.569196 0.0475726 0.157738
0 0.217634 0.519717 0.123326 0.362351
0 0.466378 0.405785 0.127511 0.471168
2 0.435686 0.332124 0.284877 0.596168
