3 0.509347 0.468378 0.0996094 0.236607
2 0.509347 0.463542 0.118583 0.273066
3 0.515485 0.475074 0.108538 0.332589
1 0.509487 0.464286 0.11942 0.270833
0 0.516881 0.672991 0.124721 0.603423
0 0.515206 0.476935 0.11356 0.302083
2 0.508789 0.461682 0.092913 0.224702
3 0.509487 0.407831 0.0959822 0.313802
1 0.516881 0.672991 0.124721 0.603423
2 0.523438 0.47247 0.0714286 0.21875
2 0.500977 0.476935 0.129743 0.382441
1 0.508789 0.461682 0.092913 0.224702
3 0.508371 0.412202 0.0747768 0.202381
3 0.474609 0.464658 0.0954241 0.238095
1 0.523438 0.47247 0.0714286 0.21875
1 0.500977 0.476935 0.129743 0.382441
0 0.50558 0.467262 0.106027 0.230655
3 0.474191 0.465774 0.135324 0.319196
3 0.521345 0.479167 0.0666852 0.151042
3 0.525809 0.495164 0.0789621 0.238839
0 0.52274 0.470238 0.0806362 0.25
3 0.515765 0.453125 0.0644531 0.146577
