3 0.544503 0.454613 0.0962612 0.219494
2 0.544643 0.455729 0.108259 0.239583
2 0.546317 0.453032 0.116071 0.385603
1 0.544643 0.455729 0.108259 0.239583
3 0.546317 0.453032 0.116071 0.385603
1 0.546317 0.453032 0.116071 0.385603
0 0.547433 0.453869 0.117188 0.334077
0 0.545061 0.449405 0.100725 0.224702
3 0.560268 0.46689 0.0837053 0.200149
3 0.544085 0.46689 0.0725447 0.145833
3 0.530692 0.439732 0.063616 0.151042
3 0.512277 0.440476 0.0591518 0.184524
0 0.546875 0.649926 0.197545 0.658482
3 0.546317 0.485863 0.0837054 0.197173
