3 0.979353 0.581473 0.0379464 0.126488
1 0.195731 0.563244 0.232422 0.706845
0 0.30392 0.354074 0.470285 0.699591
0 0.396066 0.335566 0.357422 0.607143
0 0.204241 0.547247 0.262277 0.697173
0 0.442801 0.354539 0.172433 0.563244
2 0.979353 0.580729 0.0390625 0.127976
1 0.398856 0.333705 0.380859 0.613839
1 0.979353 0.580729 0.0390625 0.127976
0 0.483956 0.33631 0.263114 0.615327
2 0.204729 0.541574 0.259068 0.7234
1 0.442801 0.354539 0.172433 0.563244
0 0.979353 0.580729 0.0390625 0.127976
1 0.307408 0.356306 0.47447 0.702567
3 0.977121 0.577381 0.0435267 0.186756
0 0.24721 0.496373 0.353795 0.757254
3 0.195173 0.56622 0.243025 0.709821
0 0.490653 0.331473 0.438337 0.662946
0 0.256138 0.544736 0.210379 0.629278
2 0.977121 0.577381 0.0435267 0.186756
1 0.977121 0.577381 0.0435267 0.186756
1 0.223284 0.667411 0.278878 0.565476
2 0.307408 0.356306 0.47447 0.702567
2 0.396066 0.335566 0.357422 0.607143
0 0.416574 0.41369 0.150112 0.469494
3 0.307408 0.356306 0.47447 0.702567
3 0.986049 0.591146 0.0279017 0.172619
1 0.264788 0.646205 0.103237 0.543899
0 0.544503 0.334356 0.195592 0.569382
0 0.408343 0.314453 0.200056 0.563058
0 0.909598 0.34375 0.176339 0.636905
0 0.229911 0.458612 0.249442 0.608073
0 0.300781 0.42048 0.353795 0.621838
1 0.258929 0.5625 0.151786 0.61756
3 0.396066 0.335566 0.357422 0.607143
1 0.416574 0.41369 0.150112 0.469494
0 0.195243 0.632441 0.208845 0.590774
0 0.464844 0.405134 0.133929 0.479911
0 0.150914 0.585286 0.223284 0.656808
