2 0.571987 0.432664 0.106027 0.322173
2 0.192243 0.456101 0.102679 0.215774
3 0.192313 0.453869 0.100865 0.214286
1 0.571987 0.43564 0.107143 0.322917
0 0.571987 0.43564 0.107143 0.322917
1 0.191616 0.454613 0.104492 0.217262
3 0.571987 0.43192 0.108259 0.322173
0 0.191197 0.46689 0.108677 0.266369
2 0.196987 0.446429 0.078683 0.155506
2 0.59375 0.432943 0.0848214 0.308222
3 0.209752 0.456845 0.0581752 0.139881
0 0.557478 0.638207 0.175223 0.640253
2 0.21296 0.440104 0.0562221 0.134673
0 0.194545 0.654762 0.182338 0.659226
2 0.602121 0.453125 0.0491072 0.24256
3 0.196987 0.446429 0.078683 0.155506
2 0.183245 0.46317 0.069894 0.154018
