1 0.669643 0.512463 0.149554 0.710194
2 0.668527 0.441592 0.149554 0.542411
0 0.682478 0.599237 0.172991 0.718192
0 0.668527 0.470889 0.152902 0.617746
1 0.693638 0.513951 0.118304 0.606027
2 0.65904 0.465309 0.19308 0.651228
0 0.63058 0.469029 0.265625 0.661644
0 0.71596 0.610863 0.267857 0.720238
1 0.63058 0.469029 0.265625 0.661644
1 0.679688 0.598679 0.184152 0.710379
3 0.668527 0.470889 0.152902 0.617746
0 0.693638 0.513951 0.118304 0.606027
0 0.541295 0.459263 0.390625 0.688616
0 0.666295 0.42327 0.231027 0.562686
2 0.693638 0.513951 0.118304 0.606027
0 0.723214 0.648066 0.139509 0.611607
1 0.666295 0.42327 0.231027 0.562686
0 0.662946 0.608445 0.13058 0.601562
0 0.560268 0.383185 0.3125 0.596726
2 0.682478 0.599237 0.172991 0.718192
0 0.534598 0.307664 0.44308 0.534226
