2 0.077846 0.464286 0.129743 0.316964
2 0.658482 0.424479 0.11942 0.372024
1 0.0767299 0.46131 0.136719 0.307292
0 0.0938895 0.647879 0.163783 0.68936
2 0.633371 0.415923 0.132812 0.354167
1 0.0797991 0.505115 0.137277 0.458519
0 0.080113 0.506789 0.138323 0.414993
1 0.648438 0.426339 0.143973 0.380208
1 0.0861816 0.65253 0.150181 0.671131
1 0.667411 0.425223 0.092634 0.375744
0 0.659598 0.424851 0.117188 0.342262
3 0.655134 0.421875 0.110491 0.358631
2 0.663504 0.454241 0.0837054 0.276786
0 0.628348 0.414807 0.167411 0.365327
2 0.611049 0.423828 0.198661 0.387463
3 0.077846 0.464286 0.129743 0.316964
0 0.0774275 0.458705 0.126953 0.28869
0 0.558594 0.473307 0.368304 0.601004
1 0.664062 0.488188 0.0837054 0.364397
1 0.608817 0.434617 0.252232 0.426897
0 0.124442 0.670945 0.248884 0.65811
1 0.669643 0.477958 0.114955 0.441406
0 0.602679 0.410621 0.265625 0.401972
2 0.669643 0.477958 0.114955 0.441406
2 0.0938895 0.647879 0.163783 0.68936
3 0.663504 0.488839 0.0736607 0.237351
2 0.0722656 0.50465 0.131975 0.46689
3 0.664062 0.488188 0.0837054 0.364397
1 0.558594 0.473307 0.368304 0.601004
2 0.642857 0.453125 0.0948661 0.268601
1 0.663504 0.488839 0.0736607 0.237351
1 0.609375 0.399182 0.178571 0.369048
1 0.671317 0.457589 0.0680804 0.272321
3 0.628348 0.414807 0.167411 0.365327
2 0.094308 0.462054 0.0987723 0.263393
2 0.574358 0.464286 0.317801 0.596726
0 0.664062 0.488188 0.0837054 0.364397
0 0.492606 0.478051 0.416574 0.68378
1 0.654018 0.405134 0.104911 0.297619
2 0.670201 0.402158 0.078125 0.285714
0 0.668527 0.478051 0.101562 0.473958
