3 0.978795 0.579241 0.0390625 0.127232
1 0.602121 0.551339 0.152902 0.458333
0 0.393415 0.333984 0.363839 0.610305
0 0.327567 0.331473 0.529018 0.662946
1 0.397321 0.332589 0.376116 0.615327
2 0.979353 0.578125 0.0401786 0.129464
1 0.570173 0.483538 0.153181 0.489769
0 0.597656 0.539993 0.148438 0.446801
1 0.979353 0.578125 0.0401786 0.129464
0 0.442801 0.357515 0.174665 0.566964
0 0.979353 0.578125 0.0401786 0.129464
1 0.442801 0.357515 0.174665 0.566964
2 0.608259 0.552455 0.159598 0.427827
1 0.580915 0.586868 0.210938 0.498884
1 0.327427 0.330357 0.543806 0.660714
0 0.570173 0.483538 0.153181 0.489769
0 0.496373 0.388021 0.246094 0.570685
1 0.539202 0.483724 0.280971 0.49535
0 0.4887 0.381231 0.359654 0.615513
2 0.397321 0.332589 0.376116 0.615327
3 0.602121 0.551339 0.152902 0.452381
1 0.469866 0.415086 0.147321 0.494234
0 0.539202 0.483724 0.280971 0.49535
3 0.215123 0.531622 0.0362723 0.162946
3 0.973772 0.558408 0.0401786 0.15253
3 0.2274 0.563244 0.0446429 0.113095
3 0.213658 0.569196 0.0313895 0.103423
3 0.374651 0.333798 0.439314 0.637463
1 0.612723 0.566406 0.141741 0.28683
2 0.327427 0.330357 0.543806 0.660714
0 0.469866 0.415086 0.147321 0.494234
1 0.598214 0.52567 0.138393 0.308036
1 0.90904 0.347842 0.172991 0.632441
0 0.619978 0.559896 0.212054 0.463542
3 0.986049 0.590402 0.0279017 0.172619
1 0.507952 0.470424 0.122489 0.490699
3 0.225377 0.528274 0.0525949 0.177827
1 0.635603 0.544271 0.162946 0.426339
3 0.229353 0.561384 0.0680804 0.188244
0 0.407645 0.314081 0.186942 0.556362
0 0.416295 0.413784 0.146205 0.461124
0 0.338728 0.361235 0.251674 0.578869
