0 0.888393 0.604725 0.215402 0.778646
0 0.314104 0.337798 0.453265 0.674851
0 0.859375 0.352028 0.258929 0.670945
0 0.780692 0.601004 0.372768 0.741444
0 0.816406 0.448289 0.353795 0.826637
0 0.440569 0.351656 0.175781 0.591332
0 0.426339 0.336682 0.264509 0.633185
0 0.922433 0.652158 0.149554 0.655506
1 0.381208 0.335938 0.358119 0.631696
1 0.319824 0.334077 0.535575 0.668155
1 0.440569 0.351656 0.175781 0.591332
1 0.891462 0.654948 0.217076 0.681176
0 0.843192 0.658296 0.309152 0.683408
0 0.416016 0.329613 0.401228 0.659226
1 0.839286 0.597842 0.321429 0.77753
3 0.234933 0.571801 0.0401786 0.0959821
1 0.86942 0.343099 0.261161 0.679874
0 0.777902 0.34375 0.256696 0.642113
2 0.313477 0.338914 0.471261 0.677827
2 0.891462 0.654948 0.217076 0.681176
3 0.313477 0.338914 0.471261 0.677827
3 0.21303 0.575521 0.0320871 0.0907738
3 0.891462 0.654948 0.217076 0.681176
2 0.86942 0.343099 0.261161 0.679874
3 0.227051 0.579241 0.0336216 0.0900297
3 0.236886 0.568824 0.0613839 0.158482
2 0.839286 0.597842 0.321429 0.77753
0 0.417969 0.412946 0.160714 0.49256
3 0.86942 0.343099 0.261161 0.679874
0 0.33531 0.360212 0.266881 0.599516
3 0.839286 0.597842 0.321429 0.77753
0 0.49721 0.351935 0.258929 0.611607
3 0.211356 0.538691 0.0398996 0.142113
3 0.231585 0.538691 0.046875 0.143601
3 0.234933 0.593378 0.0401786 0.0870536
3 0.386719 0.525298 0.0580357 0.175595
