1 0.613839 0.556362 0.138393 0.393229
3 0.978795 0.577753 0.0368303 0.127232
0 0.399972 0.335286 0.351842 0.606213
0 0.327358 0.334077 0.533901 0.668155
1 0.403739 0.334077 0.367746 0.610119
0 0.443499 0.353051 0.172154 0.571429
1 0.443499 0.353051 0.172154 0.571429
2 0.979353 0.577381 0.0379464 0.126488
2 0.617746 0.559152 0.138393 0.390625
1 0.979353 0.578125 0.0368304 0.120536
0 0.979353 0.577381 0.0379464 0.126488
0 0.613839 0.556176 0.138393 0.393601
1 0.32659 0.333147 0.547712 0.666295
3 0.978795 0.584077 0.0424107 0.183036
0 0.48591 0.348214 0.260324 0.610119
2 0.399972 0.335286 0.351842 0.606213
1 0.500419 0.426711 0.152065 0.502232
3 0.613839 0.556176 0.138393 0.393601
3 0.973772 0.557664 0.0368303 0.155506
3 0.379185 0.333426 0.421317 0.633743
1 0.585379 0.535156 0.220982 0.432664
2 0.32659 0.333147 0.547712 0.666295
0 0.488839 0.328125 0.435268 0.65625
2 0.978795 0.584077 0.0424107 0.183036
0 0.500419 0.426711 0.152065 0.502232
0 0.419643 0.412946 0.136161 0.458333
3 0.232422 0.56436 0.0396205 0.104167
1 0.419643 0.412946 0.136161 0.458333
1 0.466518 0.406622 0.142857 0.494792
0 0.3351 0.363467 0.246094 0.59003
0 0.381138 0.364583 0.208705 0.556548
1 0.977679 0.573661 0.0446428 0.202381
1 0.633371 0.565476 0.121652 0.291667
