1 0.734375 0.545387 0.0982143 0.358631
3 0.979353 0.579613 0.0379464 0.127232
0 0.401507 0.33324 0.348772 0.610305
0 0.325544 0.332775 0.533064 0.665551
0 0.444475 0.353144 0.165737 0.566034
2 0.733259 0.542225 0.0982143 0.353051
1 0.405134 0.332589 0.364955 0.614583
2 0.979353 0.579241 0.0390625 0.127232
1 0.979353 0.579241 0.0390625 0.127232
1 0.444475 0.353144 0.165737 0.566034
3 0.978795 0.585566 0.0424107 0.165179
0 0.979353 0.579241 0.0390625 0.127232
0 0.484096 0.334449 0.267299 0.615327
0 0.733817 0.540737 0.0982143 0.359003
1 0.325474 0.331473 0.54548 0.662946
0 0.491629 0.331473 0.440848 0.662946
3 0.733259 0.542225 0.0982143 0.353051
2 0.977121 0.575893 0.0435267 0.188244
1 0.977121 0.575893 0.0435267 0.188244
2 0.401507 0.33324 0.348772 0.610305
3 0.379604 0.331938 0.419364 0.635231
3 0.229074 0.564732 0.0424107 0.107143
2 0.325474 0.331473 0.54548 0.662946
0 0.409598 0.313151 0.195312 0.565662
3 0.986328 0.590774 0.0273438 0.176339
3 0.213518 0.571429 0.0305525 0.10119
0 0.578683 0.365327 0.362723 0.636161
3 0.215681 0.534226 0.0351562 0.159226
3 0.973772 0.558036 0.0390625 0.162202
1 0.710379 0.520089 0.125 0.413691
0 0.418248 0.411923 0.144531 0.469308
3 0.230748 0.561756 0.0669643 0.190476
3 0.227051 0.530878 0.0492466 0.172619
0 0.336775 0.361514 0.248884 0.580543
0 0.544085 0.334728 0.206473 0.573103
0 0.581473 0.368304 0.248884 0.584821
1 0.675223 0.521577 0.101563 0.391369
0 0.977121 0.575893 0.0435267 0.188244
1 0.91183 0.344494 0.170759 0.638393
