3 0.979353 0.578869 0.0368304 0.125
0 0.535714 0.592448 0.272321 0.776414
0 0.514509 0.473772 0.285714 0.77567
0 0.389997 0.348679 0.429827 0.63151
0 0.46875 0.39881 0.363839 0.666667
0 0.288225 0.33817 0.503906 0.676339
1 0.546457 0.644531 0.23298 0.660342
2 0.979353 0.578125 0.0379464 0.125
1 0.526925 0.523624 0.279855 0.812872
1 0.979353 0.578125 0.0379464 0.125
1 0.391253 0.348307 0.438477 0.633743
0 0.490792 0.686198 0.336496 0.612723
0 0.979353 0.578125 0.0379464 0.125
3 0.978795 0.585566 0.0424107 0.179315
1 0.466797 0.398624 0.380022 0.672991
1 0.48591 0.501581 0.255859 0.666481
2 0.533482 0.593378 0.285714 0.77753
0 0.49442 0.664062 0.220982 0.584077
0 0.413505 0.418899 0.247768 0.478423
1 0.510045 0.370536 0.274554 0.60119
3 0.533482 0.593378 0.285714 0.77753
2 0.513253 0.474144 0.299386 0.765997
0 0.477818 0.471447 0.217355 0.607701
0 0.449498 0.469866 0.128906 0.493304
2 0.381975 0.346633 0.498326 0.6609
3 0.513253 0.474144 0.299386 0.765997
2 0.978795 0.585566 0.0424107 0.179315
3 0.231236 0.56808 0.039202 0.101935
0 0.411551 0.476935 0.0820312 0.322917
3 0.381975 0.346633 0.498326 0.6609
2 0.466797 0.398624 0.380022 0.672991
1 0.977121 0.575521 0.0446428 0.198661
3 0.973772 0.55878 0.0379464 0.150298
1 0.411551 0.476935 0.0820312 0.322917
1 0.411551 0.488467 0.061942 0.250744
0 0.40625 0.72247 0.481027 0.528274
3 0.986328 0.590774 0.0273438 0.189732
3 0.466797 0.398624 0.380022 0.672991
1 0.875558 0.31157 0.229911 0.62314
0 0.414062 0.430804 0.117188 0.453125
3 0.214007 0.571057 0.030692 0.10119
3 0.23298 0.565476 0.061942 0.174851
3 0.213937 0.531994 0.0358538 0.157738
0 0.411551 0.488467 0.061942 0.250744
0 0.458566 0.381231 0.214565 0.58724
0 0.53697 0.370536 0.255301 0.595982
3 0.227469 0.532366 0.0456194 0.156994
1 0.288225 0.33817 0.503906 0.676339
