0 0.511858 0.600818 0.250837 0.781994
3 0.978795 0.577753 0.0379465 0.129464
0 0.488281 0.461682 0.252232 0.783482
0 0.303711 0.331845 0.504185 0.663691
1 0.503767 0.598214 0.242466 0.779762
0 0.37786 0.365699 0.374861 0.617559
2 0.979353 0.577009 0.0390625 0.12872
1 0.487026 0.461682 0.252511 0.780506
1 0.979353 0.577009 0.0390625 0.12872
3 0.978516 0.584821 0.0429688 0.171131
0 0.979353 0.577009 0.0390625 0.12872
2 0.503767 0.598214 0.242466 0.779762
0 0.408482 0.448289 0.208705 0.497768
0 0.514509 0.678199 0.194196 0.627232
2 0.487026 0.461682 0.252511 0.780506
3 0.230259 0.574405 0.0378069 0.093006
2 0.978516 0.584821 0.0429688 0.171131
3 0.503767 0.598214 0.242466 0.779762
1 0.305176 0.331101 0.525809 0.662202
3 0.214216 0.579985 0.0280413 0.0803572
0 0.405134 0.486235 0.0814732 0.397321
3 0.487026 0.461682 0.252511 0.780506
0 0.457868 0.345238 0.349888 0.616071
0 0.579799 0.667225 0.398438 0.665551
0 0.41755 0.514788 0.169364 0.494234
0 0.462193 0.43471 0.193917 0.633557
0 0.397531 0.701637 0.437082 0.596726
3 0.973772 0.558036 0.0379464 0.151042
0 0.410714 0.440104 0.118862 0.485119
1 0.977121 0.574777 0.0435267 0.194941
1 0.405692 0.521577 0.0758929 0.403274
1 0.405971 0.520461 0.0546875 0.21503
3 0.231864 0.570685 0.0585938 0.147321
3 0.223842 0.581473 0.0333426 0.0907738
0 0.420201 0.617188 0.253348 0.576637
1 0.37786 0.365699 0.374861 0.617559
0 0.405971 0.520461 0.0546875 0.21503
3 0.213867 0.576637 0.0454799 0.123512
1 0.906808 0.345982 0.18192 0.631696
1 0.38365 0.523438 0.0535714 0.204613
0 0.457031 0.660714 0.159598 0.605655
3 0.21603 0.59561 0.0294364 0.0572917
0 0.906808 0.345982 0.18192 0.631696
1 0.382254 0.523065 0.0708705 0.311756
3 0.986328 0.590774 0.0273438 0.193452
2 0.305176 0.331101 0.525809 0.662202
3 0.38365 0.523438 0.0535714 0.204613
0 0.57101 0.660342 0.237444 0.631696
1 0.408482 0.448289 0.208705 0.497768
