3 0.979353 0.578125 0.0368304 0.129464
1 0.491211 0.546689 0.247489 0.641741
0 0.31264 0.33631 0.537667 0.672619
0 0.490653 0.551432 0.247489 0.62779
0 0.391253 0.362723 0.373744 0.642113
2 0.979353 0.577009 0.0368304 0.127232
1 0.979353 0.577009 0.0368304 0.127232
0 0.453962 0.402344 0.296317 0.611979
0 0.979353 0.577009 0.0368304 0.127232
2 0.490234 0.547805 0.260603 0.645461
1 0.432757 0.517671 0.201451 0.485491
1 0.467634 0.669457 0.323661 0.530134
1 0.313616 0.335565 0.560268 0.671131
3 0.490234 0.547805 0.260603 0.645461
0 0.416295 0.38244 0.167411 0.559524
1 0.445592 0.398438 0.163504 0.554316
1 0.409319 0.53683 0.135603 0.485863
3 0.979074 0.585194 0.0418527 0.198661
1 0.391253 0.362723 0.373744 0.642113
1 0.425781 0.601377 0.229911 0.490699
1 0.442104 0.517671 0.365792 0.559896
1 0.486607 0.457403 0.190848 0.522693
0 0.271903 0.728237 0.469587 0.534598
1 0.389509 0.526414 0.09375 0.374256
1 0.390625 0.52753 0.0719866 0.220982
0 0.433873 0.516276 0.226004 0.4734
0 0.878348 0.345703 0.223214 0.625558
3 0.973772 0.558408 0.0368303 0.15997
0 0.442104 0.517671 0.365792 0.559896
0 0.389509 0.526414 0.09375 0.374256
0 0.409319 0.53683 0.135603 0.485863
0 0.486607 0.457403 0.190848 0.522693
2 0.313616 0.335565 0.560268 0.671131
3 0.313616 0.335565 0.560268 0.671131
3 0.212263 0.571057 0.0302734 0.0922619
1 0.483817 0.689174 0.22433 0.502604
1 0.414621 0.432664 0.142857 0.508184
2 0.979074 0.585194 0.0418527 0.198661
3 0.229911 0.565476 0.0407366 0.102679
3 0.986607 0.590588 0.0267857 0.205729
