3 0.424665 0.457961 0.0424107 0.115327
3 0.276507 0.449405 0.0658482 0.154762
3 0.276786 0.467634 0.0837054 0.189732
2 0.275112 0.464286 0.0714286 0.190476
3 0.424665 0.464658 0.0524554 0.169643
3 0.274833 0.521577 0.0764509 0.376488
3 0.274275 0.493304 0.0608259 0.262649
1 0.424665 0.457961 0.0424107 0.118304
2 0.274833 0.521577 0.0764509 0.376488
1 0.277065 0.457589 0.0697545 0.176339
0 0.424665 0.457961 0.0424107 0.118304
1 0.424665 0.464658 0.0524554 0.169643
0 0.30385 0.66183 0.209263 0.676339
0 0.275112 0.464286 0.0714286 0.190476
0 0.274833 0.521577 0.0764509 0.376488
0 0.424665 0.464658 0.0524554 0.169643
1 0.274833 0.521577 0.0764509 0.376488
3 0.274833 0.419271 0.0608259 0.105655
0 0.330287 0.672247 0.311523 0.639137
2 0.42606 0.459077 0.0446429 0.119048
3 0.265067 0.459449 0.0530134 0.157738
3 0.427734 0.486979 0.0675223 0.294643
0 0.387277 0.677455 0.195312 0.625744
2 0.274275 0.493304 0.0608259 0.262649
3 0.277344 0.421875 0.0602679 0.153274
3 0.422154 0.478795 0.0340402 0.138393
0 0.295201 0.637835 0.136161 0.59933
