0 0.801897 0.606771 0.294643 0.755208
0 0.795759 0.466518 0.31808 0.788691
1 0.737723 0.438895 0.196429 0.650484
1 0.767299 0.464193 0.264509 0.757626
1 0.799665 0.607887 0.303571 0.770833
0 0.828683 0.655878 0.21317 0.642113
0 0.732143 0.371559 0.194196 0.608073
1 0.828683 0.655878 0.21317 0.642113
0 0.725446 0.46317 0.254464 0.761161
2 0.767857 0.463821 0.266741 0.753906
0 0.633371 0.390253 0.262277 0.612351
2 0.799665 0.607887 0.303571 0.770833
0 0.610491 0.385417 0.383929 0.645833
0 0.794085 0.361607 0.252232 0.604911
1 0.705357 0.3617 0.176339 0.580171
0 0.724888 0.619141 0.204241 0.699219
3 0.799665 0.607887 0.303571 0.770833
0 0.742188 0.344587 0.280134 0.615885
1 0.794085 0.361607 0.252232 0.604911
2 0.737723 0.438895 0.196429 0.650484
3 0.772879 0.464844 0.282366 0.760789
0 0.699219 0.33231 0.219866 0.543713
0 0.705357 0.664807 0.147321 0.609375
0 0.545759 0.465681 0.405134 0.669829
