3 0.978795 0.575893 0.0379465 0.130952
1 0.313058 0.540551 0.165179 0.438244
0 0.439453 0.337426 0.262835 0.594494
0 0.412807 0.329706 0.433315 0.641183
2 0.313058 0.541667 0.155134 0.441964
0 0.441406 0.355283 0.177455 0.559524
1 0.358817 0.503813 0.181362 0.394159
0 0.419085 0.438244 0.161272 0.436756
0 0.3125 0.552827 0.167411 0.441964
2 0.275949 0.512742 0.132254 0.459635
1 0.441406 0.355283 0.177455 0.559524
0 0.225725 0.53404 0.101563 0.373884
1 0.420759 0.444289 0.156808 0.446243
2 0.979353 0.575149 0.0379464 0.130208
1 0.307687 0.576916 0.229492 0.548549
0 0.287109 0.511533 0.143415 0.444196
0 0.351004 0.500372 0.179687 0.381696
1 0.226772 0.528088 0.0665458 0.350074
0 0.226772 0.528088 0.0665458 0.350074
1 0.439732 0.33631 0.27567 0.604911
1 0.979353 0.575149 0.0379464 0.130208
2 0.226772 0.528088 0.0665458 0.350074
0 0.274065 0.322359 0.446289 0.644717
2 0.225725 0.52753 0.0580357 0.254464
1 0.351842 0.505208 0.257254 0.428571
0 0.284319 0.597656 0.212612 0.545759
0 0.324289 0.405971 0.266602 0.519903
1 0.275949 0.512742 0.132254 0.459635
0 0.979353 0.575149 0.0379464 0.130208
0 0.380859 0.335566 0.190848 0.560268
1 0.225725 0.52753 0.0580357 0.254464
2 0.225725 0.53404 0.101563 0.373884
0 0.351842 0.505208 0.257254 0.428571
2 0.358817 0.503813 0.181362 0.394159
2 0.420759 0.444289 0.156808 0.446243
3 0.978795 0.581101 0.0424107 0.186012
0 0.393415 0.435919 0.252232 0.489769
0 0.379743 0.385045 0.135603 0.501488
1 0.388114 0.523624 0.119978 0.357515
0 0.225725 0.52753 0.0580357 0.254464
2 0.426479 0.348121 0.241908 0.599888
2 0.304967 0.569196 0.194196 0.549107
1 0.405971 0.326265 0.472656 0.644345
1 0.419085 0.508185 0.114955 0.352679
3 0.3125 0.552827 0.167411 0.441964
3 0.97433 0.558036 0.0379464 0.153274
0 0.285156 0.50279 0.241071 0.503348
0 0.268694 0.391276 0.247768 0.565662
0 0.220982 0.487351 0.126674 0.489583
1 0.320033 0.520089 0.145647 0.299107
1 0.393415 0.435919 0.252232 0.489769
1 0.379743 0.385045 0.135603 0.501488
0 0.388114 0.523624 0.119978 0.357515
0 0.300781 0.347377 0.1875 0.501674
2 0.977679 0.571801 0.0446428 0.203125
1 0.226284 0.600074 0.0876116 0.426339
0 0.268694 0.677083 0.276786 0.541667
1 0.419643 0.513393 0.106585 0.240327
0 0.331194 0.39881 0.157366 0.440476
0 0.503488 0.334914 0.222935 0.599516
3 0.216518 0.559524 0.0412946 0.165179
0 0.226284 0.600074 0.0876116 0.426339
3 0.226772 0.528088 0.0665458 0.350074
3 0.220145 0.52939 0.0491071 0.224702
3 0.216518 0.561012 0.0591518 0.247024
1 0.285156 0.50279 0.241071 0.503348
2 0.388114 0.523624 0.119978 0.357515
0 0.580357 0.333705 0.466518 0.667411
1 0.977679 0.571801 0.0446428 0.203125
3 0.216169 0.595424 0.0810547 0.304688
0 0.546875 0.334449 0.195312 0.569941
1 0.225725 0.53404 0.101563 0.373884
1 0.390625 0.521949 0.0943081 0.250744
0 0.419085 0.508185 0.114955 0.352679
3 0.426479 0.348121 0.241908 0.599888
0 0.221261 0.615327 0.226004 0.483631
2 0.405971 0.326265 0.472656 0.644345
0 0.23298 0.341146 0.188616 0.556548
0 0.569196 0.352679 0.289063 0.617559
1 0.380859 0.335566 0.190848 0.560268
1 0.273996 0.649554 0.152902 0.543155
