1 0.516183 0.573289 0.289062 0.713542
3 0.978237 0.576637 0.0379464 0.130208
0 0.31543 0.335565 0.523158 0.671131
0 0.513951 0.560268 0.284598 0.636905
0 0.392578 0.350446 0.344308 0.619048
0 0.46317 0.384673 0.30692 0.663691
2 0.978795 0.575521 0.0379465 0.130208
1 0.978795 0.575521 0.0379465 0.130208
0 0.476981 0.351283 0.202288 0.599516
0 0.978795 0.575521 0.0379465 0.130208
2 0.513393 0.547805 0.284598 0.675223
3 0.978237 0.581845 0.0435267 0.19122
0 0.40904 0.380487 0.133929 0.53218
1 0.50014 0.642857 0.234096 0.55506
3 0.510184 0.547991 0.2899 0.65997
0 0.404018 0.435175 0.101563 0.430246
1 0.490234 0.670387 0.332031 0.565476
1 0.402623 0.486979 0.0870536 0.380208
1 0.314802 0.335193 0.542271 0.670387
1 0.483817 0.404018 0.203125 0.59375
1 0.392578 0.350446 0.344308 0.619048
2 0.976562 0.572173 0.0446428 0.200149
3 0.973772 0.558036 0.0379464 0.157738
1 0.402344 0.491816 0.0608259 0.258929
1 0.42327 0.512091 0.174665 0.434152
0 0.27281 0.736607 0.476702 0.520833
1 0.464286 0.384022 0.36942 0.678385
0 0.506696 0.331473 0.43192 0.619792
0 0.413365 0.437128 0.212333 0.485119
1 0.976562 0.572173 0.0446428 0.200149
1 0.878348 0.346819 0.219866 0.62779
0 0.878348 0.346819 0.219866 0.62779
2 0.314802 0.335193 0.542271 0.670387
0 0.405413 0.449405 0.0608259 0.263393
3 0.230469 0.56622 0.0379464 0.0982143
1 0.4601 0.557571 0.180246 0.55599
0 0.490653 0.449777 0.210659 0.56622
3 0.212263 0.570312 0.0291574 0.0959822
1 0.40904 0.380487 0.133929 0.53218
0 0.446429 0.431362 0.158482 0.545015
1 0.447824 0.384673 0.170201 0.584821
3 0.314802 0.335193 0.542271 0.670387
0 0.387835 0.478051 0.103237 0.333333
