2 0.577009 0.436756 0.11942 0.331845
3 0.181222 0.462426 0.0951451 0.220982
2 0.179688 0.469494 0.107143 0.25744
3 0.179129 0.473214 0.109375 0.353423
2 0.175502 0.476191 0.108259 0.372024
1 0.578683 0.440476 0.120536 0.344494
0 0.578683 0.440476 0.120536 0.344494
0 0.17892 0.476935 0.111468 0.315476
1 0.17892 0.476935 0.111468 0.315476
0 0.55692 0.632069 0.175223 0.679316
1 0.180734 0.462798 0.0977958 0.226935
3 0.578683 0.437221 0.122768 0.333891
0 0.183733 0.454613 0.094029 0.238095
3 0.202427 0.462054 0.0549665 0.181548
3 0.195313 0.449033 0.0652902 0.143601
2 0.564174 0.488653 0.120536 0.522693
1 0.560268 0.613467 0.104911 0.59003
0 0.560268 0.613467 0.104911 0.59003
0 0.177595 0.644996 0.183315 0.675781
2 0.195313 0.449033 0.0652902 0.143601
1 0.565988 0.636905 0.154855 0.635417
0 0.566406 0.488932 0.132812 0.481957
3 0.206752 0.464286 0.0452009 0.127976
3 0.172433 0.468006 0.0697545 0.151042
