3 0.978795 0.579241 0.0368303 0.127976
1 0.773438 0.551339 0.145089 0.58631
0 0.397042 0.333798 0.34096 0.606213
0 0.324637 0.331845 0.535993 0.662202
0 0.773438 0.546875 0.154018 0.595238
0 0.444196 0.353051 0.167411 0.563988
1 0.401507 0.332589 0.356585 0.608631
2 0.978795 0.578869 0.0379465 0.127976
1 0.766741 0.567057 0.208705 0.630766
1 0.444196 0.353051 0.167411 0.563988
1 0.979353 0.578869 0.0379464 0.126488
0 0.807478 0.505487 0.227679 0.65718
0 0.48577 0.33631 0.268415 0.607887
0 0.979353 0.578869 0.0379464 0.126488
1 0.324777 0.329985 0.545759 0.65997
2 0.773438 0.546875 0.154018 0.595238
1 0.807478 0.505487 0.227679 0.65718
3 0.978795 0.586682 0.0424107 0.192708
0 0.501674 0.331101 0.464286 0.662202
2 0.397042 0.333798 0.34096 0.606213
2 0.324777 0.329985 0.545759 0.65997
3 0.374581 0.332124 0.409319 0.630394
3 0.772879 0.55106 0.146205 0.576451
0 0.820312 0.403739 0.289062 0.670201
3 0.231027 0.56622 0.0407366 0.103423
3 0.212612 0.572917 0.030692 0.0922619
2 0.978795 0.586682 0.0424107 0.192708
0 0.412388 0.313988 0.208705 0.572173
0 0.419085 0.412946 0.141183 0.462798
3 0.986049 0.591518 0.0279017 0.180804
0 0.336286 0.361514 0.252651 0.579055
1 0.977679 0.575149 0.0446428 0.200149
3 0.97433 0.557292 0.0368304 0.165179
0 0.810268 0.565104 0.175223 0.557292
1 0.772321 0.538691 0.121652 0.290179
3 0.232701 0.56436 0.0669643 0.199405
0 0.581473 0.325893 0.391741 0.610119
3 0.212681 0.570312 0.0517578 0.155506
