3 0.978795 0.578869 0.0379465 0.127976
1 0.524554 0.561105 0.206473 0.544457
0 0.483956 0.436942 0.250837 0.682664
0 0.385672 0.334542 0.527762 0.661272
0 0.521763 0.512277 0.247768 0.625744
0 0.45173 0.382998 0.355469 0.71317
1 0.483956 0.436942 0.250837 0.682664
2 0.978795 0.578869 0.0390625 0.126488
1 0.978795 0.578125 0.0390625 0.127976
0 0.509487 0.349702 0.246652 0.633185
2 0.516044 0.507999 0.224609 0.611979
2 0.483956 0.436942 0.250837 0.682664
3 0.978516 0.583705 0.0429688 0.168155
0 0.978795 0.578125 0.0390625 0.127976
1 0.40067 0.344866 0.419643 0.642113
0 0.29269 0.339286 0.381696 0.678571
0 0.423549 0.420108 0.233259 0.488653
0 0.406529 0.47061 0.0982143 0.365327
3 0.521763 0.512277 0.247768 0.625744
2 0.978516 0.583705 0.0429688 0.168155
0 0.4149 0.373605 0.164621 0.553385
1 0.406529 0.47061 0.0982143 0.365327
0 0.447266 0.467169 0.15346 0.552269
1 0.977121 0.573661 0.0435267 0.19122
0 0.410714 0.433873 0.126674 0.467076
0 0.449079 0.341239 0.215681 0.612165
3 0.973772 0.55692 0.0379464 0.158482
3 0.492467 0.428757 0.323103 0.696057
0 0.275739 0.732887 0.486468 0.528274
1 0.552455 0.473679 0.21875 0.652344
2 0.398158 0.347098 0.402344 0.637649
3 0.229841 0.565476 0.0414341 0.103423
3 0.21296 0.570685 0.0316685 0.0952381
3 0.986049 0.591146 0.0279017 0.179316
1 0.447266 0.467169 0.15346 0.552269
3 0.381696 0.332403 0.579241 0.664807
1 0.502232 0.400391 0.367188 0.733445
