2 0.95731 0.454613 0.0853794 0.429315
2 0.0650112 0.498512 0.123326 0.358631
0 0.0674526 0.64574 0.131836 0.675781
2 0.954799 0.464658 0.0814733 0.291667
1 0.0679408 0.64667 0.132533 0.681362
1 0.0650112 0.549479 0.125279 0.445685
1 0.956473 0.47526 0.0848214 0.495908
0 0.0650112 0.549479 0.125279 0.445685
0 0.950335 0.457124 0.0926339 0.457775
1 0.954799 0.464658 0.0814733 0.291667
2 0.0679408 0.64667 0.132533 0.681362
2 0.940848 0.472284 0.109375 0.486979
1 0.0638602 0.479911 0.118373 0.295387
3 0.068185 0.486235 0.118094 0.331845
0 0.939174 0.399554 0.120536 0.616071
3 0.956194 0.452381 0.0876116 0.40997
0 0.947824 0.634394 0.104353 0.665737
1 0.938058 0.436849 0.123884 0.514695
0 0.940848 0.521019 0.116071 0.56808
3 0.0674526 0.64574 0.131836 0.675781
0 0.0638602 0.479911 0.118373 0.295387
0 0.954799 0.464658 0.0814733 0.291667
0 0.959263 0.400949 0.0736607 0.494234
0 0.0999582 0.652344 0.199916 0.692336
3 0.954799 0.467262 0.0814733 0.281994
2 0.930246 0.3976 0.137277 0.569382
