0 0.0906808 0.647228 0.154576 0.699591
3 0.108015 0.468006 0.0864258 0.224702
3 0.431641 0.465774 0.0301339 0.0922619
3 0.429967 0.447917 0.0329241 0.09375
3 0.436663 0.441964 0.0385045 0.100446
3 0.0980748 0.553385 0.135603 0.550967
1 0.0906808 0.647228 0.154576 0.699591
2 0.0980399 0.557013 0.138742 0.510975
3 0.433036 0.46503 0.0390625 0.13244
3 0.437779 0.442336 0.0513393 0.199405
2 0.112026 0.458705 0.0828683 0.212054
3 0.0976562 0.510045 0.109096 0.338542
1 0.106864 0.470238 0.0954241 0.247024
3 0.428013 0.495536 0.0256696 0.144345
1 0.431641 0.465774 0.0301339 0.0922619
3 0.0972726 0.50186 0.0934012 0.223958
2 0.0918318 0.645833 0.160645 0.708333
1 0.433036 0.46503 0.0390625 0.13244
1 0.101842 0.502976 0.133092 0.38244
3 0.441406 0.47433 0.094308 0.398809
0 0.101842 0.502976 0.133092 0.38244
1 0.431362 0.448289 0.0284598 0.0825893
3 0.118443 0.473958 0.0546875 0.136161
1 0.437779 0.442336 0.0513393 0.199405
2 0.115095 0.480748 0.129464 0.397135
3 0.0945871 0.473586 0.0546875 0.124256
0 0.433036 0.46503 0.0390625 0.13244
0 0.437779 0.442336 0.0513393 0.199405
0 0.106864 0.470238 0.0954241 0.247024
0 0.431641 0.465774 0.0301339 0.0922619
1 0.436663 0.441964 0.0385045 0.100446
3 0.422991 0.491816 0.0234375 0.078125
0 0.125279 0.643136 0.175223 0.679502
