2 0.685268 0.433036 0.0948661 0.292411
3 0.683036 0.430804 0.0892857 0.279018
1 0.684152 0.437872 0.0993304 0.310268
0 0.256138 0.704613 0.0580357 0.46875
0 0.684152 0.437872 0.0993304 0.310268
1 0.256138 0.704613 0.0580357 0.46875
0 0.248884 0.625744 0.0675223 0.574405
1 0.248884 0.625744 0.0675223 0.574405
2 0.667411 0.461961 0.169643 0.492746
0 0.261091 0.629464 0.111747 0.574405
1 0.248047 0.620908 0.0530134 0.420387
1 0.238839 0.616816 0.107143 0.58631
0 0.665737 0.465495 0.179688 0.448475
0 0.693638 0.630859 0.177455 0.710007
0 0.540318 0.47833 0.421596 0.677269
1 0.263672 0.678943 0.0948661 0.456101
3 0.248047 0.620908 0.0530134 0.420387
0 0.727679 0.630022 0.143973 0.704241
0 0.248047 0.620908 0.0530134 0.420387
1 0.25279 0.671503 0.0446429 0.268601
2 0.251953 0.574126 0.0853795 0.585379
3 0.667411 0.461961 0.169643 0.492746
1 0.665737 0.465495 0.179688 0.448475
2 0.688616 0.487909 0.118304 0.47061
3 0.672991 0.499907 0.106027 0.44215
0 0.238839 0.616816 0.107143 0.58631
0 0.25279 0.671503 0.0446429 0.268601
0 0.264858 0.466518 0.111468 0.552083
2 0.256138 0.704613 0.0580357 0.46875
3 0.249442 0.622954 0.0452009 0.280878
0 0.236956 0.467634 0.113142 0.560268
2 0.676897 0.432292 0.0636161 0.151786
3 0.647321 0.436012 0.140625 0.372768
