3 0.626674 0.46875 0.0513393 0.124256
3 0.305525 0.455729 0.0792411 0.156994
3 0.301897 0.455357 0.0959821 0.207589
3 0.301339 0.476562 0.102679 0.31622
3 0.314174 0.463542 0.0580357 0.125
0 0.302455 0.453125 0.0998884 0.213542
2 0.302176 0.452381 0.0993304 0.226191
3 0.318638 0.441592 0.0502232 0.113095
1 0.628348 0.468006 0.0535715 0.130208
0 0.626116 0.465774 0.0502233 0.126488
1 0.302176 0.452381 0.0993304 0.226191
0 0.306083 0.455729 0.0825893 0.153274
1 0.306083 0.455729 0.0825893 0.153274
0 0.302734 0.481399 0.112723 0.300595
3 0.305246 0.417411 0.0641741 0.213542
2 0.626116 0.465774 0.0502233 0.126488
3 0.638393 0.46131 0.0435268 0.110119
3 0.293806 0.463914 0.0686384 0.134673
0 0.300223 0.428571 0.101562 0.318452
0 0.288504 0.648624 0.228795 0.678944
2 0.306083 0.455729 0.0825893 0.153274
3 0.620536 0.46875 0.0870535 0.154018
3 0.288504 0.442336 0.061942 0.127976
3 0.306362 0.483259 0.0680804 0.113839
0 0.303292 0.34561 0.0859375 0.366815
3 0.640625 0.482143 0.0424107 0.113095
3 0.315011 0.413318 0.0569196 0.188244
3 0.614397 0.487351 0.0424108 0.133929
3 0.313616 0.486979 0.0842634 0.256696
