0 0.824219 0.602307 0.340402 0.779018
0 0.858259 0.349423 0.263393 0.671689
0 0.320592 0.333705 0.553013 0.663691
0 0.386161 0.333705 0.356027 0.616816
0 0.756696 0.664807 0.454241 0.665923
0 0.866072 0.65253 0.245536 0.669643
0 0.837612 0.449591 0.31808 0.835938
1 0.390486 0.332217 0.373047 0.622024
0 0.44322 0.352679 0.169364 0.570684
1 0.44322 0.352679 0.169364 0.570684
1 0.852679 0.391555 0.27567 0.782366
1 0.817522 0.602307 0.356027 0.771577
1 0.311523 0.338356 0.490792 0.676711
2 0.386161 0.333705 0.356027 0.616816
2 0.852679 0.391555 0.27567 0.782366
2 0.817522 0.602307 0.356027 0.771577
1 0.753906 0.665179 0.469866 0.669643
3 0.234933 0.571429 0.0424107 0.104911
0 0.486607 0.337333 0.258929 0.605097
1 0.872768 0.657552 0.242188 0.684896
2 0.311523 0.338356 0.490792 0.676711
3 0.775949 0.601004 0.448103 0.774182
3 0.852679 0.391555 0.27567 0.782366
3 0.367606 0.332217 0.42327 0.639881
3 0.214286 0.573661 0.0340402 0.09375
0 0.417969 0.411551 0.151786 0.477493
3 0.236537 0.568452 0.0682199 0.19494
0 0.411551 0.314453 0.198103 0.566034
3 0.84933 0.607143 0.285714 0.770833
2 0.753906 0.665179 0.469866 0.669643
3 0.228516 0.578125 0.0340402 0.0915179
