3 0.533064 0.473958 0.0823102 0.168155
3 0.542411 0.459077 0.0602679 0.148066
3 0.530831 0.491815 0.119141 0.296131
3 0.518973 0.492188 0.0892857 0.145089
3 0.518415 0.485491 0.0625 0.114583
0 0.520508 0.682292 0.143136 0.587798
1 0.530273 0.497396 0.125837 0.280506
2 0.53139 0.482143 0.129185 0.243304
3 0.558036 0.470238 0.047991 0.140625
1 0.531669 0.474702 0.0839844 0.175595
3 0.507812 0.479167 0.0524554 0.103423
0 0.530273 0.497396 0.125837 0.280506
1 0.541853 0.457961 0.0680804 0.15625
3 0.557478 0.47061 0.0625 0.177827
1 0.520508 0.682292 0.143136 0.587798
2 0.531669 0.474702 0.0839844 0.175595
3 0.511161 0.500744 0.094866 0.215774
3 0.524554 0.454613 0.0535714 0.10119
3 0.522321 0.405878 0.0524554 0.129464
0 0.531669 0.474702 0.0839844 0.175595
3 0.543527 0.488095 0.0569197 0.141369
3 0.541853 0.414435 0.046875 0.135417
3 0.523996 0.401414 0.0792411 0.195685
3 0.541853 0.40997 0.0758929 0.200149
0 0.541853 0.457961 0.0680804 0.15625
3 0.521205 0.399554 0.0401786 0.0647321
2 0.541853 0.457961 0.0680804 0.15625
3 0.546317 0.411086 0.0368304 0.0669643
3 0.521066 0.512835 0.138672 0.417783
2 0.542411 0.473958 0.113839 0.327381
3 0.564732 0.447173 0.0424107 0.139137
