1 0.0481306 0.521019 0.093192 0.579985
0 0.0523856 0.612537 0.104771 0.700521
2 0.0493862 0.508092 0.09375 0.516555
1 0.0566057 0.622768 0.104422 0.705357
0 0.0499791 0.50279 0.0936802 0.47061
2 0.0517578 0.614769 0.103516 0.704985
1 0.0575823 0.447266 0.0957729 0.429874
1 0.0502581 0.475818 0.0864258 0.305804
0 0.0740095 0.677269 0.148019 0.639509
3 0.0488979 0.522507 0.0938895 0.538318
2 0.0502581 0.475818 0.0864258 0.305804
0 0.0587681 0.726935 0.106236 0.532738
3 0.0580008 0.621745 0.110561 0.705915
0 0.103516 0.62872 0.207031 0.724702
