3 0.979911 0.577009 0.0379464 0.130952
1 0.809152 0.551525 0.206473 0.742188
0 0.324289 0.32952 0.533343 0.650484
0 0.803572 0.572638 0.229911 0.760975
0 0.392718 0.333798 0.357422 0.609189
1 0.800781 0.666109 0.251116 0.638021
1 0.395717 0.332589 0.371512 0.613095
0 0.442522 0.351656 0.172991 0.56901
1 0.442522 0.351656 0.172991 0.56901
1 0.979911 0.577009 0.0379464 0.130952
2 0.979353 0.576637 0.0379464 0.133929
0 0.845424 0.550688 0.189732 0.639695
1 0.796317 0.469959 0.154018 0.586868
1 0.316336 0.330357 0.467773 0.660714
0 0.979911 0.577009 0.0379464 0.130952
0 0.484235 0.335938 0.253627 0.610119
2 0.811942 0.553478 0.229911 0.732329
3 0.977958 0.574033 0.0440848 0.183036
0 0.766183 0.668155 0.311384 0.608631
0 0.824219 0.464565 0.217634 0.612537
3 0.819196 0.528646 0.231027 0.682292
2 0.392718 0.333798 0.357422 0.609189
2 0.316336 0.330357 0.467773 0.660714
1 0.845424 0.550688 0.189732 0.639695
3 0.370954 0.331008 0.414342 0.626674
3 0.229422 0.569569 0.0428293 0.0997024
0 0.49163 0.332403 0.428571 0.664807
1 0.87779 0.353795 0.19308 0.575149
3 0.21303 0.577009 0.0326451 0.0915179
1 0.977958 0.574033 0.0440848 0.183036
3 0.986328 0.590774 0.0273438 0.19122
0 0.900112 0.390346 0.180804 0.652344
3 0.230399 0.566592 0.0626395 0.164435
0 0.410435 0.314732 0.226004 0.574405
2 0.977958 0.574033 0.0440848 0.183036
1 0.419922 0.409877 0.143973 0.476377
1 0.920759 0.347563 0.143973 0.603981
0 0.419922 0.409877 0.143973 0.476377
2 0.800223 0.667039 0.266741 0.636161
0 0.336775 0.361979 0.252232 0.572173
3 0.226283 0.531622 0.0546875 0.177083
1 0.465402 0.405041 0.132812 0.483073
