3 0.607701 0.454985 0.0558036 0.141369
3 0.609933 0.46131 0.0613839 0.232887
2 0.609933 0.46131 0.0613839 0.232887
2 0.608817 0.451265 0.0591518 0.149554
1 0.609933 0.46131 0.0613839 0.232887
1 0.608817 0.451265 0.0591518 0.149554
3 0.602679 0.450149 0.0814733 0.165923
0 0.608817 0.451265 0.0591518 0.149554
0 0.609933 0.46131 0.0613839 0.232887
3 0.597656 0.454241 0.102679 0.261161
3 0.609375 0.420759 0.0424107 0.106399
3 0.601562 0.422619 0.0435268 0.119792
3 0.582589 0.459077 0.0691964 0.136161
0 0.597656 0.454241 0.102679 0.261161
1 0.597656 0.454241 0.102679 0.261161
3 0.577009 0.441964 0.0837054 0.178571
3 0.601004 0.480655 0.045759 0.166667
2 0.597656 0.454241 0.102679 0.261161
0 0.616629 0.681362 0.114955 0.577753
