3 0.430804 0.463914 0.0457589 0.130952
3 0.278181 0.454985 0.0691964 0.172619
2 0.277623 0.456101 0.0736607 0.179315
3 0.276786 0.483259 0.0770089 0.295387
2 0.276786 0.483259 0.0770089 0.295387
3 0.427176 0.47061 0.0546875 0.174107
1 0.42913 0.469494 0.0502232 0.140625
0 0.42913 0.469494 0.0502232 0.140625
0 0.276786 0.483259 0.0770089 0.295387
1 0.276786 0.483259 0.0770089 0.295387
0 0.277623 0.456101 0.0736607 0.179315
1 0.277623 0.456101 0.0736607 0.179315
0 0.302176 0.667969 0.203125 0.664062
3 0.265625 0.459077 0.0507812 0.146577
2 0.430804 0.464658 0.047433 0.134673
3 0.419364 0.464658 0.0864955 0.161458
3 0.437779 0.46875 0.0820313 0.166667
0 0.325614 0.677083 0.307478 0.627976
3 0.291295 0.500372 0.09375 0.328125
3 0.424665 0.479167 0.046317 0.131696
0 0.385882 0.678944 0.205357 0.609375
3 0.271205 0.481771 0.0518973 0.130952
