1 0.681362 0.471912 0.205357 0.782366
0 0.677455 0.598028 0.219866 0.774182
3 0.979353 0.577753 0.0368304 0.126488
0 0.393973 0.333612 0.363839 0.608073
0 0.32373 0.33324 0.543387 0.6609
0 0.684152 0.426339 0.217634 0.708333
0 0.535714 0.697359 0.426339 0.572545
1 0.397391 0.332589 0.382673 0.612351
0 0.443499 0.355655 0.162109 0.55878
1 0.6875 0.601191 0.236607 0.782738
2 0.979353 0.577381 0.0379464 0.125744
1 0.443499 0.355655 0.162109 0.55878
1 0.979353 0.578497 0.0368304 0.120536
0 0.493583 0.350539 0.237165 0.621838
2 0.684152 0.426339 0.217634 0.708333
0 0.979353 0.577381 0.0379464 0.125744
0 0.71317 0.655878 0.164062 0.642113
2 0.675223 0.597284 0.229911 0.772694
1 0.318011 0.333891 0.484515 0.667783
0 0.612305 0.666295 0.375837 0.667411
3 0.684152 0.426339 0.217634 0.708333
3 0.675223 0.597284 0.229911 0.772694
3 0.979074 0.585194 0.0418527 0.188244
0 0.661272 0.537946 0.294643 0.80506
2 0.393973 0.333612 0.363839 0.608073
0 0.497349 0.403646 0.151507 0.544643
3 0.229632 0.566964 0.0396205 0.100446
2 0.324079 0.330729 0.552734 0.661458
3 0.373535 0.332682 0.432617 0.630766
1 0.71317 0.655878 0.164062 0.642113
0 0.487165 0.332589 0.34933 0.663691
3 0.212612 0.574405 0.0295759 0.09375
0 0.636719 0.408575 0.24442 0.696243
3 0.97433 0.558036 0.0379464 0.154762
2 0.977679 0.574033 0.0446428 0.200893
0 0.418806 0.412295 0.137835 0.4641
3 0.214286 0.533854 0.0351563 0.14881
3 0.226911 0.532738 0.0472935 0.157738
3 0.231306 0.564732 0.063058 0.166667
1 0.53125 0.702381 0.475446 0.578869
1 0.493583 0.350539 0.237165 0.621838
1 0.464425 0.405413 0.125837 0.476377
0 0.335379 0.361979 0.251674 0.582589
1 0.636719 0.408575 0.24442 0.696243
0 0.381138 0.361979 0.214286 0.558036
3 0.986607 0.59003 0.0267857 0.19494
1 0.977679 0.574033 0.0446428 0.200893
0 0.464425 0.405413 0.125837 0.476377
0 0.410575 0.315104 0.203404 0.567708
3 0.212472 0.571057 0.046038 0.139137
