0 0.950335 0.595982 0.09375 0.77381
1 0.950893 0.421038 0.0959821 0.720424
0 0.317243 0.33138 0.541853 0.654204
0 0.396763 0.334077 0.348214 0.611607
0 0.935268 0.53125 0.120536 0.83631
0 0.959263 0.650856 0.0714285 0.647693
1 0.922991 0.365327 0.136161 0.631696
0 0.443359 0.350539 0.173549 0.577195
1 0.950335 0.595982 0.09375 0.77381
0 0.950893 0.421038 0.0959821 0.720424
1 0.399972 0.332961 0.363002 0.614583
1 0.935268 0.53125 0.120536 0.83631
1 0.443359 0.350539 0.173549 0.577195
0 0.897321 0.601562 0.203125 0.78497
0 0.484933 0.334449 0.253348 0.614583
1 0.88058 0.358631 0.202009 0.638393
0 0.922991 0.365327 0.136161 0.631696
1 0.315011 0.333147 0.473772 0.666295
1 0.959263 0.650856 0.0714285 0.647693
2 0.941964 0.601376 0.113839 0.770461
0 0.88058 0.358631 0.202009 0.638393
1 0.845982 0.313337 0.227679 0.611421
0 0.494699 0.332217 0.422433 0.664435
0 0.849051 0.626302 0.301897 0.738467
0 0.96875 0.619606 0.0625 0.671503
2 0.396763 0.334077 0.348214 0.611607
2 0.949777 0.420294 0.0970983 0.71596
1 0.959263 0.316313 0.0747768 0.602493
2 0.318359 0.329334 0.553013 0.65532
0 0.845982 0.313337 0.227679 0.611421
3 0.229283 0.568452 0.0403181 0.100446
3 0.373117 0.331845 0.413365 0.631696
3 0.214146 0.532738 0.0354353 0.15997
3 0.941964 0.601376 0.113839 0.770461
3 0.212891 0.572917 0.0295759 0.0952381
3 0.949777 0.420294 0.0970983 0.71596
0 0.929129 0.681362 0.132812 0.61942
0 0.729911 0.716518 0.465402 0.558036
0 0.419364 0.409598 0.144531 0.478423
2 0.952567 0.645833 0.0848214 0.657738
1 0.897321 0.601562 0.203125 0.78497
3 0.230818 0.565476 0.0618024 0.165179
3 0.224819 0.531622 0.0486886 0.167411
0 0.336426 0.361235 0.247907 0.575149
0 0.545201 0.334077 0.185268 0.563988
