0 0.0272042 0.586589 0.0544085 0.700335
0 0.023019 0.664621 0.0454799 0.593378
3 0.489118 0.480655 0.0284598 0.0714286
3 0.470424 0.473214 0.0585938 0.0959821
1 0.0239955 0.585751 0.0438058 0.581473
3 0.481445 0.481771 0.0404576 0.093006
1 0.0272042 0.586589 0.0544085 0.700335
3 0.480608 0.46503 0.0432478 0.0848214
3 0.4887 0.478051 0.0371094 0.0907738
3 0.426339 0.46875 0.0429688 0.077381
3 0.414062 0.460193 0.030692 0.0684524
3 0.479771 0.481771 0.0527344 0.116815
3 0.417132 0.466518 0.0407366 0.0907738
1 0.0288783 0.499814 0.0475725 0.59561
0 0.0314244 0.424014 0.0628488 0.657924
3 0.453125 0.462426 0.0552455 0.0796131
3 0.402344 0.467634 0.0228795 0.0751488
2 0.0239955 0.585751 0.0438058 0.581473
0 0.0288783 0.499814 0.0475725 0.59561
3 0.453125 0.484003 0.0563616 0.0967262
3 0.40346 0.46875 0.0329241 0.0803571
3 0.49986 0.489583 0.0192523 0.0513393
2 0.0272042 0.586589 0.0544085 0.700335
0 0.039481 0.633836 0.0789621 0.710007
3 0.450753 0.47247 0.111886 0.204613
3 0.497907 0.491443 0.0231585 0.0833333
3 0.45452 0.462798 0.0719866 0.0974703
1 0.0242048 0.728423 0.0484096 0.540179
3 0.483817 0.472842 0.147321 0.267113
0 0.05113 0.559338 0.0846819 0.684896
0 0.0620117 0.628627 0.119559 0.708519
0 0.0220424 0.664435 0.039202 0.293155
3 0.40346 0.468006 0.0558036 0.129464
0 0.034389 0.730655 0.0680804 0.529762
