0 0.387277 0.58724 0.104353 0.611235
1 0.387277 0.58724 0.104353 0.611235
0 0.379185 0.625744 0.151786 0.706845
2 0.387277 0.58724 0.104353 0.611235
1 0.385324 0.499721 0.0926339 0.454427
2 0.382812 0.500093 0.0870536 0.477493
1 0.380022 0.626116 0.144531 0.703125
3 0.385324 0.499721 0.0926339 0.454427
0 0.422991 0.636068 0.21875 0.717448
0 0.385324 0.499721 0.0926339 0.454427
3 0.387277 0.58724 0.104353 0.611235
0 0.53404 0.450521 0.397321 0.633185
0 0.354074 0.63058 0.237723 0.718006
0 0.404855 0.685268 0.139509 0.608631
2 0.380022 0.626116 0.144531 0.703125
