1 0.555943 0.553199 0.23298 0.741816
3 0.978795 0.577753 0.0368303 0.127232
0 0.545201 0.525949 0.24442 0.675781
0 0.321987 0.333054 0.529018 0.665737
0 0.377511 0.346261 0.323103 0.608073
1 0.479353 0.518415 0.174107 0.555431
0 0.429688 0.387463 0.268973 0.614955
2 0.979353 0.577009 0.0379464 0.126488
1 0.381278 0.344494 0.344587 0.614583
0 0.444615 0.477865 0.184431 0.565104
1 0.516741 0.511812 0.290179 0.626674
1 0.550642 0.471819 0.191127 0.608445
1 0.444615 0.477865 0.184431 0.565104
1 0.979353 0.577009 0.0379464 0.126488
2 0.564593 0.572545 0.248047 0.719494
0 0.479353 0.518415 0.174107 0.555431
1 0.414342 0.429222 0.106027 0.451079
0 0.979353 0.577009 0.0379464 0.126488
0 0.414342 0.429222 0.106027 0.451079
0 0.437221 0.381417 0.146763 0.563058
0 0.47447 0.354911 0.189453 0.530506
1 0.582729 0.654018 0.247489 0.599702
1 0.409877 0.469494 0.0842634 0.339286
3 0.978795 0.584449 0.0424107 0.181548
3 0.545201 0.525949 0.24442 0.675781
0 0.411272 0.336217 0.190848 0.580543
1 0.415179 0.37314 0.143973 0.544643
1 0.323521 0.331845 0.544922 0.663691
1 0.429688 0.387463 0.268973 0.614955
0 0.409877 0.469494 0.0842634 0.339286
0 0.492467 0.464193 0.303013 0.632626
3 0.973772 0.558036 0.0379464 0.15253
0 0.579102 0.629836 0.244699 0.627232
2 0.381278 0.344494 0.344587 0.614583
2 0.479353 0.518415 0.174107 0.555431
1 0.47168 0.39881 0.186105 0.569941
2 0.978795 0.584449 0.0424107 0.181548
1 0.427734 0.512277 0.0842634 0.457589
1 0.417969 0.485863 0.135603 0.34375
1 0.432478 0.430432 0.130022 0.530506
3 0.230748 0.566964 0.0407366 0.101935
2 0.323521 0.331845 0.544922 0.663691
2 0.444615 0.477865 0.184431 0.565104
1 0.977679 0.573661 0.0446428 0.197917
3 0.986328 0.59003 0.0273438 0.18378
3 0.212891 0.572545 0.0290179 0.09375
1 0.410435 0.50744 0.0647321 0.238839
3 0.323521 0.331845 0.544922 0.663691
1 0.487165 0.579055 0.236607 0.535342
0 0.417969 0.485863 0.135603 0.34375
