1 0.433594 0.548363 0.174107 0.635417
3 0.979911 0.578869 0.0379464 0.127232
0 0.318359 0.337426 0.489397 0.674851
0 0.431083 0.547061 0.171317 0.626116
2 0.979911 0.578125 0.0379464 0.125744
0 0.385603 0.381882 0.300223 0.638021
1 0.979911 0.578497 0.0368303 0.120536
2 0.432059 0.546875 0.17048 0.638393
0 0.979911 0.578125 0.0379464 0.125744
0 0.436244 0.328869 0.455636 0.645833
3 0.978795 0.58631 0.0424107 0.179315
0 0.401646 0.515067 0.249163 0.699033
0 0.419085 0.404762 0.143415 0.550595
1 0.395647 0.560454 0.140625 0.596354
1 0.31543 0.33817 0.516462 0.676339
3 0.431083 0.547061 0.171317 0.626116
2 0.978795 0.58631 0.0424107 0.179315
1 0.420759 0.639695 0.148438 0.512277
1 0.909598 0.350353 0.172991 0.623698
0 0.33231 0.346075 0.233259 0.611421
0 0.909598 0.350353 0.172991 0.623698
0 0.441127 0.357515 0.174665 0.572173
3 0.231027 0.567336 0.0362723 0.0974703
3 0.211914 0.573661 0.0281808 0.0907738
3 0.973772 0.55878 0.0379464 0.154762
0 0.333915 0.513858 0.335519 0.649368
1 0.977679 0.575149 0.0446428 0.196429
0 0.395926 0.538504 0.157366 0.604539
1 0.401646 0.515067 0.249163 0.699033
0 0.2726 0.713542 0.436384 0.5625
0 0.350446 0.519531 0.209821 0.618676
0 0.468052 0.399926 0.149833 0.561012
2 0.31543 0.33817 0.516462 0.676339
3 0.986328 0.59003 0.0273438 0.189732
3 0.224888 0.53125 0.0385045 0.14881
