3 0.297712 0.457589 0.0652902 0.168899
2 0.296596 0.459821 0.0697545 0.175595
3 0.306641 0.477307 0.0814732 0.245536
3 0.467076 0.462054 0.0608259 0.125744
2 0.306641 0.477307 0.0814732 0.245536
0 0.381417 0.666295 0.259487 0.627232
3 0.48591 0.467634 0.030413 0.0877976
3 0.454102 0.481399 0.113002 0.256696
1 0.306641 0.477307 0.0814732 0.245536
0 0.306641 0.477307 0.0814732 0.245536
1 0.468052 0.46131 0.0638951 0.134673
3 0.485491 0.467634 0.0412947 0.167411
3 0.474191 0.46875 0.123047 0.308036
0 0.297991 0.460938 0.0736607 0.172619
1 0.297991 0.459077 0.063058 0.16369
3 0.307757 0.46131 0.0552455 0.148809
1 0.381417 0.666295 0.259487 0.627232
0 0.465402 0.461682 0.0669643 0.137649
0 0.451032 0.478423 0.13923 0.257441
3 0.476005 0.481027 0.0418527 0.126488
3 0.441127 0.464286 0.0518973 0.119792
0 0.474191 0.46875 0.123047 0.308036
0 0.294364 0.660342 0.15625 0.631696
3 0.481445 0.481027 0.0393415 0.0796131
3 0.473214 0.481771 0.0496652 0.18006
3 0.440569 0.467634 0.077567 0.19494
1 0.474191 0.46875 0.123047 0.308036
3 0.440848 0.460938 0.0357143 0.106399
