2 0.0856585 0.475446 0.0923549 0.278274
3 0.675781 0.470238 0.046875 0.127976
0 0.0797991 0.652902 0.124442 0.671875
3 0.683036 0.462798 0.0401785 0.124256
1 0.0859375 0.506324 0.101842 0.361607
0 0.0859375 0.506324 0.101842 0.361607
3 0.669643 0.46689 0.0647322 0.167411
1 0.0806362 0.652158 0.118583 0.671875
3 0.685268 0.484375 0.0290178 0.0863095
3 0.0856585 0.475446 0.0923549 0.278274
3 0.665737 0.468378 0.114955 0.285714
3 0.673549 0.478795 0.0680803 0.243304
2 0.0800781 0.528367 0.0970982 0.476004
2 0.0806362 0.652158 0.118583 0.671875
1 0.675781 0.469866 0.0513393 0.133185
2 0.0889718 0.480655 0.0673131 0.151042
0 0.677455 0.472098 0.0502232 0.125744
0 0.665737 0.468378 0.114955 0.285714
2 0.0859375 0.445592 0.116629 0.363281
1 0.0926339 0.473958 0.0851004 0.276786
1 0.665737 0.468378 0.114955 0.285714
2 0.0966448 0.49814 0.065639 0.227679
2 0.675781 0.469866 0.0513393 0.133185
1 0.669643 0.46689 0.0647322 0.167411
3 0.0966448 0.49814 0.065639 0.227679
0 0.105469 0.661086 0.146205 0.62872
