0 0.939174 0.601935 0.110491 0.77381
0 0.396624 0.332496 0.356306 0.610305
0 0.325963 0.332217 0.541155 0.664435
1 0.925781 0.338542 0.145089 0.677083
0 0.916295 0.451637 0.148438 0.815476
1 0.930804 0.465402 0.128348 0.819196
0 0.945033 0.336124 0.109933 0.672247
1 0.939174 0.601935 0.110491 0.77381
1 0.884487 0.350539 0.19308 0.663504
1 0.400181 0.331473 0.372628 0.614583
0 0.443917 0.353888 0.169085 0.563058
0 0.48577 0.333333 0.276228 0.616816
0 0.891741 0.392113 0.215402 0.784226
1 0.443917 0.353888 0.169085 0.563058
0 0.494699 0.331008 0.453683 0.6609
2 0.935268 0.602121 0.118304 0.774926
0 0.901786 0.602865 0.196429 0.776414
1 0.325963 0.330729 0.5512 0.661458
2 0.916295 0.451637 0.148438 0.815476
1 0.958147 0.338821 0.078125 0.64974
2 0.945033 0.336124 0.109933 0.672247
2 0.396624 0.332496 0.356306 0.610305
0 0.856306 0.625465 0.287388 0.74907
3 0.2274 0.566964 0.0418527 0.104911
3 0.376395 0.331752 0.425781 0.634115
3 0.213728 0.570685 0.031808 0.0982143
0 0.544085 0.334077 0.206473 0.571429
3 0.935268 0.602121 0.11942 0.777902
2 0.325963 0.330729 0.5512 0.661458
0 0.945312 0.720238 0.100446 0.537202
0 0.850447 0.34747 0.219866 0.634673
1 0.944197 0.281994 0.104911 0.563988
0 0.417411 0.413318 0.144531 0.468006
3 0.925781 0.338542 0.145089 0.677083
3 0.229074 0.563988 0.0664062 0.180804
0 0.409459 0.313244 0.194475 0.5625
3 0.214007 0.534226 0.0345982 0.153274
0 0.578683 0.353051 0.376116 0.65625
3 0.213728 0.56808 0.0502232 0.150298
0 0.381417 0.361607 0.209263 0.55506
0 0.336496 0.36077 0.249442 0.579055
1 0.84933 0.313337 0.215402 0.612909
2 0.891741 0.339844 0.216518 0.679688
3 0.225167 0.533482 0.047433 0.166667
