3 0.310268 0.454241 0.0714286 0.194196
2 0.309989 0.456845 0.0758929 0.197917
3 0.506138 0.462426 0.0479911 0.130208
3 0.50279 0.477307 0.0647321 0.172619
3 0.495954 0.459821 0.0438058 0.122024
3 0.508371 0.488839 0.0613839 0.257441
1 0.311942 0.46503 0.0758929 0.250744
0 0.311942 0.46503 0.0758929 0.250744
1 0.50279 0.477307 0.0647321 0.172619
3 0.474609 0.463914 0.0189732 0.0758929
1 0.505441 0.463914 0.0482701 0.127232
0 0.506696 0.470238 0.0658482 0.172619
1 0.508371 0.488839 0.0613839 0.257441
0 0.508371 0.488839 0.0613839 0.257441
0 0.50558 0.462426 0.0479911 0.125744
3 0.301618 0.449033 0.0647321 0.160714
0 0.297154 0.656622 0.15067 0.654018
3 0.522321 0.466518 0.0345982 0.110863
3 0.473772 0.464658 0.0440848 0.11756
3 0.50572 0.475074 0.0912388 0.194196
3 0.49428 0.482143 0.0382255 0.126488
3 0.521066 0.468378 0.0493862 0.120536
2 0.504046 0.463914 0.0521764 0.129464
