0 0.600446 0.682106 0.106027 0.594122
0 0.546875 0.666109 0.226562 0.575521
3 0.364676 0.523066 0.0385045 0.119792
3 0.37221 0.497396 0.0373884 0.0691964
3 0.372489 0.500744 0.0345982 0.116071
0 0.491629 0.668899 0.188616 0.568452
3 0.373326 0.518229 0.0446429 0.0803571
1 0.546875 0.666109 0.226562 0.575521
1 0.600446 0.682106 0.106027 0.594122
3 0.371373 0.526042 0.0574777 0.252232
3 0.362165 0.491443 0.0323661 0.0669643
3 0.370257 0.56064 0.0435268 0.195685
3 0.361886 0.494792 0.0334821 0.113095
1 0.491629 0.668899 0.188616 0.568452
0 0.359933 0.641183 0.167969 0.664062
3 0.371094 0.565476 0.0647321 0.360119
0 0.493862 0.681176 0.311384 0.612351
3 0.361049 0.566964 0.0457589 0.197917
1 0.582031 0.554316 0.0502232 0.270833
1 0.359933 0.641183 0.167969 0.664062
3 0.554129 0.538318 0.0569196 0.218006
1 0.587054 0.594866 0.0669642 0.401042
1 0.390067 0.646577 0.158482 0.602679
1 0.554129 0.538318 0.0569196 0.218006
1 0.580915 0.547619 0.0368304 0.223958
0 0.390067 0.646577 0.158482 0.602679
2 0.546875 0.666109 0.226562 0.575521
1 0.364676 0.523066 0.0385045 0.119792
1 0.364955 0.655134 0.0970982 0.545387
1 0.371373 0.526042 0.0574777 0.252232
0 0.624442 0.688988 0.172991 0.602679
3 0.573103 0.557292 0.0334821 0.102679
3 0.362165 0.495536 0.0507812 0.232887
1 0.508371 0.616815 0.133929 0.369048
3 0.521066 0.533854 0.0795201 0.228423
0 0.587054 0.594866 0.0669642 0.401042
