1 0.90346 0.543899 0.143973 0.325893
3 0.979911 0.575149 0.0390625 0.135417
0 0.396484 0.332496 0.351004 0.608817
0 0.32373 0.332496 0.541155 0.6609
2 0.976004 0.573289 0.0479911 0.145089
2 0.90625 0.542411 0.138393 0.303571
1 0.976004 0.573289 0.0479911 0.145089
1 0.927455 0.541295 0.106027 0.262649
0 0.444057 0.352307 0.166574 0.561012
1 0.979353 0.578497 0.0368304 0.125744
3 0.90625 0.542411 0.138393 0.303571
0 0.904576 0.542225 0.138393 0.302455
1 0.400391 0.331473 0.367746 0.613095
2 0.979353 0.578497 0.0368304 0.125744
0 0.888393 0.389695 0.1875 0.61942
0 0.484375 0.334728 0.264509 0.610305
3 0.931362 0.540551 0.106027 0.273065
1 0.444057 0.352307 0.166574 0.561012
1 0.904018 0.393043 0.158482 0.600818
0 0.979911 0.575149 0.0390625 0.135417
1 0.887277 0.542039 0.166295 0.40997
2 0.931362 0.540551 0.106027 0.273065
1 0.32394 0.330357 0.553013 0.660714
1 0.977679 0.549851 0.0446428 0.219494
0 0.494141 0.33045 0.435826 0.65904
3 0.977679 0.549851 0.0446428 0.219494
2 0.977679 0.549851 0.0446428 0.219494
3 0.967076 0.587798 0.063616 0.153274
2 0.396484 0.332496 0.351004 0.608817
0 0.927455 0.541295 0.106027 0.262649
3 0.215193 0.531622 0.0355748 0.158482
1 0.938616 0.572545 0.0915178 0.22247
2 0.943638 0.520647 0.102678 0.360491
3 0.226562 0.56436 0.0407366 0.106399
3 0.375419 0.331008 0.416574 0.631138
3 0.2131 0.571429 0.0302734 0.0982143
2 0.32394 0.330357 0.553013 0.660714
3 0.973214 0.589658 0.0457589 0.12128
0 0.545759 0.333333 0.204241 0.568452
3 0.223005 0.529018 0.0472935 0.168155
0 0.418527 0.414156 0.141183 0.464844
0 0.412109 0.315476 0.205915 0.567708
1 0.943638 0.520647 0.102678 0.360491
3 0.228446 0.561756 0.0620815 0.171875
0 0.336217 0.360491 0.25 0.582589
3 0.98577 0.589286 0.0284598 0.18006
0 0.977679 0.549851 0.0446428 0.219494
0 0.579241 0.35426 0.364955 0.641183
3 0.213379 0.56808 0.0442243 0.142857
3 0.214844 0.529018 0.0530134 0.194196
