3 0.978795 0.577381 0.0379465 0.127232
1 0.166574 0.559896 0.173549 0.417411
0 0.396205 0.334077 0.354911 0.602679
0 0.306362 0.343378 0.472098 0.686756
1 0.180315 0.538225 0.248744 0.481585
0 0.188058 0.500279 0.254464 0.581287
0 0.442243 0.355004 0.171317 0.559338
2 0.979353 0.576265 0.0390625 0.127976
1 0.399623 0.33324 0.373744 0.608817
0 0.237095 0.419178 0.403041 0.692894
0 0.486189 0.334356 0.283203 0.621466
0 0.166643 0.545294 0.186802 0.483817
1 0.979353 0.576265 0.0390625 0.127976
2 0.163644 0.542318 0.177734 0.476376
1 0.442243 0.355004 0.171317 0.559338
0 0.497768 0.331752 0.466518 0.6609
3 0.978516 0.582961 0.0429688 0.170387
0 0.979353 0.576265 0.0390625 0.127976
2 0.18621 0.498512 0.248117 0.613095
1 0.308943 0.344122 0.504883 0.688244
0 0.144775 0.495164 0.204869 0.625744
1 0.237095 0.419178 0.403041 0.692894
2 0.977121 0.573661 0.0435267 0.186012
3 0.180315 0.538225 0.248744 0.481585
1 0.144775 0.495164 0.204869 0.625744
2 0.396205 0.334077 0.354911 0.602679
1 0.2131 0.593378 0.307059 0.488839
1 0.977121 0.573661 0.0435267 0.186012
3 0.166574 0.559896 0.173549 0.417411
3 0.973772 0.559152 0.0390625 0.146577
1 0.160993 0.541481 0.152902 0.299479
1 0.21875 0.602307 0.209821 0.460565
0 0.418248 0.413597 0.145647 0.460007
2 0.308943 0.344122 0.504883 0.688244
0 0.580357 0.35426 0.386161 0.663505
0 0.544782 0.334542 0.215123 0.580915
3 0.308943 0.344122 0.504883 0.688244
1 0.188756 0.639881 0.17048 0.394345
0 0.314383 0.399182 0.324358 0.581101
1 0.418248 0.413597 0.145647 0.460007
1 0.217076 0.489118 0.242746 0.539621
0 0.408901 0.3125 0.202288 0.563244
3 0.396205 0.334077 0.354911 0.602679
1 0.223493 0.646949 0.162946 0.412946
