1 0.917411 0.534784 0.148438 0.638765
0 0.385114 0.332961 0.368164 0.616071
0 0.33238 0.332589 0.539481 0.65997
1 0.981027 0.569754 0.03125 0.330729
1 0.983259 0.575149 0.0267858 0.174851
2 0.983259 0.575149 0.0267858 0.174851
1 0.388044 0.331845 0.382394 0.619048
2 0.981027 0.569754 0.03125 0.330729
0 0.442522 0.353051 0.172991 0.564732
0 0.917969 0.53218 0.148438 0.62314
3 0.985491 0.577381 0.0234375 0.12872
1 0.980469 0.555804 0.0345983 0.477679
0 0.484096 0.336775 0.250558 0.609189
3 0.983259 0.575149 0.0267858 0.174851
3 0.981027 0.569754 0.03125 0.330729
0 0.981027 0.569754 0.03125 0.330729
1 0.442522 0.353051 0.172991 0.564732
1 0.985491 0.577939 0.0279018 0.281622
2 0.916853 0.533203 0.147321 0.613653
3 0.985491 0.577939 0.0279018 0.281622
1 0.331403 0.330729 0.550363 0.661458
2 0.984933 0.585193 0.0256697 0.119792
1 0.984933 0.585193 0.0256697 0.119792
2 0.370117 0.331566 0.422712 0.632999
3 0.230748 0.567336 0.0407366 0.102679
1 0.913504 0.663132 0.147321 0.456473
0 0.492746 0.331101 0.434152 0.662202
0 0.983259 0.575149 0.0267858 0.174851
3 0.917969 0.53218 0.148438 0.62314
2 0.985491 0.577939 0.0279018 0.281622
3 0.370117 0.331566 0.422712 0.632999
2 0.980469 0.555804 0.0345983 0.477679
0 0.980469 0.555804 0.0345983 0.477679
3 0.214007 0.575149 0.030692 0.0930059
3 0.232701 0.564732 0.0647321 0.188244
1 0.943638 0.566964 0.101562 0.267857
0 0.985491 0.577939 0.0279018 0.281622
3 0.980469 0.555804 0.0345983 0.477679
0 0.410575 0.315104 0.214565 0.569941
3 0.224051 0.575521 0.0334821 0.0922619
0 0.546456 0.334077 0.181641 0.5625
3 0.227958 0.534226 0.0452009 0.15625
0 0.417411 0.410807 0.154576 0.47154
3 0.213658 0.571801 0.0503627 0.150298
