3 0.978795 0.577381 0.0379465 0.127976
1 0.59933 0.554874 0.196429 0.690848
0 0.400391 0.333984 0.336496 0.601376
0 0.316058 0.334077 0.54534 0.662202
0 0.59096 0.541016 0.21317 0.678385
1 0.404018 0.332961 0.359375 0.607887
0 0.568638 0.590495 0.316964 0.716332
0 0.444894 0.354632 0.155971 0.56901
2 0.978795 0.577381 0.0390625 0.127232
1 0.444894 0.354632 0.155971 0.56901
0 0.512835 0.376488 0.262277 0.613095
0 0.560826 0.471819 0.233259 0.645647
1 0.978795 0.577381 0.0379465 0.122768
1 0.568638 0.590495 0.316964 0.716332
1 0.617188 0.636905 0.165179 0.59375
3 0.978516 0.583333 0.0429688 0.177083
0 0.978795 0.576637 0.0390625 0.127976
0 0.461217 0.389881 0.217076 0.545387
1 0.566406 0.471726 0.225446 0.645833
1 0.637277 0.54455 0.185268 0.623698
1 0.316337 0.331845 0.559291 0.663691
1 0.59096 0.451916 0.157366 0.505394
2 0.400391 0.333984 0.336496 0.601376
2 0.59933 0.554874 0.196429 0.690848
0 0.507812 0.423456 0.189732 0.544457
1 0.601004 0.661458 0.242188 0.577381
1 0.512835 0.376488 0.262277 0.613095
2 0.978516 0.583333 0.0429688 0.177083
1 0.459821 0.394438 0.21875 0.542969
0 0.518415 0.526972 0.196429 0.56808
0 0.491211 0.337798 0.419364 0.647321
3 0.373465 0.332496 0.422712 0.632627
0 0.632254 0.562872 0.176339 0.619792
3 0.598214 0.55785 0.236607 0.68192
1 0.977121 0.573661 0.0435267 0.192708
2 0.316337 0.331845 0.559291 0.663691
3 0.973772 0.559524 0.0379464 0.153274
0 0.59933 0.641369 0.178571 0.605655
1 0.507812 0.423456 0.189732 0.544457
0 0.417411 0.414807 0.118304 0.449405
0 0.63058 0.584542 0.252232 0.716332
1 0.417411 0.414807 0.118304 0.449405
0 0.905692 0.347005 0.184152 0.627418
3 0.230678 0.565104 0.039202 0.0997024
1 0.905692 0.347005 0.184152 0.627418
0 0.535017 0.678571 0.365234 0.580357
3 0.213588 0.569196 0.0304129 0.09375
0 0.488002 0.619234 0.392299 0.547247
3 0.448661 0.342355 0.305804 0.605469
0 0.41197 0.315104 0.191685 0.563988
0 0.381696 0.365606 0.186384 0.550037
0 0.332868 0.363467 0.237165 0.585565
0 0.472656 0.48577 0.226562 0.424293
1 0.518415 0.526972 0.196429 0.56808
