2 0.933594 0.436384 0.123884 0.345982
1 0.934152 0.436012 0.122768 0.342262
1 0.366908 0.632069 0.0965402 0.640625
0 0.36635 0.632999 0.105469 0.638765
3 0.36356 0.53125 0.0429688 0.167411
0 0.349888 0.694196 0.130022 0.575893
0 0.934152 0.436012 0.122768 0.342262
3 0.370536 0.539435 0.0608259 0.386905
3 0.933594 0.436849 0.123884 0.345052
1 0.369699 0.576637 0.0658482 0.46131
3 0.370815 0.501488 0.0379464 0.0647321
3 0.369699 0.573475 0.0513393 0.242932
2 0.366908 0.632069 0.0965402 0.640625
3 0.364397 0.586496 0.102679 0.606771
3 0.369699 0.504464 0.0385045 0.168155
3 0.362723 0.52567 0.0418527 0.09375
1 0.349888 0.694196 0.130022 0.575893
3 0.359933 0.494792 0.0340402 0.0662203
3 0.371652 0.52939 0.0457589 0.0900298
1 0.364118 0.53032 0.0602679 0.326265
3 0.368862 0.619048 0.0691964 0.501488
3 0.360491 0.498512 0.0373884 0.151786
0 0.369699 0.576637 0.0658482 0.46131
1 0.369699 0.573475 0.0513393 0.242932
1 0.36356 0.53125 0.0429688 0.167411
3 0.361049 0.49814 0.0552455 0.322917
0 0.364118 0.53032 0.0602679 0.326265
3 0.353237 0.665551 0.111049 0.600446
