1 0.86942 0.539993 0.0982143 0.327753
3 0.979353 0.576637 0.0379464 0.131696
0 0.389648 0.334077 0.361328 0.612351
0 0.327706 0.334077 0.547712 0.664435
2 0.868862 0.539993 0.0970983 0.321801
2 0.978795 0.576265 0.0390625 0.131696
1 0.393415 0.332496 0.377232 0.616257
0 0.441685 0.353795 0.174665 0.567708
0 0.871094 0.536644 0.100446 0.321057
1 0.979353 0.578125 0.0368304 0.122768
0 0.487165 0.335472 0.283482 0.616257
1 0.441685 0.353795 0.174665 0.567708
0 0.979353 0.575521 0.0379464 0.127232
0 0.497768 0.331845 0.465402 0.663691
1 0.319964 0.335565 0.487305 0.671131
2 0.967634 0.566964 0.0591517 0.184524
3 0.975447 0.582961 0.0479911 0.188988
0 0.912947 0.381696 0.146205 0.591518
2 0.975447 0.582961 0.0479911 0.188988
3 0.868862 0.539621 0.0970983 0.322545
3 0.967634 0.566964 0.0591517 0.184524
2 0.393415 0.332496 0.377232 0.616257
1 0.967634 0.566964 0.0591517 0.184524
0 0.874442 0.401786 0.15625 0.560268
3 0.230678 0.565476 0.038644 0.0997024
2 0.3268 0.332217 0.55957 0.664435
3 0.374093 0.33231 0.427037 0.634487
1 0.912947 0.381696 0.146205 0.591518
0 0.418527 0.412481 0.139509 0.466704
1 0.885603 0.553943 0.0959822 0.280506
3 0.213379 0.571057 0.0297154 0.0900298
0 0.967634 0.566964 0.0591517 0.184524
1 0.418527 0.412481 0.139509 0.466704
0 0.382812 0.360026 0.213728 0.562686
1 0.888951 0.525484 0.205357 0.367188
3 0.232701 0.563616 0.0664062 0.181548
0 0.336217 0.362723 0.245536 0.584821
3 0.214076 0.533482 0.0339007 0.143601
0 0.544643 0.334449 0.202009 0.571429
3 0.224958 0.573661 0.0311105 0.0907738
0 0.975447 0.582961 0.0479911 0.188988
