1 0.852121 0.545759 0.117188 0.332589
3 0.978795 0.575149 0.0401785 0.133929
0 0.402065 0.333984 0.327567 0.601376
0 0.317871 0.333333 0.539481 0.663691
2 0.851562 0.544271 0.114955 0.329613
1 0.40639 0.333426 0.343471 0.605469
0 0.445033 0.331566 0.193638 0.604725
1 0.444336 0.351191 0.1649 0.56622
1 0.871094 0.532738 0.132812 0.41369
2 0.978237 0.575149 0.0390625 0.13244
1 0.978795 0.574033 0.0390625 0.129464
0 0.851562 0.544271 0.112723 0.328125
0 0.495675 0.33417 0.343471 0.623326
0 0.978795 0.574033 0.0390625 0.129464
0 0.866629 0.530506 0.137277 0.400298
3 0.977121 0.567708 0.0446428 0.200149
1 0.31815 0.331473 0.5512 0.662946
3 0.851562 0.544271 0.112723 0.328125
2 0.871094 0.532738 0.132812 0.41369
2 0.402065 0.333984 0.327567 0.601376
1 0.977121 0.567708 0.0446428 0.200149
0 0.444754 0.403274 0.149554 0.491071
0 0.913504 0.381696 0.149554 0.588542
0 0.875 0.401786 0.177455 0.572173
2 0.31815 0.331473 0.5512 0.662946
3 0.376744 0.332124 0.401646 0.630394
0 0.544643 0.333426 0.208705 0.580171
2 0.977121 0.567708 0.0446428 0.200149
1 0.907924 0.377232 0.15625 0.601935
1 0.421038 0.412202 0.133929 0.469494
0 0.578683 0.330543 0.429688 0.661086
1 0.835938 0.531994 0.210938 0.358631
0 0.977121 0.567708 0.0446428 0.200149
1 0.486049 0.332589 0.263393 0.614583
0 0.333078 0.363095 0.240095 0.585566
0 0.383371 0.362351 0.199219 0.557292
3 0.232143 0.566964 0.0390625 0.0974703
