3 0.544643 0.457961 0.0736607 0.188244
2 0.339844 0.463914 0.0820312 0.232887
3 0.341239 0.462798 0.0770089 0.226935
2 0.546875 0.456101 0.0881696 0.223958
3 0.53404 0.471726 0.0491071 0.13244
1 0.546875 0.457961 0.0859375 0.201637
0 0.546875 0.457961 0.0859375 0.201637
3 0.529576 0.485491 0.03125 0.110863
1 0.339844 0.478051 0.0848214 0.290923
2 0.545201 0.464658 0.0703125 0.175595
0 0.339844 0.478051 0.0848214 0.290923
3 0.349888 0.466518 0.0530134 0.144345
0 0.351562 0.650856 0.132254 0.668527
3 0.341518 0.447917 0.0675223 0.151042
2 0.342355 0.473214 0.0625 0.147321
3 0.341518 0.488839 0.0513393 0.127976
1 0.344587 0.462798 0.0697545 0.217262
3 0.544643 0.444568 0.103795 0.27753
3 0.3524 0.43936 0.0491071 0.136905
2 0.545201 0.444196 0.110491 0.276786
3 0.351562 0.491071 0.0641741 0.27381
0 0.545201 0.444196 0.110491 0.276786
3 0.33231 0.469122 0.0546875 0.144345
1 0.353795 0.648066 0.114955 0.65625
0 0.344587 0.462798 0.0697545 0.217262
2 0.35519 0.510417 0.109933 0.404762
3 0.55971 0.446801 0.0658483 0.168899
1 0.347098 0.626302 0.0803571 0.571801
2 0.53404 0.471726 0.0491071 0.13244
0 0.381138 0.675595 0.198103 0.627976
1 0.545201 0.444196 0.110491 0.276786
0 0.320871 0.670015 0.127232 0.604911
0 0.347098 0.626302 0.0803571 0.571801
3 0.507812 0.450986 0.159598 0.388207
3 0.541295 0.479167 0.0580357 0.167411
