1 0.772321 0.553757 0.0982143 0.353795
3 0.978795 0.579613 0.0379465 0.127976
0 0.3976 0.332961 0.356585 0.611607
2 0.772321 0.553757 0.0948661 0.350818
0 0.327358 0.332217 0.533901 0.664435
0 0.443359 0.35333 0.169085 0.568638
1 0.400321 0.331845 0.375698 0.616816
2 0.979353 0.579241 0.0390625 0.127976
1 0.979353 0.579241 0.0390625 0.127976
3 0.978795 0.585566 0.0424107 0.168899
0 0.484375 0.335193 0.267857 0.619792
1 0.443359 0.35333 0.169085 0.568638
0 0.979353 0.579241 0.0390625 0.127976
0 0.772321 0.554129 0.0948661 0.356027
1 0.315988 0.336496 0.481864 0.672991
3 0.772321 0.553757 0.0948661 0.350818
0 0.492188 0.332589 0.4375 0.665179
3 0.229911 0.571429 0.0412946 0.0997024
2 0.3976 0.332961 0.356585 0.611607
2 0.977679 0.575149 0.0435268 0.19494
1 0.977679 0.575149 0.0435268 0.19494
3 0.213728 0.576265 0.0334821 0.0900298
3 0.376256 0.331938 0.423828 0.635231
3 0.231306 0.568452 0.0647321 0.155506
0 0.409598 0.313616 0.196429 0.560268
3 0.986328 0.591518 0.0273438 0.181548
0 0.419085 0.412946 0.145647 0.473958
2 0.328823 0.331101 0.549944 0.662202
0 0.543945 0.334821 0.19894 0.571429
3 0.213449 0.573289 0.0563616 0.139137
3 0.974888 0.557664 0.0379465 0.161458
1 0.877232 0.348214 0.229911 0.627232
