1 0.0260882 0.526786 0.0440848 0.552083
1 0.0299944 0.558408 0.0598493 0.703125
0 0.031808 0.498512 0.0626395 0.638393
0 0.0239955 0.459449 0.0432478 0.56622
2 0.0260882 0.526786 0.0440848 0.552083
0 0.0304827 0.612351 0.0609654 0.721726
1 0.0236468 0.413225 0.0429688 0.58724
0 0.0326102 0.360119 0.0652204 0.590774
1 0.0451311 0.495071 0.0874721 0.636347
0 0.0503627 0.481027 0.0890067 0.643601
0 0.0272042 0.649182 0.0485491 0.630208
2 0.031808 0.498512 0.0626395 0.638393
1 0.0272042 0.649182 0.0485491 0.630208
1 0.0306222 0.52567 0.0428292 0.298363
2 0.0304827 0.612351 0.0609654 0.721726
1 0.0348075 0.426711 0.0650112 0.633185
0 0.0666155 0.62314 0.133231 0.74628
1 0.0168108 0.528367 0.0336217 0.542969
0 0.0246931 0.321057 0.0461775 0.570685
1 0.0163574 0.438709 0.0327148 0.516927
2 0.0306222 0.52567 0.0428292 0.298363
1 0.0366908 0.664807 0.0733817 0.656994
0 0.0675921 0.359003 0.126535 0.55506
3 0.0260882 0.526786 0.0440848 0.552083
3 0.0299944 0.558408 0.0598493 0.703125
1 0.0239258 0.495536 0.0405971 0.304315
