1 0.645089 0.450521 0.207589 0.755208
1 0.367746 0.645089 0.0948661 0.59375
0 0.367746 0.646391 0.0993304 0.582217
0 0.642857 0.451451 0.212054 0.745908
1 0.635603 0.579055 0.191964 0.597842
3 0.364676 0.526414 0.0496652 0.139137
3 0.365234 0.591518 0.0887277 0.483631
3 0.365234 0.52753 0.0597098 0.216518
3 0.366629 0.575149 0.0697545 0.395833
3 0.367467 0.499256 0.0485491 0.077381
1 0.366629 0.621652 0.0731027 0.454613
3 0.367188 0.570685 0.0602679 0.238839
2 0.367746 0.645089 0.0948661 0.59375
3 0.367188 0.50372 0.0440848 0.132441
0 0.553571 0.421131 0.333705 0.696429
1 0.617746 0.660342 0.169643 0.430804
0 0.351562 0.686756 0.145089 0.599702
1 0.354353 0.6875 0.138393 0.595238
0 0.635603 0.579055 0.191964 0.597842
2 0.642857 0.451451 0.212054 0.745908
1 0.565709 0.453776 0.288225 0.751674
1 0.365234 0.52753 0.0597098 0.216518
0 0.366629 0.621652 0.0731027 0.454613
3 0.642857 0.451451 0.212054 0.745908
1 0.363839 0.573289 0.0580357 0.238839
1 0.659598 0.665179 0.241071 0.474702
1 0.580915 0.517857 0.18192 0.659226
3 0.358259 0.673549 0.102679 0.563616
1 0.364676 0.526414 0.0496652 0.139137
1 0.606585 0.4375 0.200893 0.666667
2 0.366629 0.621652 0.0731027 0.454613
3 0.379185 0.524368 0.128348 0.489955
0 0.365234 0.52753 0.0597098 0.216518
0 0.617746 0.660342 0.169643 0.430804
1 0.628906 0.656994 0.146205 0.267857
0 0.580915 0.517857 0.18192 0.659226
0 0.490792 0.454055 0.364397 0.699033
1 0.676897 0.434245 0.162946 0.66276
1 0.59654 0.655692 0.0970982 0.261533
0 0.631696 0.663319 0.25 0.469494
0 0.383929 0.522228 0.142857 0.476376
1 0.592634 0.605655 0.100446 0.50744
1 0.582589 0.610305 0.146205 0.585938
1 0.691964 0.549014 0.131696 0.576079
2 0.633371 0.581845 0.185268 0.610119
2 0.367188 0.570685 0.0602679 0.238839
1 0.689174 0.652158 0.122768 0.479911
