3 0.638393 0.468378 0.0301339 0.0907738
3 0.527204 0.462054 0.0795201 0.143601
3 0.631138 0.456845 0.0390625 0.0997024
3 0.646205 0.458333 0.0245536 0.0870536
3 0.521763 0.454613 0.120536 0.267857
3 0.500419 0.46503 0.0505023 0.0863095
3 0.614397 0.467262 0.0502233 0.0922619
3 0.490653 0.464286 0.0454799 0.0922619
3 0.527344 0.452381 0.137277 0.19122
0 0.520787 0.452009 0.136998 0.254464
3 0.476562 0.467634 0.0373884 0.106399
3 0.476005 0.462798 0.0267857 0.0811012
1 0.520787 0.452009 0.136998 0.254464
3 0.499302 0.454241 0.061663 0.115327
3 0.539062 0.449405 0.0569196 0.133185
3 0.647321 0.483259 0.0256696 0.0870536
3 0.475725 0.466146 0.0686384 0.188988
3 0.628348 0.450149 0.103795 0.331845
3 0.649554 0.483259 0.0267858 0.0632441
0 0.52846 0.460938 0.0870536 0.153274
1 0.52846 0.460938 0.0870536 0.153274
3 0.603237 0.450521 0.0535714 0.0922619
3 0.520089 0.405878 0.0569197 0.189732
1 0.637835 0.466518 0.0334822 0.0982143
0 0.637835 0.466518 0.0334822 0.0982143
3 0.62779 0.480283 0.0334821 0.0907738
3 0.592634 0.450893 0.138393 0.237351
3 0.473214 0.445685 0.0446428 0.119048
3 0.601004 0.450893 0.0703125 0.114583
3 0.542969 0.40439 0.0558036 0.167411
