3 0.978795 0.576637 0.0368303 0.129464
0 0.803572 0.539435 0.196429 0.748512
0 0.40625 0.33417 0.329241 0.601004
1 0.809152 0.525391 0.19308 0.696243
0 0.322754 0.331845 0.533064 0.663691
0 0.77846 0.579241 0.287946 0.752232
0 0.44601 0.331752 0.195033 0.602865
1 0.410435 0.333426 0.345424 0.603981
2 0.978795 0.575893 0.0379465 0.130952
1 0.445033 0.350818 0.166853 0.563244
1 0.978795 0.575149 0.0379465 0.130208
1 0.821987 0.641927 0.183036 0.614955
1 0.77846 0.579241 0.287946 0.752232
0 0.845424 0.544829 0.166295 0.648438
1 0.78404 0.468099 0.180804 0.602493
0 0.978795 0.575149 0.0379465 0.130208
2 0.80971 0.524554 0.19308 0.686012
1 0.925223 0.353702 0.140625 0.603609
0 0.491071 0.335472 0.332589 0.619234
1 0.323172 0.330357 0.546736 0.660714
0 0.814732 0.660714 0.202009 0.599702
3 0.810826 0.523158 0.223214 0.693266
3 0.977679 0.579613 0.0446428 0.229167
2 0.40625 0.33417 0.329241 0.601004
0 0.445592 0.401786 0.151228 0.487351
2 0.977679 0.570685 0.0446428 0.1875
0 0.925223 0.353702 0.140625 0.603609
0 0.672433 0.694382 0.378348 0.563616
3 0.974888 0.555804 0.0357143 0.181548
3 0.229353 0.567708 0.0401786 0.0997024
3 0.379046 0.33138 0.400391 0.630394
2 0.323172 0.330357 0.546736 0.660714
1 0.845424 0.544829 0.166295 0.648438
3 0.213449 0.571801 0.031808 0.094494
3 0.230748 0.563988 0.0641741 0.177083
0 0.501116 0.333705 0.209821 0.598958
3 0.214286 0.532738 0.0368304 0.15625
1 0.420759 0.412574 0.132813 0.462798
0 0.332659 0.363932 0.243164 0.580171
0 0.948661 0.371652 0.0959822 0.581101
3 0.224888 0.532366 0.046875 0.162946
0 0.746652 0.668899 0.324777 0.605655
1 0.464565 0.403553 0.128906 0.477121
1 0.977679 0.570685 0.0446428 0.1875
1 0.483119 0.334728 0.251395 0.610305
2 0.77846 0.579241 0.287946 0.752232
