3 0.417969 0.478795 0.0295759 0.0870536
3 0.251395 0.486235 0.0256696 0.0684524
3 0.253627 0.49256 0.031808 0.09375
3 0.408761 0.482515 0.0234375 0.0721726
1 0.253627 0.49256 0.031808 0.09375
3 0.426897 0.462054 0.0323661 0.0848214
1 0.416853 0.482515 0.0295759 0.0840774
0 0.417969 0.478423 0.03125 0.0885417
1 0.251395 0.486235 0.0256696 0.0684524
0 0.253627 0.49256 0.031808 0.09375
3 0.248047 0.46503 0.0217634 0.0892857
3 0.246652 0.466518 0.0206473 0.0520833
2 0.417969 0.475818 0.031808 0.0915179
0 0.251395 0.486235 0.0256696 0.0684524
3 0.428013 0.488095 0.0284598 0.0885417
3 0.253069 0.468006 0.0228795 0.0580357
2 0.253906 0.492188 0.0290179 0.0840774
3 0.427734 0.489955 0.0340402 0.130952
