3 0.545759 0.473586 0.045759 0.107143
3 0.0820312 0.517857 0.0198103 0.0587798
3 0.546317 0.473586 0.0591518 0.136161
3 0.0771484 0.531622 0.0220424 0.0699405
3 0.0819266 0.529762 0.0219727 0.0528274
1 0.546317 0.473586 0.0591518 0.136161
3 0.0782296 0.510789 0.0293666 0.0915178
3 0.555804 0.475074 0.0424108 0.0892857
3 0.078404 0.513021 0.031529 0.135417
0 0.546317 0.473586 0.0591518 0.136161
1 0.546317 0.47433 0.045759 0.107887
0 0.545759 0.478795 0.045759 0.104911
3 0.537388 0.483259 0.0446429 0.107143
3 0.069615 0.49814 0.03125 0.103423
1 0.0801828 0.517857 0.020159 0.0558036
3 0.0916574 0.519345 0.0223214 0.0580357
3 0.0702776 0.49814 0.0302037 0.0669643
3 0.0759277 0.532738 0.0317383 0.133929
2 0.546317 0.47433 0.045759 0.107887
3 0.534598 0.466146 0.0524554 0.0997024
2 0.0801828 0.517857 0.020159 0.0558036
2 0.546317 0.473586 0.0591518 0.136161
0 0.0801828 0.517857 0.020159 0.0558036
1 0.078404 0.513021 0.031529 0.135417
1 0.0586984 0.672991 0.0745675 0.542411
3 0.523577 0.467262 0.122489 0.362351
1 0.0771484 0.531622 0.0220424 0.0699405
0 0.0595354 0.703125 0.0896345 0.546131
