0 0.590402 0.602493 0.395089 0.78311
3 0.978795 0.581473 0.0390625 0.12872
0 0.53125 0.394159 0.416295 0.765253
0 0.379395 0.331845 0.54255 0.639881
2 0.979353 0.581473 0.0401786 0.130208
0 0.504464 0.605004 0.417411 0.706659
3 0.976562 0.577009 0.0435267 0.189732
1 0.979353 0.581473 0.0401786 0.130208
1 0.378557 0.332589 0.538644 0.644345
0 0.553013 0.348865 0.305804 0.6609
0 0.979353 0.581473 0.0401786 0.130208
1 0.575893 0.601376 0.440848 0.767485
0 0.642299 0.342262 0.429687 0.684524
2 0.976562 0.577009 0.0435267 0.189732
3 0.232143 0.572917 0.0440848 0.104167
1 0.976562 0.577009 0.0435267 0.189732
1 0.53125 0.392857 0.435268 0.769345
2 0.591099 0.603051 0.409319 0.77753
3 0.233817 0.570685 0.0675223 0.177083
3 0.215193 0.578125 0.0350167 0.0915179
3 0.575893 0.601376 0.440848 0.767485
0 0.588728 0.655134 0.290179 0.655506
3 0.390625 0.520461 0.0574777 0.19494
3 0.985491 0.592262 0.0290178 0.175595
2 0.53125 0.392857 0.435268 0.769345
2 0.379395 0.331845 0.54255 0.639881
3 0.224609 0.581101 0.0373884 0.09375
3 0.53125 0.392857 0.435268 0.769345
0 0.731585 0.334449 0.444196 0.668899
3 0.38072 0.329613 0.604632 0.648066
3 0.214774 0.575521 0.0559431 0.139137
0 0.976562 0.577009 0.0435267 0.189732
3 0.986607 0.594122 0.0267857 0.113095
3 0.230399 0.536458 0.0525949 0.162202
3 0.213937 0.53869 0.0436663 0.155506
3 0.230748 0.593378 0.0435268 0.0818452
