3 0.978795 0.577753 0.0379465 0.125744
1 0.172852 0.544643 0.157645 0.40625
0 0.400112 0.334356 0.337054 0.605097
0 0.305594 0.344122 0.459124 0.688244
2 0.165737 0.545387 0.141183 0.421131
1 0.185826 0.538132 0.241629 0.417783
0 0.443917 0.352679 0.166853 0.56622
1 0.404715 0.333798 0.355748 0.610677
0 0.175363 0.544271 0.162109 0.404018
2 0.978795 0.577381 0.0390625 0.124256
1 0.443917 0.352679 0.166853 0.56622
0 0.484515 0.334449 0.267578 0.617559
1 0.978795 0.577753 0.0368303 0.119792
1 0.166574 0.568824 0.130022 0.30878
0 0.189174 0.502139 0.223772 0.529948
0 0.239955 0.423177 0.320871 0.644717
0 0.978795 0.576637 0.0390625 0.125744
3 0.978516 0.582961 0.0429688 0.171875
0 0.497768 0.331938 0.448661 0.663504
1 0.307338 0.34561 0.494699 0.69122
1 0.199847 0.482887 0.305664 0.5625
2 0.186105 0.501767 0.212612 0.55599
1 0.185965 0.59747 0.134766 0.28125
1 0.219029 0.55878 0.161272 0.386905
2 0.400112 0.334356 0.337054 0.605097
2 0.977121 0.573661 0.0446428 0.191964
3 0.168248 0.555618 0.138951 0.372396
1 0.880022 0.348586 0.220982 0.627232
0 0.131696 0.48577 0.181362 0.583519
2 0.307338 0.34561 0.494699 0.69122
1 0.977121 0.573661 0.0446428 0.191964
3 0.973214 0.559524 0.0379464 0.149554
1 0.239955 0.423177 0.320871 0.644717
0 0.22154 0.527623 0.189174 0.446243
3 0.378697 0.33324 0.412249 0.632627
1 0.139369 0.496373 0.161551 0.517671
0 0.409738 0.313988 0.199498 0.56622
2 0.174665 0.569569 0.142299 0.304316
0 0.420201 0.412481 0.137277 0.466704
0 0.314244 0.396205 0.302316 0.584077
0 0.544085 0.334728 0.206473 0.579055
1 0.420201 0.412481 0.137277 0.466704
0 0.579241 0.354818 0.377232 0.6609
