3 0.978795 0.577381 0.0379465 0.129464
0 0.393555 0.334821 0.355748 0.616071
0 0.315848 0.348958 0.452009 0.697917
1 0.249442 0.526786 0.141741 0.400298
0 0.256138 0.469029 0.233259 0.547061
1 0.254464 0.471168 0.232143 0.578497
1 0.240234 0.554501 0.110491 0.300223
2 0.249442 0.526786 0.141741 0.400298
0 0.237444 0.5266 0.149554 0.411086
0 0.264509 0.448196 0.328683 0.602121
2 0.979353 0.576637 0.0379464 0.12872
0 0.442522 0.353051 0.169643 0.563244
1 0.396833 0.333333 0.373744 0.620536
1 0.979353 0.576637 0.0379464 0.12872
2 0.235491 0.537574 0.107701 0.289435
1 0.442522 0.353051 0.169643 0.563244
2 0.254464 0.471168 0.232143 0.578497
0 0.484654 0.335938 0.272879 0.618304
0 0.979353 0.576637 0.0379464 0.12872
1 0.319964 0.351562 0.481724 0.703125
1 0.224051 0.520089 0.103795 0.391369
0 0.498186 0.331938 0.458984 0.663504
3 0.978795 0.582589 0.0424107 0.184524
0 0.261998 0.49721 0.135603 0.463914
1 0.223284 0.52939 0.0757534 0.270089
0 0.235491 0.537574 0.107701 0.289435
3 0.236049 0.529762 0.124442 0.401786
0 0.21596 0.521949 0.254464 0.450149
2 0.224051 0.520089 0.103795 0.391369
3 0.97433 0.558036 0.0379464 0.156994
2 0.375419 0.33417 0.421038 0.638207
1 0.21596 0.521949 0.254464 0.450149
1 0.303571 0.412946 0.280692 0.58631
2 0.977679 0.572173 0.0446428 0.203125
3 0.235491 0.537574 0.107701 0.289435
1 0.287598 0.501674 0.283064 0.437128
3 0.375419 0.33417 0.421038 0.638207
0 0.332031 0.366815 0.233259 0.598214
0 0.376674 0.362258 0.213728 0.568638
1 0.286482 0.476842 0.155831 0.445127
0 0.226283 0.581659 0.181362 0.440848
3 0.254464 0.471168 0.232143 0.578497
1 0.977679 0.572173 0.0446428 0.203125
1 0.260951 0.500372 0.0969587 0.25744
0 0.418527 0.412202 0.143973 0.463542
1 0.908482 0.346075 0.176339 0.624814
0 0.544643 0.334449 0.199777 0.571429
0 0.908482 0.346075 0.176339 0.624814
0 0.337054 0.475446 0.157366 0.41369
1 0.217913 0.490234 0.137277 0.498698
