3 0.376953 0.454613 0.077567 0.206101
2 0.842634 0.457961 0.0870536 0.255952
3 0.844308 0.450893 0.0803572 0.25
2 0.375837 0.452009 0.0831473 0.209821
1 0.376116 0.454985 0.0809152 0.205357
1 0.842634 0.459821 0.0915179 0.258185
0 0.842634 0.459821 0.0915179 0.258185
3 0.841518 0.481399 0.0904017 0.363095
0 0.376116 0.454985 0.0809152 0.205357
3 0.384208 0.466518 0.061942 0.15625
3 0.393136 0.482143 0.0485491 0.197173
3 0.84096 0.46503 0.0636161 0.151042
2 0.84096 0.46503 0.0636161 0.151042
3 0.36635 0.438988 0.0580357 0.155506
3 0.854911 0.468378 0.0569197 0.146577
2 0.855469 0.507533 0.116071 0.428385
3 0.395647 0.484375 0.0457589 0.139881
