3 0.349051 0.459449 0.0904018 0.191964
3 0.49428 0.437221 0.11077 0.260975
2 0.492885 0.43564 0.122489 0.274554
2 0.349051 0.459449 0.093192 0.192708
1 0.492885 0.43564 0.122489 0.274554
0 0.492885 0.43564 0.122489 0.274554
1 0.349051 0.459449 0.093192 0.192708
3 0.359096 0.469122 0.0680804 0.148809
0 0.349051 0.459449 0.093192 0.192708
3 0.349051 0.454985 0.0742188 0.151786
3 0.467913 0.449777 0.123326 0.229911
3 0.370257 0.475074 0.123884 0.27753
3 0.527902 0.465402 0.0524553 0.201637
3 0.482282 0.453497 0.062221 0.140625
0 0.467355 0.427827 0.244978 0.317708
3 0.506138 0.487723 0.100446 0.34003
1 0.467355 0.427827 0.244978 0.317708
3 0.366629 0.486607 0.0569196 0.124256
0 0.40625 0.668899 0.3125 0.651786
3 0.520508 0.463542 0.0549665 0.147321
3 0.513393 0.438244 0.0691964 0.151786
0 0.47726 0.65253 0.240792 0.665179
