1 0.919643 0.536644 0.120536 0.331473
0 0.392718 0.333426 0.35519 0.608445
0 0.32373 0.331473 0.543387 0.662946
2 0.978795 0.580357 0.0379465 0.133929
3 0.978795 0.580357 0.0368303 0.135417
2 0.966239 0.566592 0.0675223 0.243304
2 0.919643 0.536272 0.113839 0.311384
1 0.965402 0.565848 0.0691964 0.203869
0 0.443917 0.354167 0.170201 0.563244
1 0.396415 0.332589 0.371233 0.611607
1 0.979353 0.582217 0.0345983 0.124256
0 0.921317 0.534412 0.117188 0.312128
3 0.966239 0.566592 0.0675223 0.243304
2 0.976004 0.564732 0.0412947 0.202381
1 0.443917 0.354167 0.170201 0.563244
0 0.483119 0.334728 0.250279 0.608817
1 0.984375 0.579613 0.0290178 0.145089
2 0.952009 0.565662 0.0848214 0.264509
1 0.952009 0.565662 0.0848214 0.264509
3 0.919085 0.535714 0.118304 0.319941
1 0.324009 0.330543 0.556222 0.661086
0 0.978795 0.580357 0.0379465 0.133929
0 0.965402 0.565848 0.0691964 0.203869
2 0.392718 0.333426 0.35519 0.608445
3 0.976004 0.564732 0.0424107 0.223958
0 0.489537 0.330729 0.427176 0.661458
3 0.227748 0.567336 0.0400391 0.103423
3 0.213309 0.574405 0.0298549 0.0922619
2 0.324009 0.330543 0.556222 0.661086
3 0.371652 0.331938 0.422991 0.633743
3 0.986049 0.592634 0.0245536 0.104911
0 0.912388 0.405878 0.137277 0.552083
1 0.976004 0.564732 0.0412947 0.202381
2 0.96596 0.590774 0.0680803 0.165923
0 0.417969 0.414156 0.152344 0.470796
0 0.410714 0.313988 0.200893 0.564732
3 0.229422 0.56436 0.0618025 0.173363
0 0.545619 0.333333 0.186663 0.563244
3 0.213518 0.571057 0.0478516 0.143601
3 0.986049 0.592262 0.0267858 0.174107
3 0.96596 0.590774 0.0680803 0.165923
1 0.897879 0.524368 0.204241 0.356027
3 0.214286 0.535714 0.0362723 0.150298
