3 0.44615 0.449405 0.061942 0.11756
3 0.448661 0.456473 0.078125 0.154018
3 0.467634 0.465402 0.0535715 0.0944941
3 0.476283 0.454241 0.0440848 0.0863095
0 0.448661 0.456473 0.078125 0.154018
1 0.448661 0.456473 0.078125 0.154018
3 0.487165 0.47061 0.0390625 0.0848214
3 0.488142 0.470238 0.0650112 0.197173
3 0.450893 0.468378 0.0904018 0.259673
3 0.472656 0.484003 0.0418527 0.116071
1 0.441406 0.457961 0.0530134 0.118304
3 0.449916 0.460565 0.111328 0.190476
3 0.476842 0.484003 0.0390625 0.077381
0 0.441406 0.457961 0.0530134 0.118304
0 0.450893 0.468378 0.0904018 0.259673
3 0.471819 0.484747 0.0574777 0.170387
0 0.466239 0.46503 0.0591518 0.106399
1 0.466239 0.46503 0.0591518 0.106399
0 0.449916 0.460565 0.111328 0.190476
2 0.448661 0.456473 0.078125 0.154018
3 0.450335 0.415551 0.0513393 0.129464
3 0.451451 0.480283 0.0546875 0.116815
0 0.488142 0.470238 0.0650112 0.197173
