1 0.940848 0.544457 0.118304 0.577753
0 0.394252 0.333054 0.349888 0.606213
0 0.32373 0.332589 0.541155 0.663691
1 0.397461 0.332217 0.365792 0.608631
0 0.442383 0.352679 0.172154 0.563244
1 0.442383 0.352679 0.172154 0.563244
0 0.484515 0.334728 0.256417 0.610305
0 0.938058 0.542783 0.120536 0.593006
1 0.314104 0.334077 0.478934 0.668155
2 0.938616 0.534319 0.11942 0.574219
0 0.495675 0.330822 0.448382 0.659784
1 0.941964 0.659412 0.100446 0.46689
2 0.394252 0.333054 0.349888 0.606213
3 0.939174 0.552827 0.118304 0.590774
3 0.374023 0.331194 0.4149 0.629278
2 0.323172 0.330729 0.555664 0.661458
1 0.926897 0.662202 0.138393 0.537202
0 0.410156 0.313988 0.205357 0.566964
0 0.420201 0.413039 0.143415 0.4641
3 0.232143 0.566964 0.0407366 0.102679
0 0.545201 0.333798 0.184152 0.56901
3 0.211844 0.572917 0.0294364 0.0952381
0 0.334821 0.361514 0.246094 0.576079
1 0.420201 0.413039 0.143415 0.4641
3 0.21303 0.529762 0.0359933 0.157738
1 0.938058 0.431548 0.114955 0.517857
