3 0.978795 0.577753 0.0368303 0.127232
1 0.0438756 0.546317 0.085798 0.46689
0 0.397321 0.332682 0.341518 0.605469
0 0.331683 0.332217 0.524135 0.663691
1 0.402065 0.331845 0.356585 0.607887
0 0.443638 0.354167 0.165179 0.55878
2 0.978795 0.577753 0.0379465 0.125744
0 0.0483398 0.545387 0.0927734 0.453869
1 0.443638 0.354167 0.165179 0.55878
1 0.979353 0.577381 0.0379464 0.127232
0 0.483817 0.335472 0.25558 0.608817
0 0.979353 0.577381 0.0379464 0.127232
2 0.0386091 0.537946 0.0734515 0.452381
1 0.323103 0.335193 0.467634 0.670387
0 0.0665458 0.511347 0.133092 0.566592
3 0.978795 0.58631 0.0424107 0.189732
1 0.0445033 0.536458 0.078125 0.305804
0 0.49442 0.331101 0.4375 0.662202
2 0.402065 0.331845 0.356585 0.607887
1 0.0632673 0.512277 0.126535 0.570685
3 0.0435965 0.539249 0.0835658 0.457217
3 0.973772 0.558036 0.0379464 0.154762
3 0.375 0.331473 0.414062 0.631696
2 0.330566 0.331101 0.536412 0.662202
1 0.907924 0.348679 0.179688 0.625558
0 0.419085 0.412853 0.140067 0.464472
2 0.978795 0.58631 0.0424107 0.189732
0 0.411551 0.314453 0.205915 0.573475
3 0.230399 0.568824 0.039202 0.0967262
0 0.907924 0.348679 0.179688 0.625558
3 0.986607 0.590774 0.0267857 0.186756
0 0.194754 0.516741 0.15625 0.372768
0 0.545201 0.333984 0.188616 0.565662
1 0.0517578 0.663132 0.0817522 0.331473
0 0.336496 0.361607 0.244978 0.581101
1 0.9774 0.574777 0.0452008 0.206845
0 0.382254 0.361607 0.209821 0.55878
1 0.419085 0.412853 0.140067 0.464472
1 0.0957031 0.541574 0.191406 0.482329
3 0.21296 0.574777 0.0305524 0.0907738
1 0.465681 0.405971 0.126674 0.47526
