0 0.871652 0.344773 0.246652 0.68843
0 0.867188 0.605097 0.261161 0.768973
0 0.385603 0.333984 0.363839 0.617746
0 0.322614 0.33324 0.560128 0.665365
0 0.779576 0.609003 0.438616 0.779018
1 0.388463 0.332682 0.382673 0.623326
1 0.87221 0.389137 0.252232 0.778274
1 0.864955 0.606585 0.270089 0.774926
0 0.44308 0.353795 0.174107 0.572173
1 0.44308 0.353795 0.174107 0.572173
1 0.311175 0.33631 0.501535 0.672619
2 0.87221 0.344122 0.25558 0.688244
2 0.864955 0.606585 0.270089 0.774926
3 0.231306 0.573661 0.0407366 0.0967262
0 0.484096 0.336682 0.249442 0.607143
3 0.87221 0.344122 0.25558 0.688244
2 0.385603 0.333984 0.363839 0.617746
3 0.864955 0.606585 0.270089 0.774926
0 0.893973 0.68006 0.208705 0.623512
1 0.779576 0.609003 0.438616 0.779018
3 0.213937 0.576637 0.0347377 0.0870536
2 0.311175 0.33631 0.501535 0.672619
3 0.368373 0.33231 0.428432 0.640439
3 0.232631 0.571057 0.0654297 0.162202
3 0.225377 0.580357 0.0358538 0.0907738
0 0.417411 0.412946 0.154018 0.479911
0 0.409598 0.31436 0.199777 0.56622
3 0.21317 0.573289 0.0591518 0.137649
0 0.336286 0.360584 0.253767 0.586868
1 0.417411 0.412946 0.154018 0.479911
