0 0.21031 0.601376 0.367327 0.776414
0 0.246094 0.393787 0.393973 0.78683
0 0.209263 0.344494 0.27846 0.66369
0 0.163156 0.65625 0.270787 0.651786
1 0.209821 0.601562 0.383371 0.779018
0 0.279576 0.612723 0.293527 0.749256
1 0.256696 0.34375 0.417969 0.6875
2 0.209821 0.601562 0.383371 0.779018
0 0.362793 0.384766 0.420619 0.681362
0 0.10519 0.652158 0.157924 0.649554
0 0.368025 0.311012 0.544085 0.610863
0 0.328125 0.65997 0.180804 0.638393
3 0.209821 0.601562 0.383371 0.779018
0 0.138637 0.342634 0.205427 0.653274
2 0.246094 0.393787 0.393973 0.78683
0 0.347587 0.628162 0.307059 0.719866
3 0.246094 0.393787 0.393973 0.78683
