3 0.978237 0.579241 0.0379464 0.126488
1 0.450753 0.566034 0.17885 0.704241
0 0.450335 0.551618 0.160714 0.615513
0 0.45173 0.588914 0.248326 0.720982
0 0.313198 0.336124 0.520926 0.672247
1 0.452985 0.594029 0.265904 0.728609
0 0.382813 0.370908 0.302455 0.622024
2 0.978237 0.578869 0.0390625 0.125
3 0.978237 0.585565 0.0435267 0.165923
1 0.978795 0.578869 0.0379465 0.120536
0 0.978795 0.578125 0.0401785 0.126488
1 0.447824 0.66183 0.363281 0.619792
0 0.500558 0.615327 0.375 0.724702
1 0.427176 0.603795 0.154576 0.600446
1 0.438058 0.462798 0.174107 0.587798
0 0.43192 0.418806 0.222098 0.579055
2 0.445312 0.549572 0.168527 0.635975
0 0.407087 0.340774 0.173549 0.553571
0 0.425781 0.656994 0.172991 0.583333
0 0.444196 0.662574 0.362723 0.625744
1 0.313616 0.335938 0.534598 0.671875
2 0.976562 0.574405 0.0435267 0.185268
1 0.976562 0.574405 0.0435267 0.185268
0 0.427665 0.327009 0.452706 0.602679
2 0.45173 0.588914 0.248326 0.720982
0 0.323312 0.720982 0.492885 0.535714
3 0.973214 0.55878 0.0390625 0.153274
3 0.450474 0.565476 0.177176 0.690476
0 0.422433 0.444754 0.135603 0.524182
1 0.382813 0.370908 0.302455 0.622024
3 0.452985 0.594029 0.265904 0.728609
0 0.448661 0.40997 0.145089 0.523066
0 0.59933 0.732887 0.537946 0.534226
3 0.210798 0.56808 0.0298549 0.0989584
1 0.910156 0.350446 0.171875 0.620536
2 0.313616 0.335938 0.534598 0.671875
0 0.976562 0.574405 0.0435267 0.185268
3 0.986049 0.590402 0.0279017 0.179316
1 0.440988 0.686198 0.205078 0.577009
3 0.313616 0.335938 0.534598 0.671875
0 0.374442 0.384673 0.152344 0.557292
3 0.211007 0.531994 0.0333426 0.154762
3 0.227958 0.563244 0.0418527 0.104167
1 0.364955 0.537946 0.0825893 0.453869
0 0.335728 0.336589 0.250419 0.609561
