2 0.950893 0.498326 0.0982142 0.521205
0 0.952846 0.613281 0.094308 0.624628
0 0.411551 0.703869 0.12779 0.561012
1 0.408482 0.692708 0.109375 0.552083
0 0.950893 0.498977 0.0982142 0.472284
1 0.950893 0.498977 0.0982142 0.472284
2 0.40346 0.677827 0.101004 0.543155
3 0.404297 0.533854 0.0831473 0.228423
1 0.952846 0.613281 0.094308 0.624628
3 0.402902 0.502232 0.0658482 0.126488
3 0.400112 0.526042 0.0664062 0.18378
3 0.40067 0.585751 0.0842634 0.34189
2 0.401786 0.59282 0.0904018 0.33817
2 0.947545 0.466518 0.0915178 0.299107
0 0.959263 0.699219 0.0736607 0.574777
3 0.947545 0.47061 0.101562 0.434524
1 0.401786 0.59282 0.0904018 0.33817
1 0.4262 0.704613 0.165458 0.563988
0 0.401786 0.59282 0.0904018 0.33817
3 0.408482 0.692708 0.109375 0.552083
2 0.947545 0.621745 0.102678 0.64788
0 0.94029 0.6875 0.11942 0.616071
2 0.934152 0.448754 0.107143 0.388207
2 0.407924 0.531994 0.0982143 0.27381
1 0.959263 0.699219 0.0736607 0.574777
3 0.408482 0.531622 0.111607 0.290179
1 0.404018 0.503348 0.078125 0.202381
1 0.399554 0.558408 0.0636161 0.263393
0 0.404018 0.503348 0.078125 0.202381
2 0.404855 0.559338 0.0719866 0.265253
0 0.408482 0.531622 0.111607 0.290179
0 0.899554 0.626581 0.200893 0.664993
1 0.407924 0.531994 0.0982143 0.27381
