3 0.978795 0.580357 0.0379465 0.125744
0 0.114188 0.595796 0.220285 0.77567
0 0.317034 0.331845 0.569057 0.662202
0 0.384626 0.333333 0.386998 0.616816
0 0.11635 0.393973 0.224888 0.776042
1 0.11635 0.393973 0.224888 0.776042
0 0.172573 0.607515 0.345145 0.756696
0 0.159947 0.537388 0.262695 0.737723
1 0.106585 0.544643 0.204799 0.8125
1 0.387068 0.331845 0.40332 0.623512
2 0.979353 0.579613 0.0390625 0.127232
0 0.442522 0.354167 0.176339 0.561756
1 0.979353 0.579613 0.0390625 0.127232
0 0.196289 0.37965 0.392578 0.752604
0 0.0678013 0.653274 0.12779 0.654762
0 0.248326 0.707031 0.486049 0.579985
3 0.978795 0.587054 0.0424107 0.165179
1 0.302665 0.33817 0.524135 0.676339
0 0.155971 0.345703 0.27567 0.661272
0 0.979353 0.579613 0.0390625 0.127232
0 0.223563 0.612723 0.325195 0.561756
0 0.483119 0.333705 0.26144 0.614583
1 0.442522 0.354167 0.176339 0.561756
1 0.911272 0.346354 0.169643 0.630952
2 0.116141 0.595238 0.219727 0.770833
2 0.11635 0.393787 0.223772 0.777902
1 0.172573 0.607515 0.345145 0.756696
1 0.159947 0.537388 0.262695 0.737723
0 0.488002 0.331287 0.442522 0.662574
0 0.911272 0.346354 0.169643 0.630952
2 0.977121 0.575521 0.0435267 0.188244
2 0.384626 0.333333 0.386998 0.616816
1 0.0678013 0.653274 0.12779 0.654762
1 0.977121 0.575521 0.0435267 0.188244
2 0.302665 0.33817 0.524135 0.676339
1 0.0748117 0.345982 0.141671 0.653274
3 0.126046 0.596168 0.244559 0.777902
3 0.367815 0.331566 0.448521 0.637463
3 0.276786 0.351562 0.493304 0.703125
3 0.11635 0.393787 0.223772 0.777902
3 0.986328 0.590774 0.0273438 0.177827
0 0.0748117 0.345982 0.141671 0.653274
3 0.973214 0.55878 0.0401786 0.158482
0 0.544643 0.333333 0.185268 0.563244
0 0.416295 0.414528 0.154576 0.465588
2 0.172573 0.607515 0.345145 0.756696
0 0.408203 0.313616 0.208147 0.56622
