1 0.407924 0.536272 0.15067 0.591146
0 0.407645 0.592727 0.156808 0.705915
2 0.40904 0.556455 0.143415 0.669829
0 0.436384 0.505208 0.198661 0.611607
0 0.426339 0.650298 0.121094 0.590774
0 0.52274 0.447545 0.340681 0.640625
1 0.411272 0.646763 0.135045 0.632069
3 0.40904 0.557292 0.143973 0.644345
2 0.436663 0.507812 0.194754 0.601935
0 0.538504 0.37686 0.449777 0.618304
0 0.395089 0.665179 0.243304 0.663691
1 0.467076 0.497954 0.274554 0.646949
1 0.425781 0.526414 0.107143 0.285714
2 0.427734 0.506696 0.135603 0.522321
0 0.427734 0.506696 0.135603 0.522321
1 0.52274 0.447545 0.340681 0.640625
1 0.453544 0.526228 0.118583 0.510045
0 0.399554 0.503162 0.132812 0.553199
2 0.425781 0.526414 0.107143 0.285714
