3 0.978795 0.579985 0.0379465 0.125744
1 0.473075 0.568173 0.176618 0.531808
0 0.367955 0.363746 0.412528 0.675781
1 0.44043 0.534133 0.17048 0.498698
1 0.441685 0.530692 0.269531 0.53683
0 0.445452 0.532645 0.188337 0.482329
0 0.441685 0.530692 0.269531 0.53683
2 0.979353 0.578869 0.0390625 0.126488
0 0.406948 0.44987 0.222935 0.564546
3 0.978516 0.585938 0.0429688 0.163691
1 0.979353 0.578869 0.0390625 0.126488
0 0.408203 0.497675 0.146763 0.498698
0 0.979353 0.578869 0.0390625 0.126488
1 0.414621 0.563244 0.138393 0.483631
2 0.469169 0.561756 0.179967 0.544643
0 0.387277 0.522693 0.103795 0.414435
0 0.464425 0.5133 0.19615 0.62965
1 0.36363 0.361328 0.474749 0.698475
2 0.976562 0.575149 0.0435267 0.18378
1 0.406948 0.44987 0.222935 0.564546
1 0.976562 0.575149 0.0435267 0.18378
3 0.466657 0.562314 0.218471 0.545015
3 0.212891 0.572545 0.0301339 0.094494
1 0.488979 0.479911 0.218471 0.608631
3 0.226004 0.565104 0.0424107 0.106399
0 0.479492 0.346075 0.219587 0.575707
1 0.387277 0.522693 0.103795 0.414435
3 0.214565 0.534598 0.0357143 0.155506
3 0.973214 0.558036 0.0390625 0.153274
0 0.440988 0.387649 0.181641 0.577381
0 0.387277 0.524926 0.0742188 0.237351
2 0.441685 0.530692 0.269531 0.53683
0 0.503348 0.387835 0.368304 0.655878
3 0.227609 0.5625 0.0631976 0.174851
3 0.223772 0.531994 0.0491071 0.167411
1 0.907366 0.345238 0.178572 0.632441
3 0.986328 0.590402 0.0273438 0.179316
3 0.21317 0.569196 0.0435268 0.134673
2 0.36363 0.361328 0.474749 0.698475
1 0.387277 0.524926 0.0742188 0.237351
1 0.387835 0.482794 0.138393 0.437686
0 0.976562 0.575149 0.0435267 0.18378
3 0.36363 0.361328 0.474749 0.698475
