1 0.260114 0.463821 0.291155 0.742001
2 0.83817 0.425595 0.103795 0.297619
0 0.267857 0.593006 0.289621 0.696429
3 0.837054 0.421131 0.0993303 0.286458
0 0.256696 0.434338 0.285156 0.699777
0 0.189174 0.59654 0.378348 0.729539
3 0.507254 0.308966 0.0189732 0.0517113
1 0.835938 0.424107 0.106027 0.316964
3 0.509626 0.309152 0.0265067 0.0833334
1 0.268973 0.372024 0.21596 0.581101
0 0.835938 0.424107 0.106027 0.316964
0 0.268973 0.372024 0.21596 0.581101
3 0.505022 0.300037 0.0189733 0.0584077
1 0.260603 0.59189 0.325335 0.698661
0 0.291853 0.661644 0.12779 0.56064
3 0.50279 0.312128 0.0223215 0.0513393
2 0.258929 0.464472 0.298549 0.743676
3 0.847656 0.452009 0.0680803 0.218006
0 0.270996 0.668899 0.214704 0.595238
3 0.503488 0.311012 0.0298549 0.104911
3 0.258929 0.464472 0.298549 0.743676
0 0.839844 0.64109 0.148438 0.680618
2 0.84096 0.418155 0.135045 0.391369
3 0.512277 0.312035 0.0513393 0.186942
1 0.189174 0.59654 0.378348 0.729539
2 0.840402 0.487165 0.100446 0.495908
0 0.0979004 0.461868 0.182547 0.766741
0 0.0487584 0.460566 0.0877511 0.721726
3 0.840402 0.434152 0.0636161 0.148065
0 0.19894 0.673363 0.245536 0.596726
2 0.268973 0.372024 0.21596 0.581101
2 0.840402 0.434152 0.0636161 0.148065
0 0.0631278 0.606213 0.126256 0.736979
1 0.211217 0.432571 0.260603 0.643787
