3 0.978795 0.580357 0.0379465 0.127232
0 0.11792 0.596912 0.23291 0.770461
1 0.106445 0.435826 0.204799 0.696801
0 0.298898 0.333705 0.483677 0.667411
0 0.385533 0.334077 0.369559 0.611607
0 0.11077 0.433966 0.21596 0.697545
0 0.169085 0.616443 0.33817 0.767113
0 0.173793 0.546875 0.225516 0.693452
1 0.0957031 0.646577 0.18471 0.662202
1 0.125035 0.595424 0.247698 0.767485
0 0.443499 0.355283 0.168806 0.56622
0 0.220075 0.628348 0.324358 0.557292
2 0.979353 0.579613 0.0390625 0.12872
0 0.248535 0.699219 0.429269 0.571801
1 0.38916 0.332961 0.387974 0.616816
0 0.157366 0.468006 0.314732 0.769345
1 0.979353 0.579613 0.0390625 0.12872
1 0.300572 0.33631 0.501535 0.672619
1 0.173793 0.546875 0.225516 0.693452
0 0.483817 0.33817 0.258929 0.613095
1 0.443499 0.355283 0.168806 0.56622
2 0.108643 0.488467 0.216309 0.781994
0 0.979353 0.579613 0.0390625 0.12872
3 0.977121 0.576637 0.0435267 0.188244
3 0.108643 0.488467 0.216309 0.781994
0 0.0708705 0.651786 0.137277 0.644345
0 0.247698 0.436942 0.327148 0.551711
0 0.492467 0.331473 0.436942 0.662946
2 0.977121 0.576637 0.0435267 0.188244
2 0.173793 0.546875 0.225516 0.693452
2 0.300572 0.33631 0.501535 0.672619
1 0.157366 0.468006 0.314732 0.769345
2 0.385533 0.334077 0.369559 0.611607
1 0.977121 0.576637 0.0435267 0.188244
2 0.0909598 0.601191 0.180804 0.755952
3 0.300572 0.33631 0.501535 0.672619
2 0.169085 0.616443 0.33817 0.767113
0 0.418527 0.414528 0.151786 0.473028
3 0.986328 0.591146 0.0273438 0.177827
0 0.409319 0.313988 0.200335 0.563244
3 0.169085 0.616443 0.33817 0.767113
1 0.236328 0.636719 0.407924 0.583705
0 0.544643 0.334728 0.19308 0.565662
0 0.196777 0.61849 0.167829 0.533854
3 0.385533 0.334077 0.369559 0.611607
0 0.234863 0.532924 0.273577 0.46689
0 0.464844 0.405134 0.132812 0.488839
0 0.238281 0.343006 0.246094 0.594494
