1 0.439872 0.554036 0.157087 0.613653
3 0.979353 0.578497 0.0368304 0.126488
0 0.318499 0.335193 0.505859 0.670387
0 0.435547 0.549014 0.154576 0.613281
2 0.979911 0.578125 0.0379464 0.125
1 0.979911 0.578125 0.0379464 0.125
0 0.379883 0.378627 0.281529 0.608817
0 0.979911 0.578125 0.0379464 0.125
2 0.435547 0.549014 0.154576 0.613281
3 0.978795 0.585566 0.0424107 0.177083
1 0.316964 0.335193 0.521205 0.670387
0 0.423549 0.328869 0.387277 0.572173
0 0.428432 0.410714 0.221261 0.563988
3 0.97433 0.556548 0.0390625 0.162946
3 0.435547 0.549014 0.154576 0.613281
0 0.403739 0.348214 0.167411 0.544643
1 0.386998 0.562221 0.0764509 0.540737
2 0.978795 0.585566 0.0424107 0.177083
3 0.211286 0.570685 0.0283203 0.0952381
2 0.316964 0.335193 0.521205 0.670387
1 0.424944 0.644345 0.12221 0.514881
1 0.977121 0.574777 0.0446428 0.197917
1 0.440848 0.456101 0.142857 0.474702
3 0.986328 0.590774 0.0273438 0.180804
3 0.211984 0.531622 0.0319476 0.154018
3 0.316964 0.335193 0.521205 0.670387
1 0.422573 0.669085 0.181641 0.47433
0 0.264021 0.732329 0.436244 0.523438
0 0.337891 0.340774 0.241071 0.599702
1 0.910714 0.349795 0.170759 0.624814
0 0.61942 0.734189 0.49442 0.531622
3 0.221331 0.531622 0.0411551 0.157738
3 0.227121 0.56436 0.0390625 0.103423
