0 0.90346 0.590216 0.190848 0.768973
0 0.397879 0.335193 0.345982 0.607143
1 0.910714 0.511719 0.172991 0.753348
0 0.32108 0.332589 0.543108 0.662202
0 0.917411 0.464751 0.157366 0.650856
1 0.401088 0.333984 0.365234 0.610305
0 0.445312 0.350818 0.167411 0.569941
1 0.445312 0.350818 0.167411 0.569941
0 0.48577 0.334077 0.270647 0.614583
0 0.921317 0.649554 0.152902 0.620536
1 0.902902 0.658668 0.194196 0.673735
1 0.92885 0.42699 0.142299 0.669829
1 0.313337 0.333705 0.47154 0.667411
0 0.499023 0.332124 0.432757 0.65718
2 0.910156 0.511254 0.172991 0.743862
0 0.737723 0.705915 0.46317 0.585194
0 0.863281 0.655506 0.237723 0.639881
2 0.397879 0.335193 0.345982 0.607143
1 0.91183 0.343006 0.160714 0.62128
2 0.902902 0.658668 0.194196 0.673735
3 0.895368 0.591518 0.209263 0.767857
3 0.215751 0.530506 0.039481 0.162202
3 0.373675 0.332496 0.412249 0.631138
3 0.228725 0.562872 0.0453404 0.115327
2 0.321289 0.330729 0.551618 0.661458
0 0.545061 0.334077 0.217913 0.581101
0 0.579102 0.348586 0.370815 0.643601
1 0.866071 0.609375 0.265625 0.776786
3 0.224609 0.52939 0.0541295 0.171131
1 0.48577 0.334077 0.270647 0.614583
3 0.214007 0.569196 0.0323661 0.101935
0 0.331752 0.361979 0.248884 0.584821
3 0.230818 0.56064 0.0673828 0.182292
0 0.876674 0.487444 0.212054 0.743862
3 0.917411 0.464751 0.157366 0.650856
0 0.421317 0.411458 0.136161 0.469494
3 0.215681 0.529018 0.0585938 0.19494
1 0.421317 0.411458 0.136161 0.469494
0 0.412109 0.313895 0.209263 0.565662
0 0.219308 0.522321 0.121094 0.332589
