1 0.421317 0.563988 0.183036 0.595238
3 0.978795 0.577381 0.0379465 0.130952
0 0.311244 0.336682 0.486886 0.673363
0 0.422433 0.564546 0.190848 0.58817
2 0.978795 0.577009 0.0379465 0.129464
0 0.446708 0.412853 0.224888 0.540365
1 0.979353 0.576265 0.0390625 0.130952
2 0.422294 0.563802 0.190011 0.604539
0 0.979353 0.576265 0.0390625 0.130952
0 0.379325 0.387649 0.306083 0.601935
3 0.978516 0.582961 0.0429688 0.188244
0 0.441825 0.325149 0.471261 0.631696
0 0.256627 0.726191 0.413086 0.547619
2 0.978516 0.582961 0.0429688 0.188244
1 0.311593 0.33724 0.50851 0.674479
3 0.418387 0.563151 0.219029 0.596912
3 0.97433 0.55692 0.0379464 0.162946
0 0.355539 0.533668 0.314593 0.649926
0 0.476283 0.445406 0.107701 0.449963
3 0.21031 0.573661 0.0291574 0.0915179
0 0.408761 0.349981 0.169085 0.527716
3 0.226772 0.568824 0.038644 0.104911
1 0.977121 0.572173 0.0446428 0.196429
1 0.462751 0.557664 0.136998 0.557292
0 0.358817 0.543713 0.196429 0.614955
0 0.330636 0.341146 0.228237 0.605655
1 0.446708 0.412853 0.224888 0.540365
0 0.470703 0.543155 0.128906 0.550595
1 0.401786 0.662574 0.19308 0.473958
1 0.476283 0.445406 0.107701 0.449963
1 0.880022 0.347749 0.214286 0.628906
3 0.227958 0.56808 0.061942 0.218006
3 0.21024 0.571429 0.0460379 0.161458
1 0.385045 0.643043 0.132813 0.508557
0 0.265555 0.611607 0.236747 0.511905
1 0.431641 0.639137 0.152344 0.476191
3 0.986328 0.590402 0.0273438 0.190476
2 0.311593 0.33724 0.50851 0.674479
3 0.220982 0.532738 0.0418527 0.16369
0 0.662388 0.78869 0.473214 0.391369
3 0.211147 0.53311 0.0336217 0.156994
0 0.440011 0.454148 0.154576 0.456287
