1 0.678571 0.504464 0.191964 0.730655
0 0.678013 0.595424 0.220982 0.773438
3 0.977679 0.580729 0.0390625 0.126488
0 0.394531 0.334449 0.363839 0.611607
0 0.328195 0.332961 0.545619 0.664435
0 0.669085 0.657366 0.299107 0.674851
1 0.398438 0.33324 0.383929 0.616257
0 0.44308 0.355283 0.16183 0.559524
1 0.685826 0.647507 0.231027 0.666295
2 0.978237 0.580729 0.0401786 0.125
1 0.978237 0.580729 0.0401786 0.125744
1 0.44308 0.355283 0.16183 0.559524
0 0.541295 0.71875 0.450893 0.519345
3 0.976004 0.576637 0.0435268 0.188988
1 0.314244 0.332589 0.455218 0.665179
0 0.978237 0.580729 0.0401786 0.125744
1 0.660296 0.606585 0.324498 0.765997
2 0.679129 0.506045 0.204241 0.723028
0 0.487723 0.343378 0.225446 0.606399
1 0.976004 0.576637 0.0435268 0.188988
2 0.976004 0.576637 0.0435268 0.188988
3 0.676897 0.59654 0.233259 0.774182
2 0.394531 0.334449 0.363839 0.611607
0 0.680246 0.464565 0.185268 0.643787
0 0.482422 0.346354 0.328683 0.643601
2 0.667411 0.658668 0.314732 0.679688
3 0.2101 0.571429 0.0295759 0.0952381
3 0.374093 0.333054 0.435965 0.632999
2 0.328474 0.331473 0.558454 0.662946
0 0.976004 0.576637 0.0435268 0.188988
0 0.417969 0.411458 0.138393 0.473214
3 0.98577 0.592262 0.0284598 0.177827
3 0.667411 0.658668 0.314732 0.679688
3 0.209403 0.533482 0.0332031 0.154018
0 0.465541 0.788691 0.510882 0.386905
3 0.2101 0.568452 0.046317 0.147321
3 0.225167 0.56622 0.0407366 0.102679
1 0.884487 0.348214 0.202009 0.622024
