3 0.353516 0.461682 0.078683 0.182292
3 0.494001 0.437779 0.111328 0.261347
2 0.492048 0.436756 0.124163 0.275298
2 0.351283 0.460193 0.0898438 0.181548
1 0.492048 0.436756 0.124163 0.275298
0 0.492048 0.436756 0.124163 0.275298
1 0.351283 0.460193 0.0898438 0.181548
3 0.362444 0.454613 0.0625 0.145833
0 0.351283 0.460193 0.0898438 0.181548
3 0.374442 0.469866 0.127232 0.265625
3 0.466936 0.450149 0.137556 0.239583
3 0.52846 0.466518 0.0502233 0.199405
0 0.466239 0.429688 0.24721 0.324405
3 0.402344 0.463542 0.116071 0.174107
2 0.353795 0.44122 0.0976563 0.267857
3 0.507254 0.488095 0.0993304 0.338542
1 0.466239 0.429688 0.24721 0.324405
3 0.487584 0.489211 0.127511 0.369048
3 0.482143 0.455357 0.0647322 0.142113
3 0.527204 0.465402 0.0705915 0.272321
0 0.374442 0.47247 0.147321 0.265625
3 0.508789 0.438988 0.145368 0.308036
