3 0.427455 0.46503 0.0412947 0.107143
3 0.433594 0.456473 0.0446429 0.0974702
1 0.0222517 0.692708 0.0408761 0.547619
0 0.0216239 0.672433 0.0429688 0.547991
0 0.0264369 0.607701 0.0528739 0.638765
3 0.490095 0.470238 0.0365513 0.0751488
3 0.434152 0.461309 0.0658483 0.147321
1 0.0264369 0.607701 0.0528739 0.638765
2 0.0224609 0.642857 0.0432478 0.53125
3 0.489537 0.468378 0.046596 0.0974703
1 0.429688 0.464286 0.0435268 0.109375
1 0.0288783 0.502883 0.0464565 0.565662
0 0.429688 0.464286 0.0435268 0.109375
3 0.498465 0.478051 0.030971 0.0811012
0 0.0306222 0.42141 0.0612444 0.631882
0 0.0288783 0.502883 0.0464565 0.565662
3 0.407645 0.47061 0.0228795 0.0840774
3 0.486468 0.456845 0.0371094 0.0766369
1 0.0212054 0.666295 0.0387835 0.295387
3 0.499721 0.476934 0.0541295 0.178571
3 0.412946 0.480283 0.0267857 0.0803572
3 0.485073 0.491071 0.0376674 0.110119
2 0.0217634 0.635975 0.0405971 0.287574
3 0.0224609 0.642857 0.0432478 0.53125
0 0.0392718 0.602865 0.0785435 0.642485
0 0.434152 0.461309 0.0658483 0.147321
3 0.432478 0.468006 0.0959821 0.174851
1 0.0220424 0.597842 0.0401786 0.274554
0 0.0212054 0.666295 0.0387835 0.295387
1 0.434152 0.461309 0.0658483 0.147321
3 0.50558 0.455729 0.0279018 0.0699405
3 0.432478 0.47433 0.0803571 0.238095
3 0.440848 0.481027 0.0418527 0.0944941
3 0.505441 0.455729 0.0371094 0.09375
3 0.486468 0.456845 0.0560826 0.136905
2 0.429688 0.464286 0.0435268 0.109375
0 0.0651507 0.638207 0.126953 0.696801
2 0.0260882 0.550967 0.0433873 0.524554
0 0.0519671 0.567522 0.086356 0.653646
