3 0.978795 0.577381 0.0368303 0.129464
1 0.345145 0.555804 0.267857 0.635417
0 0.400391 0.374628 0.332031 0.685268
0 0.38909 0.335659 0.489676 0.65904
0 0.348493 0.545108 0.267299 0.665737
0 0.444336 0.371745 0.180525 0.603237
0 0.288225 0.331473 0.461496 0.662946
2 0.979353 0.577009 0.0379464 0.127976
0 0.481306 0.349051 0.273996 0.633743
1 0.979353 0.577009 0.0379464 0.127976
0 0.408901 0.435454 0.186663 0.59933
2 0.34933 0.53683 0.260603 0.680804
0 0.979353 0.577009 0.0379464 0.127976
1 0.40346 0.374349 0.337054 0.679874
3 0.978795 0.584821 0.0424107 0.186756
0 0.291853 0.530413 0.246652 0.617746
0 0.499721 0.335938 0.469308 0.671875
0 0.394252 0.542039 0.220424 0.618304
0 0.374442 0.401042 0.19029 0.590774
1 0.32959 0.665923 0.297294 0.528274
3 0.348493 0.545108 0.267299 0.665737
1 0.444336 0.371745 0.180525 0.603237
0 0.466099 0.411923 0.128069 0.563058
1 0.392299 0.559245 0.200335 0.603237
1 0.386649 0.332682 0.524693 0.663504
3 0.973772 0.557292 0.0379464 0.15625
2 0.978795 0.584821 0.0424107 0.186756
0 0.439174 0.49135 0.208705 0.530692
2 0.40346 0.374349 0.337054 0.679874
1 0.291853 0.530413 0.246652 0.617746
1 0.374442 0.401042 0.19029 0.590774
1 0.315011 0.644717 0.208147 0.50372
1 0.444475 0.49135 0.18471 0.558966
0 0.232701 0.567708 0.0853795 0.434524
1 0.260045 0.682106 0.259487 0.495908
0 0.260045 0.682106 0.259487 0.495908
0 0.220424 0.613467 0.172991 0.494792
2 0.386649 0.332682 0.524693 0.663504
1 0.977679 0.572917 0.0446428 0.201637
3 0.231027 0.596912 0.0842634 0.353795
3 0.986328 0.59003 0.0273438 0.19494
3 0.393345 0.376767 0.387416 0.71224
0 0.216448 0.523531 0.146345 0.488653
1 0.408901 0.435454 0.186663 0.59933
