2 0.973493 0.475818 0.0530133 0.542411
1 0.972377 0.510324 0.0552455 0.681734
0 0.967076 0.611142 0.0658482 0.727121
0 0.972377 0.479911 0.0552455 0.619048
1 0.967076 0.611142 0.0658482 0.727121
1 0.975447 0.65067 0.0457589 0.634673
0 0.975447 0.65067 0.0457589 0.634673
0 0.939453 0.610677 0.121094 0.728051
0 0.974051 0.395833 0.0518973 0.575149
2 0.974888 0.473214 0.0491072 0.302827
3 0.972377 0.479911 0.0552455 0.619048
2 0.967076 0.611142 0.0658482 0.727121
0 0.95173 0.478702 0.0965402 0.678013
2 0.959542 0.480004 0.0809152 0.59654
2 0.974051 0.395833 0.0518973 0.575149
