1 0.585938 0.463356 0.184152 0.722098
0 0.586496 0.479167 0.171875 0.735119
3 0.36635 0.523438 0.0401786 0.122024
0 0.570173 0.58817 0.19894 0.646577
3 0.366908 0.521949 0.0535714 0.213542
3 0.369699 0.504092 0.0412946 0.0662203
1 0.570173 0.58817 0.19894 0.646577
3 0.371094 0.528646 0.0580357 0.293899
3 0.370536 0.521577 0.0485491 0.0840774
1 0.372768 0.617374 0.102679 0.655134
3 0.370536 0.505208 0.0379464 0.135417
3 0.367746 0.578125 0.093192 0.535714
0 0.554688 0.430804 0.258929 0.700893
0 0.372768 0.617374 0.102679 0.655134
0 0.592634 0.650856 0.135045 0.573289
3 0.370257 0.55692 0.0446429 0.213542
1 0.536133 0.444847 0.217913 0.643043
3 0.361607 0.496652 0.0368304 0.0654762
0 0.49721 0.466239 0.344866 0.740141
0 0.617188 0.463821 0.158482 0.686942
1 0.366908 0.521949 0.0535714 0.213542
3 0.362165 0.498884 0.0368304 0.120536
2 0.585938 0.463356 0.184152 0.722098
1 0.36635 0.523438 0.0401786 0.122024
1 0.368862 0.611979 0.061942 0.514137
1 0.371094 0.528646 0.0580357 0.293899
0 0.608259 0.549572 0.121652 0.604725
0 0.35519 0.660342 0.105469 0.591518
1 0.603795 0.507812 0.136161 0.634673
1 0.49721 0.466239 0.344866 0.740141
1 0.35519 0.660342 0.105469 0.591518
1 0.597098 0.340867 0.197545 0.550409
3 0.368862 0.611979 0.061942 0.514137
1 0.592634 0.650856 0.135045 0.573289
3 0.583147 0.463635 0.204241 0.72154
3 0.361328 0.634301 0.123326 0.655506
0 0.366908 0.521949 0.0535714 0.213542
0 0.369978 0.674479 0.15625 0.627232
1 0.370257 0.55692 0.0446429 0.213542
0 0.371094 0.528646 0.0580357 0.293899
3 0.363839 0.570499 0.0613839 0.361979
1 0.631696 0.438802 0.152902 0.616444
3 0.371931 0.549107 0.046875 0.0885417
0 0.393973 0.517671 0.143973 0.553944
1 0.566825 0.594122 0.140904 0.573661
1 0.476562 0.511626 0.245536 0.689546
3 0.36942 0.605655 0.046317 0.260417
1 0.363839 0.570499 0.0613839 0.361979
0 0.597098 0.340867 0.197545 0.550409
1 0.370536 0.505208 0.0379464 0.135417
3 0.393973 0.517671 0.143973 0.553944
0 0.36635 0.523438 0.0401786 0.122024
0 0.368862 0.611979 0.061942 0.514137
0 0.625558 0.602214 0.166295 0.627418
1 0.369978 0.674479 0.15625 0.627232
