1 0.795759 0.543899 0.0758928 0.330357
3 0.978795 0.576265 0.0379465 0.130208
0 0.393415 0.33324 0.352679 0.608817
0 0.331124 0.332124 0.530832 0.658668
2 0.796317 0.542597 0.0747767 0.321057
2 0.978795 0.575893 0.0390625 0.127976
0 0.442522 0.352679 0.172991 0.567708
1 0.397252 0.332217 0.368443 0.612351
0 0.796875 0.540179 0.078125 0.324405
1 0.978795 0.575521 0.0390625 0.129464
1 0.442522 0.352679 0.172991 0.567708
0 0.484096 0.333798 0.267299 0.616629
0 0.978795 0.575521 0.0390625 0.129464
1 0.330985 0.329985 0.541155 0.65997
3 0.796317 0.542597 0.0747767 0.321057
3 0.978795 0.580357 0.0424107 0.184524
0 0.495815 0.331845 0.451451 0.663691
3 0.215123 0.526786 0.0390625 0.168155
2 0.977121 0.571429 0.0446428 0.197173
0 0.881138 0.349423 0.217634 0.62407
2 0.397252 0.332217 0.368443 0.612351
3 0.97433 0.558036 0.0379464 0.156994
3 0.374302 0.331752 0.418806 0.632627
2 0.330985 0.329985 0.541155 0.65997
1 0.977121 0.571429 0.0446428 0.197173
0 0.419085 0.41183 0.142299 0.467262
3 0.2274 0.56064 0.0429688 0.115327
3 0.2131 0.561384 0.0330636 0.112351
0 0.334054 0.362258 0.248186 0.579055
0 0.381417 0.361607 0.214844 0.558036
1 0.881138 0.349423 0.217634 0.62407
0 0.216169 0.521205 0.113421 0.3125
1 0.827567 0.528274 0.21317 0.385417
1 0.419085 0.41183 0.142299 0.467262
3 0.208078 0.501488 0.0369699 0.196429
0 0.977121 0.571429 0.0446428 0.197173
1 0.789621 0.526786 0.101563 0.38244
3 0.229004 0.558408 0.0654297 0.175595
