2 0.944197 0.536086 0.103795 0.282738
3 0.94308 0.536086 0.0959821 0.220982
2 0.93471 0.536458 0.0993303 0.218006
2 0.942522 0.609375 0.103795 0.46875
1 0.941406 0.666481 0.104911 0.524182
2 0.957031 0.529762 0.0680803 0.288691
0 0.941964 0.702381 0.109375 0.561012
0 0.944197 0.536086 0.103795 0.282738
3 0.930804 0.552455 0.109375 0.292411
1 0.944197 0.536086 0.103795 0.282738
2 0.931083 0.520089 0.137835 0.348214
3 0.947545 0.52753 0.0982143 0.339286
3 0.958705 0.531622 0.0647321 0.238095
2 0.966518 0.547991 0.0580358 0.238839
1 0.918527 0.702567 0.160714 0.582961
0 0.930246 0.630208 0.138393 0.474702
1 0.960379 0.709077 0.0758928 0.543155
