3 0.609375 0.463914 0.0591518 0.148065
3 0.610491 0.46317 0.0725447 0.241815
2 0.610491 0.46317 0.0725447 0.241815
3 0.59933 0.462054 0.104911 0.324405
1 0.610491 0.46317 0.0725447 0.241815
2 0.609933 0.460193 0.0636161 0.175595
0 0.609933 0.46503 0.0658482 0.227679
1 0.609933 0.460193 0.0636161 0.175595
3 0.614955 0.480655 0.046875 0.110863
3 0.600446 0.479539 0.047991 0.139881
0 0.609375 0.463914 0.0613839 0.151042
0 0.59933 0.462054 0.104911 0.324405
1 0.59933 0.462054 0.104911 0.324405
3 0.582589 0.465774 0.0703125 0.142113
3 0.580915 0.46503 0.0904018 0.212798
3 0.628906 0.46689 0.0401786 0.11756
2 0.59933 0.462054 0.104911 0.324405
3 0.595982 0.417783 0.0457589 0.165179
3 0.613839 0.418899 0.0379464 0.141369
3 0.628906 0.46689 0.0546875 0.170387
