3 0.978795 0.577381 0.0368303 0.125744
1 0.342076 0.540365 0.134487 0.331473
0 0.392578 0.335845 0.34654 0.622954
0 0.334333 0.334077 0.548968 0.668155
1 0.344866 0.512742 0.179688 0.477493
1 0.34933 0.533854 0.105469 0.267857
1 0.396624 0.33324 0.363002 0.62965
0 0.440709 0.356771 0.177734 0.563988
2 0.342076 0.540365 0.134487 0.331473
1 0.376116 0.537016 0.229353 0.359003
1 0.401228 0.44708 0.178571 0.464472
0 0.341518 0.511905 0.180804 0.438988
0 0.34096 0.540365 0.131138 0.321057
2 0.979353 0.576637 0.0379464 0.125
2 0.34933 0.533854 0.105469 0.267857
0 0.401228 0.44708 0.178571 0.464472
1 0.979353 0.578125 0.0357142 0.119792
1 0.440709 0.356771 0.177734 0.563988
1 0.411272 0.479167 0.112165 0.344494
0 0.485212 0.337054 0.271763 0.612351
0 0.979353 0.576637 0.0379464 0.125
0 0.411272 0.479167 0.112165 0.344494
0 0.334542 0.391369 0.21317 0.575149
0 0.358538 0.501488 0.119978 0.344494
0 0.333147 0.489862 0.299665 0.508371
0 0.494141 0.331473 0.464844 0.662946
1 0.333147 0.489862 0.299665 0.508371
1 0.377651 0.329613 0.537109 0.655506
2 0.344866 0.512742 0.179688 0.477493
0 0.381138 0.371373 0.199777 0.559338
0 0.39216 0.431827 0.304967 0.535156
3 0.978795 0.584449 0.0424107 0.188244
2 0.396624 0.33324 0.363002 0.62965
1 0.4149 0.517857 0.094308 0.232143
1 0.320312 0.500744 0.103795 0.450893
0 0.376116 0.537016 0.229353 0.359003
0 0.275112 0.529948 0.169085 0.437128
1 0.334542 0.391369 0.21317 0.575149
1 0.39216 0.431827 0.304967 0.535156
3 0.34096 0.540365 0.131138 0.321057
2 0.401228 0.44708 0.178571 0.464472
3 0.227121 0.562872 0.0479911 0.137649
0 0.222377 0.52381 0.078125 0.31622
3 0.383161 0.334821 0.410017 0.654018
1 0.331473 0.574405 0.239397 0.370536
3 0.97433 0.55878 0.0379464 0.151042
3 0.228306 0.560454 0.0779855 0.260045
1 0.362723 0.584449 0.149554 0.341518
1 0.381138 0.371373 0.199777 0.559338
0 0.222726 0.528274 0.0484096 0.189732
3 0.222726 0.528274 0.0484096 0.189732
2 0.33245 0.334821 0.560547 0.669643
1 0.876674 0.313616 0.223214 0.619048
3 0.215193 0.529018 0.0422712 0.169643
2 0.978795 0.584449 0.0424107 0.188244
1 0.375837 0.453497 0.0909598 0.239583
0 0.4149 0.517857 0.094308 0.232143
1 0.324498 0.587798 0.128348 0.370536
0 0.904576 0.345145 0.183036 0.625186
0 0.216239 0.527158 0.145089 0.404018
2 0.4149 0.517857 0.094308 0.232143
0 0.358259 0.502604 0.0982143 0.244048
1 0.275112 0.529948 0.169085 0.437128
2 0.413505 0.517113 0.108259 0.313988
3 0.214286 0.565104 0.0385045 0.107887
2 0.376116 0.537016 0.229353 0.359003
0 0.26702 0.452195 0.231585 0.583705
0 0.320312 0.500744 0.103795 0.450893
1 0.43457 0.483724 0.17885 0.367373
1 0.9774 0.573661 0.0452008 0.203869
