3 0.978795 0.577753 0.0379465 0.127232
1 0.309989 0.552083 0.163504 0.474702
0 0.437221 0.336403 0.256138 0.59654
2 0.310826 0.547991 0.15067 0.445685
0 0.417062 0.328497 0.413644 0.639881
0 0.442662 0.35426 0.172712 0.559338
2 0.22719 0.52567 0.0651507 0.311012
2 0.260882 0.517392 0.118304 0.428013
0 0.227121 0.529762 0.0853795 0.337798
0 0.424107 0.434896 0.160714 0.450893
1 0.366629 0.507254 0.175223 0.405134
0 0.310268 0.549107 0.155692 0.418155
1 0.22719 0.52567 0.0651507 0.311012
1 0.442662 0.35426 0.172712 0.559338
0 0.342494 0.317429 0.406529 0.586868
2 0.978795 0.577009 0.0390625 0.126488
1 0.278739 0.534784 0.133371 0.394717
1 0.425223 0.440941 0.159598 0.464844
0 0.260882 0.517392 0.118304 0.428013
1 0.978795 0.577753 0.0368303 0.120536
1 0.43764 0.335193 0.267578 0.607887
3 0.978516 0.585194 0.0429688 0.177827
0 0.357422 0.502883 0.177455 0.390067
2 0.220982 0.524554 0.0530134 0.238095
0 0.978795 0.577009 0.0390625 0.126488
1 0.259556 0.582589 0.173968 0.498512
2 0.224679 0.529762 0.113142 0.33631
0 0.382813 0.332589 0.189174 0.564732
0 0.226004 0.524182 0.0591518 0.258185
0 0.297433 0.552083 0.219308 0.464286
1 0.354911 0.508278 0.256138 0.44029
0 0.326451 0.411458 0.251674 0.505952
0 0.354911 0.508278 0.256138 0.44029
0 0.259556 0.582589 0.173968 0.498512
3 0.310268 0.549107 0.155692 0.418155
1 0.420759 0.509301 0.113839 0.369792
0 0.380301 0.382441 0.136719 0.513393
1 0.410993 0.325521 0.458147 0.646577
2 0.259556 0.582589 0.173968 0.498512
1 0.220982 0.524554 0.0530134 0.238095
2 0.366629 0.507254 0.175223 0.405134
1 0.390346 0.527716 0.118862 0.379092
0 0.220424 0.500465 0.107143 0.449963
2 0.428292 0.347098 0.241629 0.607887
2 0.976562 0.573661 0.0446428 0.192708
0 0.401786 0.43192 0.246652 0.500744
2 0.425223 0.440941 0.159598 0.464844
1 0.276786 0.595796 0.263393 0.555432
3 0.973214 0.559152 0.0390625 0.153274
3 0.220982 0.524554 0.0530134 0.238095
0 0.376116 0.436663 0.106027 0.449591
3 0.22719 0.52567 0.0651507 0.311012
1 0.976562 0.573661 0.0446428 0.192708
0 0.261161 0.678199 0.275112 0.493304
1 0.421038 0.513765 0.105469 0.240327
1 0.224051 0.592634 0.0831473 0.369792
1 0.30971 0.530134 0.145089 0.305804
0 0.501535 0.334449 0.214565 0.598958
1 0.380301 0.382441 0.136719 0.513393
1 0.912388 0.349702 0.164062 0.622768
1 0.224679 0.529762 0.113142 0.33631
2 0.270647 0.52753 0.114397 0.278274
1 0.376116 0.436663 0.106027 0.449591
0 0.218192 0.609375 0.219866 0.46875
1 0.270647 0.52753 0.114397 0.278274
0 0.204171 0.723214 0.377372 0.532738
0 0.420759 0.509301 0.113839 0.369792
0 0.390346 0.527716 0.118862 0.379092
2 0.224051 0.592634 0.0831473 0.369792
0 0.303013 0.349609 0.18192 0.477865
0 0.546317 0.334077 0.189732 0.568452
2 0.410993 0.325521 0.458147 0.646577
0 0.26702 0.400019 0.203683 0.525856
0 0.912388 0.349702 0.164062 0.622768
