2 0.65904 0.447917 0.11942 0.380952
1 0.0637905 0.459077 0.124093 0.357143
2 0.065918 0.475818 0.128488 0.40997
1 0.0649414 0.486235 0.129883 0.523066
0 0.0681501 0.632999 0.1363 0.692336
1 0.657924 0.433129 0.114955 0.388207
0 0.0652902 0.488188 0.130301 0.476004
0 0.659598 0.432385 0.116071 0.4016
1 0.0633371 0.603051 0.117188 0.618304
3 0.657924 0.433129 0.114955 0.388207
2 0.650112 0.475818 0.106027 0.278274
3 0.0666853 0.466518 0.123326 0.385417
0 0.647321 0.420387 0.15067 0.482143
2 0.646205 0.420387 0.142857 0.49628
2 0.657366 0.592634 0.138393 0.55878
2 0.667411 0.503348 0.102679 0.25
0 0.657924 0.595238 0.154018 0.534226
0 0.106585 0.636161 0.21317 0.703869
2 0.0739746 0.49256 0.114886 0.267113
1 0.647879 0.496001 0.107143 0.393415
1 0.647321 0.420387 0.15067 0.482143
2 0.0681501 0.632999 0.1363 0.692336
