1 0.672991 0.568638 0.196429 0.556176
3 0.978795 0.580729 0.0379465 0.122768
0 0.396484 0.332124 0.354353 0.608073
0 0.323033 0.331473 0.53697 0.65997
0 0.675223 0.570778 0.212054 0.551897
0 0.443917 0.353795 0.165737 0.561756
1 0.400391 0.331566 0.369978 0.610677
2 0.979353 0.580357 0.0390625 0.123512
1 0.979353 0.580357 0.0390625 0.123512
1 0.443917 0.353795 0.165737 0.561756
0 0.979353 0.580357 0.0390625 0.123512
3 0.976562 0.576265 0.0435267 0.182292
0 0.489397 0.346819 0.261161 0.603981
2 0.676897 0.568173 0.198661 0.546689
1 0.672433 0.65997 0.215402 0.456845
1 0.323312 0.329613 0.550921 0.659226
3 0.674107 0.572359 0.21317 0.596354
2 0.976562 0.576265 0.0435267 0.182292
0 0.493304 0.331845 0.446429 0.663691
1 0.976562 0.576265 0.0435267 0.182292
2 0.396484 0.332124 0.354353 0.608073
2 0.323312 0.329613 0.550921 0.659226
3 0.37514 0.331194 0.423828 0.630766
3 0.986049 0.591146 0.0279017 0.168155
1 0.908482 0.345982 0.174107 0.627232
1 0.68192 0.573661 0.169643 0.28869
3 0.210938 0.569568 0.0290179 0.0967262
0 0.591518 0.394717 0.228795 0.525298
0 0.3351 0.36077 0.251116 0.576079
0 0.976562 0.576265 0.0435267 0.182292
0 0.410854 0.314732 0.202846 0.568452
0 0.418527 0.412574 0.143415 0.463542
3 0.973214 0.560268 0.0379464 0.123512
0 0.466797 0.40625 0.128906 0.479167
