3 0.978795 0.577753 0.0379465 0.12872
1 0.215123 0.569941 0.151228 0.346726
0 0.305455 0.349516 0.460519 0.693824
0 0.394252 0.334821 0.34654 0.607143
0 0.442941 0.351562 0.169922 0.571429
1 0.252441 0.431734 0.302037 0.633557
2 0.978795 0.576637 0.0390625 0.129464
1 0.225446 0.491909 0.203125 0.542969
1 0.398158 0.334077 0.366629 0.611607
2 0.218192 0.552455 0.162946 0.375744
1 0.209194 0.552083 0.226702 0.382441
1 0.442941 0.351562 0.169922 0.571429
0 0.251325 0.435082 0.306501 0.614955
1 0.978795 0.576637 0.0390625 0.129464
0 0.214844 0.559524 0.165179 0.363095
0 0.483817 0.336031 0.258929 0.61663
1 0.306083 0.350074 0.486049 0.700149
0 0.978795 0.576637 0.0390625 0.129464
3 0.978516 0.583705 0.0429688 0.178571
0 0.499163 0.331566 0.448103 0.66276
0 0.310826 0.39481 0.327009 0.597284
2 0.978516 0.583705 0.0429688 0.178571
2 0.394252 0.334821 0.34654 0.607143
2 0.306083 0.350074 0.486049 0.700149
0 0.225446 0.491909 0.203125 0.542969
3 0.211426 0.570312 0.140765 0.335566
0 0.418806 0.411923 0.140067 0.469308
2 0.252441 0.431734 0.302037 0.633557
3 0.306083 0.350074 0.486049 0.700149
2 0.206194 0.558036 0.135045 0.290179
3 0.973772 0.559524 0.0379464 0.154018
1 0.977121 0.574405 0.0435267 0.196429
1 0.245745 0.594866 0.153599 0.329613
0 0.410575 0.313988 0.2101 0.571429
1 0.189732 0.573103 0.119978 0.288318
1 0.249721 0.539435 0.193638 0.440476
1 0.908482 0.347377 0.177455 0.625186
1 0.418806 0.411923 0.140067 0.469308
2 0.225446 0.491909 0.203125 0.542969
0 0.908482 0.347377 0.177455 0.625186
3 0.394252 0.334821 0.34654 0.607143
0 0.228864 0.385882 0.406111 0.722284
