3 0.438337 0.442708 0.0502232 0.107143
3 0.431641 0.452009 0.0440848 0.112351
3 0.446429 0.455357 0.0703125 0.168155
3 0.488421 0.470238 0.0488281 0.0877976
3 0.480469 0.456473 0.046875 0.0803572
3 0.495257 0.472098 0.0563616 0.149554
3 0.499302 0.471726 0.0348773 0.0892857
3 0.481306 0.484375 0.047433 0.115327
3 0.48019 0.457961 0.0563616 0.116815
0 0.446429 0.455357 0.0703125 0.168155
1 0.446429 0.455357 0.0703125 0.168155
3 0.444475 0.46131 0.102121 0.182292
1 0.43471 0.452381 0.0446428 0.110119
0 0.438895 0.443452 0.0530134 0.111607
3 0.481027 0.484747 0.0636161 0.166667
3 0.441964 0.419271 0.0446428 0.107887
3 0.487723 0.484375 0.0412946 0.0885417
3 0.506138 0.459077 0.0412946 0.0900298
3 0.507952 0.459821 0.0689174 0.177827
3 0.503209 0.488467 0.0281808 0.0773809
3 0.457589 0.478423 0.107143 0.299851
