3 0.333426 0.446429 0.0524554 0.206845
3 0.659598 0.452381 0.0602679 0.168155
2 0.333147 0.446057 0.0580357 0.225446
3 0.666295 0.46131 0.0446429 0.142113
3 0.658482 0.450893 0.0814732 0.232887
3 0.331752 0.470982 0.0597098 0.329613
3 0.651228 0.444568 0.0591518 0.142113
3 0.330078 0.463542 0.0440848 0.145833
3 0.330636 0.452753 0.078125 0.220982
3 0.344308 0.438244 0.0558036 0.188988
1 0.333147 0.451637 0.0552455 0.217262
1 0.659598 0.452381 0.0647321 0.170387
0 0.332589 0.457961 0.0602679 0.258929
0 0.658482 0.450893 0.0814732 0.232887
0 0.659598 0.452381 0.0647321 0.170387
3 0.334263 0.485491 0.0412946 0.11756
2 0.337054 0.460566 0.0837054 0.252232
2 0.659598 0.452381 0.0647321 0.170387
1 0.658482 0.450893 0.0814732 0.232887
1 0.665737 0.460566 0.046875 0.145089
1 0.331752 0.470982 0.0597098 0.329613
3 0.33231 0.422991 0.0424107 0.170387
3 0.66183 0.481027 0.0379464 0.142857
2 0.658482 0.450893 0.0814732 0.232887
0 0.665737 0.460566 0.046875 0.145089
0 0.332031 0.445685 0.0485491 0.186012
3 0.665737 0.483631 0.0334822 0.0967262
2 0.665737 0.460566 0.046875 0.145089
3 0.355469 0.502604 0.0691964 0.301339
3 0.329799 0.487351 0.0379464 0.162202
