1 0.644531 0.548177 0.123884 0.37686
3 0.979353 0.578125 0.0379464 0.130208
0 0.395089 0.333426 0.348214 0.603981
0 0.32387 0.334077 0.54534 0.668155
1 0.399693 0.332589 0.365792 0.608631
2 0.979353 0.577381 0.0379464 0.127976
0 0.44308 0.352679 0.165179 0.559524
1 0.979353 0.577381 0.0379464 0.127976
1 0.44308 0.352679 0.165179 0.559524
0 0.643415 0.546131 0.123884 0.376488
0 0.979353 0.577381 0.0379464 0.127976
2 0.643973 0.544643 0.121652 0.372024
1 0.314523 0.337426 0.484794 0.674851
0 0.48298 0.34003 0.267299 0.611607
3 0.978795 0.585193 0.0424107 0.18006
1 0.619978 0.532738 0.114955 0.389881
0 0.492467 0.328497 0.441406 0.656994
2 0.395089 0.333426 0.348214 0.603981
3 0.643415 0.546131 0.123884 0.376488
1 0.660714 0.549479 0.200893 0.392113
2 0.978795 0.585193 0.0424107 0.18006
2 0.323172 0.332775 0.555664 0.665551
3 0.373884 0.331752 0.421875 0.631138
3 0.973772 0.55878 0.0379464 0.15625
0 0.418527 0.413784 0.136719 0.459635
1 0.90904 0.347191 0.176339 0.627046
0 0.90904 0.347191 0.176339 0.627046
0 0.410156 0.313988 0.202009 0.567708
1 0.617746 0.52567 0.228795 0.415923
1 0.418527 0.413784 0.136719 0.459635
1 0.977679 0.574033 0.0446428 0.198661
3 0.230469 0.563988 0.0418527 0.107143
0 0.335938 0.363374 0.246652 0.584263
