1 0.665179 0.559989 0.234375 0.698475
3 0.979911 0.577753 0.0379464 0.12872
0 0.318359 0.331845 0.544085 0.65997
0 0.398438 0.332589 0.33817 0.602679
0 0.678013 0.550781 0.247768 0.657366
1 0.402344 0.331473 0.356027 0.607143
0 0.444894 0.352307 0.166016 0.563244
1 0.444894 0.352307 0.166016 0.563244
2 0.979911 0.577009 0.0379464 0.127232
1 0.979911 0.577009 0.0379464 0.127232
0 0.979911 0.577009 0.0379464 0.127232
2 0.666853 0.561291 0.245536 0.689918
1 0.318987 0.329613 0.556222 0.659226
3 0.978795 0.585194 0.0424107 0.177827
3 0.666853 0.561291 0.245536 0.689918
0 0.492467 0.354539 0.231585 0.584077
2 0.398438 0.332589 0.33817 0.602679
1 0.660156 0.4641 0.165179 0.527158
1 0.621094 0.410714 0.190848 0.530506
1 0.642857 0.670759 0.267857 0.530506
2 0.318987 0.329613 0.556222 0.659226
0 0.488839 0.356492 0.335938 0.621838
3 0.374721 0.331101 0.40904 0.625744
3 0.973772 0.558408 0.0379464 0.153274
2 0.977679 0.574777 0.0446428 0.197917
0 0.420201 0.413411 0.132813 0.466332
3 0.211286 0.572173 0.0277623 0.0944941
1 0.465262 0.404018 0.13644 0.485119
1 0.977679 0.574777 0.0446428 0.197917
1 0.420201 0.413411 0.132813 0.466332
0 0.411133 0.314825 0.214565 0.572731
0 0.665179 0.659598 0.247768 0.585566
3 0.2131 0.532366 0.0341797 0.153274
3 0.986607 0.59003 0.0267857 0.191964
0 0.333915 0.362444 0.241769 0.577195
3 0.229004 0.565476 0.039202 0.101935
