1 0.0526646 0.571429 0.103934 0.440476
3 0.978795 0.577753 0.0379465 0.125744
0 0.400391 0.333798 0.334263 0.601749
0 0.324847 0.33324 0.543387 0.665365
0 0.444475 0.352679 0.165737 0.563988
1 0.404855 0.332961 0.353237 0.604911
1 0.444475 0.352679 0.165737 0.563988
0 0.0544782 0.568452 0.10505 0.436012
2 0.978795 0.577009 0.0379465 0.125744
0 0.485491 0.334077 0.267857 0.615327
1 0.978795 0.577753 0.0368303 0.119792
2 0.0530134 0.55878 0.102958 0.441964
0 0.978795 0.577009 0.0379465 0.125744
0 0.499442 0.331845 0.445312 0.65997
3 0.978516 0.582961 0.0429688 0.167411
1 0.311593 0.33631 0.486189 0.672619
1 0.0531529 0.572731 0.0962612 0.30692
2 0.404855 0.332961 0.353237 0.604911
1 0.879464 0.350446 0.219866 0.622768
2 0.977121 0.574405 0.0446428 0.189732
3 0.0544782 0.568452 0.10505 0.436012
3 0.377302 0.332124 0.406111 0.628906
2 0.323591 0.332217 0.558175 0.664435
0 0.545061 0.33417 0.211217 0.577195
0 0.420201 0.412946 0.135603 0.465774
3 0.231515 0.567708 0.038644 0.0967262
1 0.420201 0.412946 0.135603 0.465774
3 0.973214 0.559896 0.0379464 0.145089
1 0.977121 0.574405 0.0446428 0.189732
0 0.879464 0.350446 0.219866 0.622768
0 0.410156 0.314732 0.202009 0.56622
1 0.0610352 0.662574 0.109515 0.432292
0 0.581613 0.352307 0.381417 0.65997
0 0.334194 0.364304 0.240095 0.580915
1 0.485491 0.334077 0.267857 0.615327
0 0.186384 0.52167 0.164063 0.434338
1 0.0934012 0.564732 0.186802 0.450893
