1 0.959263 0.563058 0.0803572 0.606027
0 0.394252 0.33324 0.351004 0.610305
0 0.32945 0.333333 0.543108 0.663691
1 0.3976 0.332217 0.369978 0.613095
0 0.442383 0.352307 0.172154 0.56994
1 0.939732 0.563988 0.102678 0.623512
1 0.442383 0.352307 0.172154 0.56994
0 0.485212 0.334077 0.270647 0.616815
0 0.957031 0.555804 0.0814733 0.657738
0 0.496791 0.331752 0.455078 0.6609
1 0.320452 0.33631 0.479632 0.672619
2 0.957031 0.555804 0.0814733 0.657738
1 0.969587 0.601469 0.0608258 0.591704
1 0.960379 0.432664 0.0725447 0.461309
2 0.394252 0.33324 0.351004 0.610305
1 0.946987 0.670387 0.0959821 0.537202
3 0.374442 0.331473 0.415179 0.631696
2 0.328962 0.331473 0.554129 0.662946
3 0.957031 0.555804 0.0814733 0.657738
0 0.420201 0.411737 0.145089 0.472656
0 0.545898 0.333705 0.19615 0.573661
0 0.334542 0.362351 0.24721 0.581845
1 0.420201 0.411737 0.145089 0.472656
1 0.963728 0.68285 0.0669642 0.500372
0 0.582729 0.352679 0.374721 0.657738
1 0.943638 0.414528 0.0959822 0.545945
0 0.410156 0.315011 0.215402 0.572359
