1 0.871094 0.443731 0.180804 0.465216
1 0.365234 0.638765 0.0954241 0.625744
2 0.87221 0.444475 0.185268 0.471168
0 0.353516 0.646391 0.123326 0.632812
3 0.363281 0.530506 0.0401786 0.136905
3 0.36356 0.530506 0.0524554 0.232887
0 0.870536 0.447545 0.205357 0.480655
3 0.365792 0.500744 0.0385045 0.0662202
3 0.367746 0.580357 0.063058 0.422619
3 0.358259 0.497024 0.0334821 0.0639881
3 0.367746 0.573847 0.0502232 0.234747
1 0.366629 0.62314 0.0697545 0.490327
1 0.347935 0.692708 0.132813 0.577381
3 0.366071 0.504836 0.0357143 0.13244
3 0.363839 0.595238 0.0954241 0.559524
3 0.366908 0.527158 0.046317 0.0922619
2 0.365234 0.638765 0.0954241 0.625744
3 0.358817 0.501116 0.0323661 0.112351
1 0.367188 0.539249 0.0558036 0.30692
0 0.370536 0.60026 0.107701 0.56436
1 0.363281 0.530506 0.0401786 0.136905
0 0.366629 0.62314 0.0697545 0.490327
3 0.870536 0.447545 0.205357 0.480655
1 0.362444 0.575521 0.0513393 0.231399
0 0.367188 0.539249 0.0558036 0.30692
0 0.320871 0.695871 0.182478 0.563616
1 0.872768 0.45824 0.174107 0.299293
3 0.353237 0.666853 0.111049 0.600819
3 0.370815 0.563988 0.046317 0.0997024
0 0.266462 0.678199 0.329799 0.642113
2 0.347935 0.692708 0.132813 0.577381
3 0.367746 0.614583 0.0569196 0.270833
2 0.366629 0.62314 0.0697545 0.490327
1 0.367746 0.614583 0.0569196 0.270833
