3 0.979353 0.578869 0.0379464 0.129464
1 0.737165 0.577381 0.157366 0.620536
0 0.396763 0.333054 0.356027 0.613653
0 0.326939 0.331845 0.544782 0.662202
0 0.736607 0.583705 0.186384 0.668899
0 0.731027 0.556176 0.139509 0.561756
1 0.745536 0.587333 0.239955 0.679501
0 0.442662 0.353423 0.174944 0.571429
1 0.399623 0.331473 0.372628 0.61756
2 0.979353 0.578497 0.0390625 0.127976
1 0.979353 0.578497 0.0390625 0.127976
0 0.523438 0.764137 0.469866 0.458333
1 0.442662 0.353423 0.174944 0.571429
0 0.979353 0.578497 0.0390625 0.127976
0 0.723214 0.659598 0.265625 0.549851
3 0.979074 0.584077 0.0418527 0.173363
2 0.737723 0.577102 0.157366 0.610677
1 0.708147 0.648438 0.160714 0.612351
0 0.484375 0.337519 0.274554 0.616629
1 0.327427 0.329985 0.557199 0.65997
0 0.776786 0.616536 0.305804 0.665737
2 0.977121 0.573289 0.0435267 0.193452
0 0.494141 0.331473 0.467076 0.662946
0 0.459124 0.796131 0.525949 0.370536
2 0.396763 0.333054 0.356027 0.613653
2 0.745536 0.587333 0.239955 0.679501
1 0.729911 0.663691 0.328125 0.5625
3 0.97433 0.556548 0.0379464 0.156994
0 0.708147 0.648438 0.160714 0.612351
0 0.777902 0.578776 0.223214 0.59096
1 0.977121 0.573289 0.0435267 0.193452
3 0.737723 0.577102 0.157366 0.610677
2 0.327427 0.329985 0.557199 0.65997
3 0.377093 0.331008 0.422154 0.634115
3 0.745536 0.587333 0.239955 0.679501
3 0.986328 0.590774 0.0273438 0.178571
0 0.419364 0.412481 0.148996 0.472656
0 0.410017 0.315476 0.208984 0.569941
0 0.788504 0.496373 0.284598 0.65904
1 0.523438 0.764137 0.469866 0.458333
