0 0.362444 0.602307 0.274554 0.759673
1 0.351562 0.555618 0.229353 0.799479
0 0.327567 0.65997 0.22154 0.663691
0 0.401228 0.517113 0.333705 0.739583
0 0.464565 0.487909 0.483817 0.693824
1 0.401228 0.517113 0.333705 0.739583
1 0.326451 0.659784 0.21596 0.668527
0 0.430804 0.626767 0.386161 0.722656
2 0.34933 0.60147 0.229911 0.761347
3 0.356027 0.599702 0.256696 0.776786
0 0.508371 0.363002 0.472098 0.596912
0 0.344308 0.499163 0.209821 0.651972
1 0.326172 0.493118 0.186942 0.647693
1 0.46861 0.4867 0.51144 0.72154
