3 0.382812 0.46689 0.0368303 0.107143
3 0.313616 0.453869 0.0507812 0.137649
3 0.324777 0.461682 0.0669643 0.14881
3 0.378069 0.479539 0.0385045 0.110863
2 0.314732 0.458333 0.0625 0.160714
3 0.38644 0.454985 0.0295759 0.0863095
3 0.347098 0.468378 0.0809152 0.133184
0 0.382254 0.467634 0.0357143 0.104167
1 0.382254 0.467634 0.0357143 0.104167
1 0.318359 0.457961 0.0563616 0.141369
3 0.325893 0.465402 0.0887277 0.173363
0 0.314453 0.454613 0.0546875 0.140625
2 0.382254 0.467634 0.0357143 0.104167
0 0.324777 0.461682 0.0669643 0.14881
3 0.339286 0.480655 0.046317 0.103423
3 0.30106 0.460938 0.0390625 0.112351
3 0.316127 0.444568 0.0686384 0.181548
3 0.330078 0.419271 0.0507812 0.153274
3 0.392299 0.485119 0.0301339 0.105655
3 0.314732 0.423735 0.0435268 0.134673
3 0.368025 0.480283 0.0881696 0.181548
