2 0.885603 0.454613 0.11942 0.294643
3 0.884487 0.451265 0.118304 0.279018
1 0.512835 0.693452 0.114955 0.569941
0 0.515765 0.706101 0.126953 0.571429
1 0.885603 0.454613 0.11942 0.294643
0 0.885045 0.444196 0.120536 0.287202
1 0.511858 0.567336 0.118025 0.395089
2 0.898438 0.454613 0.129464 0.416667
3 0.513951 0.506324 0.0859375 0.145089
3 0.514369 0.506696 0.102958 0.247768
2 0.516741 0.695685 0.118304 0.56994
2 0.511858 0.567336 0.118025 0.395089
1 0.514369 0.506696 0.102958 0.247768
3 0.52553 0.524554 0.0638951 0.154762
0 0.511719 0.522693 0.15067 0.304316
3 0.512835 0.693452 0.114955 0.569941
2 0.511719 0.522693 0.15067 0.304316
