2 0.665737 0.444941 0.133929 0.453125
1 0.0945522 0.454985 0.16748 0.416667
0 0.0954241 0.6117 0.182199 0.717076
1 0.0948661 0.517671 0.172433 0.631324
2 0.0945522 0.454985 0.16748 0.416667
1 0.666295 0.425223 0.125 0.418155
0 0.666295 0.425688 0.126116 0.416481
0 0.0951451 0.495629 0.172433 0.501302
2 0.0948661 0.517671 0.172433 0.631324
0 0.660714 0.602772 0.162946 0.647135
3 0.665179 0.414807 0.121652 0.397321
0 0.120675 0.669271 0.24135 0.661458
0 0.07101 0.65997 0.140625 0.629464
0 0.529018 0.466146 0.407366 0.707589
3 0.66183 0.45824 0.143973 0.525484
0 0.649554 0.418527 0.183036 0.509673
1 0.660714 0.602772 0.162946 0.647135
3 0.0945522 0.454985 0.16748 0.416667
3 0.0948661 0.517671 0.172433 0.631324
1 0.105608 0.615513 0.211217 0.727307
0 0.672991 0.617281 0.24442 0.667225
2 0.669085 0.427083 0.111607 0.306548
0 0.621652 0.466518 0.241071 0.543155
2 0.686384 0.441406 0.126116 0.518973
1 0.646205 0.513021 0.135045 0.578125
2 0.664062 0.494048 0.11942 0.264881
