0 0.910714 0.387649 0.175223 0.764881
0 0.916853 0.603423 0.157366 0.775298
0 0.324637 0.332961 0.529297 0.662202
0 0.388253 0.334449 0.341797 0.619048
0 0.938058 0.651042 0.116071 0.662202
0 0.441964 0.350818 0.172991 0.581845
0 0.876674 0.61077 0.241071 0.757626
1 0.910714 0.353051 0.172991 0.676339
1 0.391741 0.333333 0.359375 0.624256
1 0.441964 0.350818 0.172991 0.581845
0 0.959263 0.657366 0.0747768 0.649554
1 0.317522 0.337612 0.466518 0.675223
2 0.910714 0.388579 0.175223 0.761533
1 0.916295 0.602865 0.159598 0.77939
2 0.388253 0.334449 0.341797 0.619048
1 0.938616 0.66183 0.120536 0.676339
2 0.916295 0.602865 0.159598 0.77939
3 0.23577 0.569569 0.0440848 0.108631
0 0.483538 0.342634 0.241629 0.619792
2 0.322963 0.331473 0.537109 0.662946
3 0.36935 0.332589 0.407506 0.642113
3 0.91183 0.344122 0.176339 0.679316
0 0.421317 0.40997 0.150112 0.487351
0 0.872768 0.456938 0.210938 0.754278
0 0.333147 0.361514 0.253348 0.586496
3 0.237723 0.568452 0.0675223 0.19494
3 0.916295 0.602865 0.159598 0.77939
3 0.228237 0.577753 0.0351562 0.0877976
3 0.214844 0.572173 0.0345982 0.0959822
3 0.214286 0.53497 0.0418527 0.150298
0 0.889509 0.685082 0.188616 0.629836
1 0.421317 0.40997 0.150112 0.487351
0 0.383929 0.361979 0.220424 0.565476
