3 0.979353 0.578125 0.0379464 0.129464
1 0.712054 0.56436 0.188616 0.726935
0 0.322963 0.331752 0.541574 0.6609
0 0.387974 0.333984 0.364676 0.613281
0 0.717634 0.578311 0.226562 0.763021
0 0.704241 0.528925 0.170759 0.657924
1 0.391253 0.332961 0.378209 0.616816
0 0.44308 0.353888 0.174107 0.566034
2 0.979353 0.577381 0.0390625 0.12872
1 0.979353 0.577381 0.0390625 0.12872
1 0.720424 0.659226 0.272321 0.662202
1 0.702009 0.469122 0.140625 0.563244
1 0.44308 0.353888 0.174107 0.566034
0 0.979353 0.577381 0.0390625 0.12872
3 0.979074 0.582961 0.0418527 0.174107
1 0.323451 0.329985 0.549526 0.65997
0 0.722098 0.6609 0.294643 0.657366
2 0.719308 0.580357 0.246652 0.769345
0 0.490095 0.350353 0.220703 0.561198
2 0.726004 0.529855 0.178571 0.656064
2 0.370675 0.332496 0.421596 0.631138
2 0.977679 0.573661 0.0446428 0.19122
1 0.742746 0.648438 0.186384 0.627232
3 0.719308 0.580357 0.246652 0.769345
3 0.229074 0.567708 0.0418527 0.103423
0 0.643415 0.608259 0.296875 0.642113
1 0.977679 0.573661 0.0446428 0.19122
3 0.97433 0.557292 0.0390625 0.157738
0 0.617188 0.685454 0.373884 0.572545
3 0.370675 0.332496 0.421596 0.631138
3 0.214634 0.534226 0.0355748 0.15625
3 0.21317 0.573289 0.0301339 0.0944941
0 0.770089 0.546596 0.305804 0.755022
0 0.486189 0.352028 0.342355 0.608445
1 0.675223 0.644345 0.200893 0.620536
3 0.230748 0.565104 0.0625 0.168899
3 0.726004 0.529855 0.178571 0.656064
3 0.225167 0.533482 0.0496652 0.166667
3 0.986328 0.59003 0.0273438 0.180804
0 0.418248 0.410807 0.155134 0.476004
0 0.631138 0.49628 0.215402 0.595238
0 0.513393 0.409598 0.158482 0.477679
0 0.466518 0.405413 0.132812 0.476377
0 0.410435 0.315476 0.212612 0.568452
3 0.213518 0.570312 0.0445034 0.140625
