3 0.351004 0.513393 0.0323661 0.0803571
3 0.346261 0.491816 0.0267857 0.0699405
3 0.35798 0.491816 0.0301339 0.0669643
3 0.359096 0.515625 0.0357143 0.0758929
1 0.592076 0.696987 0.120536 0.24442
3 0.362723 0.490699 0.0301339 0.0959822
1 0.604353 0.719494 0.151786 0.3125
3 0.356864 0.516369 0.0418527 0.157738
1 0.592076 0.690476 0.0881696 0.154762
1 0.609933 0.705357 0.112723 0.209821
3 0.592076 0.690476 0.0881696 0.154762
3 0.332589 0.517113 0.0245536 0.0803571
2 0.592634 0.698475 0.108259 0.18192
3 0.351004 0.493676 0.0396205 0.143601
1 0.355469 0.515997 0.0267857 0.0818453
0 0.609933 0.704799 0.128348 0.268973
3 0.361886 0.519717 0.0591518 0.254464
3 0.353795 0.543155 0.0301339 0.125
3 0.34933 0.452381 0.0273438 0.119792
3 0.609933 0.705357 0.112723 0.209821
