2 0.69029 0.44122 0.106027 0.386161
1 0.691406 0.43378 0.108259 0.388393
2 0.689732 0.509487 0.118304 0.614955
0 0.689732 0.512184 0.121652 0.576823
0 0.686942 0.615234 0.170759 0.718936
3 0.69029 0.44122 0.106027 0.386161
1 0.694196 0.502511 0.111607 0.575335
0 0.691406 0.43378 0.108259 0.388393
0 0.674107 0.620815 0.258929 0.749442
2 0.683594 0.467262 0.092634 0.28125
2 0.702009 0.471912 0.107143 0.487723
0 0.526646 0.476563 0.424386 0.688244
0 0.637835 0.665923 0.188616 0.599702
3 0.694196 0.502511 0.111607 0.575335
2 0.657366 0.480469 0.185268 0.583705
0 0.570731 0.635138 0.291574 0.705915
0 0.654576 0.481771 0.205357 0.570685
