2 0.887277 0.449405 0.121652 0.321429
1 0.366071 0.675409 0.103237 0.616444
0 0.366071 0.675409 0.103237 0.616444
3 0.37221 0.530878 0.0452009 0.169643
1 0.887277 0.444941 0.122768 0.30878
3 0.371931 0.530878 0.0602679 0.311012
3 0.367746 0.49628 0.0396205 0.12128
3 0.354632 0.479911 0.0379464 0.0930059
3 0.887277 0.449405 0.122768 0.322917
3 0.361886 0.524554 0.0452009 0.186756
0 0.887277 0.444941 0.122768 0.30878
3 0.376116 0.521949 0.0435268 0.0944941
3 0.34933 0.456101 0.0301339 0.0654762
1 0.367746 0.572359 0.0708705 0.47433
3 0.367746 0.572359 0.0708705 0.47433
3 0.363281 0.585379 0.0987723 0.573289
2 0.365792 0.647135 0.108259 0.667039
3 0.387277 0.527158 0.0401786 0.142113
1 0.371931 0.530878 0.0602679 0.311012
3 0.362165 0.455729 0.0357143 0.0625
3 0.391183 0.522693 0.0290178 0.0684524
3 0.353516 0.457217 0.0295759 0.101935
3 0.361607 0.565476 0.0524554 0.258929
1 0.361607 0.565476 0.0524554 0.258929
3 0.356864 0.514137 0.0418527 0.110119
1 0.37221 0.530878 0.0452009 0.169643
3 0.392299 0.500744 0.030692 0.0669643
3 0.367746 0.455357 0.0385045 0.125
1 0.361886 0.524554 0.0452009 0.186756
3 0.391741 0.502604 0.0452009 0.125744
1 0.367746 0.49628 0.0396205 0.12128
0 0.371931 0.530878 0.0602679 0.311012
0 0.367746 0.572359 0.0708705 0.47433
1 0.358817 0.487351 0.0334821 0.114583
0 0.325893 0.669271 0.162946 0.603423
3 0.388393 0.525298 0.0708705 0.331845
3 0.390067 0.522321 0.166295 0.552083
