2 0.965123 0.542039 0.0697544 0.281994
0 0.387695 0.334077 0.36077 0.612351
0 0.331124 0.334821 0.530832 0.668155
1 0.965123 0.539807 0.0697544 0.280506
1 0.391253 0.332961 0.375977 0.616816
0 0.442243 0.354167 0.171317 0.563988
0 0.965123 0.539807 0.0697544 0.280506
0 0.486607 0.337054 0.270089 0.617559
1 0.442243 0.354167 0.171317 0.563988
1 0.321289 0.337054 0.44894 0.674107
0 0.5 0.331938 0.454241 0.663504
3 0.965402 0.539807 0.0669642 0.280506
2 0.391253 0.332961 0.375977 0.616816
3 0.370815 0.332868 0.425781 0.636347
2 0.330078 0.333705 0.544085 0.667411
0 0.417969 0.41183 0.145089 0.468006
3 0.215681 0.529018 0.0357143 0.158482
0 0.37779 0.361235 0.219308 0.565476
3 0.231655 0.557664 0.0433873 0.119048
2 0.973214 0.563988 0.0535714 0.157738
0 0.410296 0.314732 0.205078 0.567708
0 0.545201 0.334821 0.198661 0.574405
1 0.417969 0.41183 0.145089 0.468006
