0 0.125453 0.622675 0.167062 0.732329
0 0.128069 0.482608 0.113839 0.714844
0 0.152727 0.622024 0.264858 0.755952
0 0.15346 0.411458 0.0887277 0.619048
0 0.144113 0.345331 0.0800781 0.476004
1 0.125453 0.622675 0.167062 0.732329
3 0.159877 0.424479 0.030692 0.0773809
0 0.154576 0.431176 0.0544085 0.444196
3 0.155971 0.43006 0.0385045 0.199405
0 0.0881696 0.62221 0.169085 0.722842
3 0.159877 0.40067 0.0298549 0.077381
1 0.154576 0.431176 0.0544085 0.444196
1 0.128069 0.482608 0.113839 0.714844
3 0.171317 0.429316 0.0245536 0.0699405
2 0.125453 0.622675 0.167062 0.732329
3 0.154576 0.431176 0.0544085 0.444196
3 0.144252 0.432664 0.0518973 0.214286
