2 0.293527 0.453125 0.0881696 0.223958
3 0.295201 0.457961 0.0820312 0.224702
3 0.470982 0.448289 0.0518973 0.179315
3 0.294085 0.475446 0.0898438 0.33631
0 0.283482 0.660528 0.140625 0.678943
1 0.293527 0.453869 0.0898438 0.22247
3 0.283761 0.467262 0.0558036 0.139137
3 0.471122 0.462426 0.0789621 0.296875
0 0.294364 0.478423 0.0915179 0.309524
3 0.476283 0.463263 0.132254 0.441034
3 0.289342 0.485863 0.0613839 0.200893
1 0.286272 0.65811 0.125558 0.667411
3 0.285156 0.44308 0.0647321 0.149554
2 0.293248 0.466518 0.0652902 0.151042
3 0.279297 0.486607 0.046875 0.104167
0 0.29548 0.458333 0.0831473 0.220238
1 0.471261 0.448661 0.0585938 0.189732
0 0.470424 0.460193 0.0591518 0.203125
2 0.285156 0.44308 0.0647321 0.149554
0 0.476283 0.463263 0.132254 0.441034
2 0.291295 0.502604 0.0998884 0.369792
1 0.476283 0.463263 0.132254 0.441034
3 0.464565 0.438616 0.047433 0.14881
2 0.470424 0.460193 0.0591518 0.203125
0 0.471122 0.462426 0.0789621 0.296875
0 0.25 0.668527 0.152902 0.610863
0 0.318638 0.668527 0.16183 0.607887
