3 0.978795 0.577381 0.0379465 0.12872
1 0.717634 0.558873 0.15625 0.739397
0 0.397879 0.331566 0.347098 0.609189
0 0.719308 0.576079 0.177455 0.767485
0 0.334682 0.32952 0.520368 0.656436
1 0.695871 0.584635 0.236607 0.774182
1 0.401088 0.329985 0.363002 0.613839
1 0.727121 0.657924 0.233259 0.648438
0 0.727121 0.657924 0.233259 0.648438
0 0.44322 0.350818 0.17048 0.570685
2 0.979353 0.576637 0.0390625 0.127976
1 0.44322 0.350818 0.17048 0.570685
1 0.979353 0.576637 0.0390625 0.127976
0 0.979353 0.576637 0.0390625 0.127976
3 0.978795 0.582589 0.0424107 0.174851
1 0.315778 0.329055 0.433175 0.65811
0 0.486468 0.337705 0.26144 0.608817
2 0.976562 0.572173 0.0435267 0.188244
2 0.397879 0.331566 0.347098 0.609189
2 0.714844 0.563244 0.164062 0.739583
3 0.97433 0.55692 0.0390625 0.155506
0 0.639509 0.624721 0.372768 0.738653
1 0.976562 0.572173 0.0435267 0.188244
3 0.37514 0.329148 0.412667 0.630394
3 0.229283 0.570685 0.0408761 0.0989584
2 0.33517 0.327753 0.531669 0.655506
0 0.685826 0.53683 0.186384 0.648066
0 0.488002 0.329985 0.424665 0.65997
0 0.768415 0.615327 0.237723 0.702381
3 0.719308 0.576079 0.177455 0.767485
3 0.212193 0.575893 0.031529 0.0907738
1 0.915737 0.345982 0.159598 0.609375
0 0.411551 0.314267 0.219308 0.575335
1 0.419922 0.414156 0.140067 0.469308
3 0.230678 0.567336 0.0631975 0.156994
0 0.419922 0.414156 0.140067 0.469308
3 0.986328 0.589658 0.0273438 0.186012
