0 0.385882 0.61849 0.131696 0.718378
1 0.386719 0.573754 0.109375 0.623326
0 0.384208 0.54455 0.112165 0.543341
2 0.386719 0.573754 0.109375 0.623326
1 0.38058 0.619513 0.16183 0.716332
0 0.515625 0.376488 0.398438 0.642857
0 0.355469 0.623512 0.229911 0.724702
3 0.384487 0.504557 0.104911 0.477493
0 0.4375 0.480097 0.232143 0.590402
0 0.414062 0.558408 0.180804 0.634673
0 0.404576 0.68564 0.142857 0.613839
0 0.439872 0.630487 0.273158 0.728609
1 0.398996 0.458054 0.109375 0.40532
1 0.390904 0.52381 0.0909599 0.273809
2 0.38058 0.619513 0.16183 0.716332
2 0.393415 0.482143 0.0887277 0.290179
0 0.522321 0.307664 0.511161 0.570684
