3 0.979353 0.578869 0.0379464 0.127232
1 0.396763 0.555618 0.21875 0.58817
0 0.400251 0.542504 0.237444 0.608445
0 0.379604 0.334821 0.466239 0.611607
0 0.27853 0.33817 0.482003 0.676339
0 0.441406 0.374721 0.268973 0.634487
0 0.384487 0.394438 0.320313 0.608445
0 0.447545 0.383092 0.183036 0.579055
2 0.979353 0.578125 0.0379464 0.127232
1 0.979353 0.578125 0.0379464 0.127232
2 0.398158 0.542876 0.214844 0.610677
0 0.398996 0.341518 0.204241 0.561012
0 0.979353 0.578125 0.0379464 0.127232
0 0.363281 0.489583 0.25279 0.690476
3 0.978795 0.585565 0.0424107 0.181548
3 0.400251 0.542504 0.237444 0.608445
0 0.337891 0.343099 0.191406 0.584635
0 0.48284 0.417411 0.154855 0.571429
0 0.403739 0.449219 0.174665 0.488467
2 0.978795 0.585565 0.0424107 0.181548
0 0.248605 0.507441 0.172433 0.510417
0 0.472656 0.420852 0.107143 0.534784
3 0.973214 0.55878 0.0379464 0.155506
3 0.224121 0.565848 0.0484096 0.134673
0 0.241629 0.71596 0.395647 0.523438
1 0.315848 0.333333 0.534598 0.666667
3 0.211565 0.569569 0.0372489 0.106399
0 0.238281 0.336682 0.257812 0.616815
3 0.224679 0.563058 0.0763114 0.290551
0 0.498047 0.334077 0.468192 0.668155
1 0.447684 0.453776 0.193917 0.626674
0 0.443499 0.49628 0.188895 0.5625
1 0.977679 0.575149 0.0446428 0.199405
0 0.214774 0.519903 0.129604 0.394717
3 0.986328 0.59003 0.0273438 0.190476
0 0.265067 0.440569 0.262835 0.641183
0 0.21875 0.521949 0.0831473 0.368304
3 0.211077 0.566964 0.0560826 0.186756
