3 0.978795 0.576637 0.0379465 0.129464
1 0.205078 0.562872 0.138951 0.341518
0 0.398298 0.334356 0.341797 0.605097
0 0.3125 0.348214 0.4375 0.691964
2 0.20745 0.555432 0.160435 0.37872
0 0.208217 0.554688 0.160575 0.374256
0 0.238909 0.441871 0.295619 0.613281
1 0.402344 0.333705 0.362723 0.610119
0 0.443917 0.352307 0.166853 0.561756
1 0.443917 0.352307 0.166853 0.561756
2 0.978795 0.575893 0.0390625 0.12872
0 0.484933 0.333705 0.268973 0.615327
1 0.978795 0.575893 0.0390625 0.12872
1 0.200614 0.503627 0.159598 0.512091
1 0.204241 0.549851 0.237723 0.394345
0 0.204241 0.549851 0.237723 0.394345
2 0.200335 0.554688 0.125558 0.295387
1 0.24435 0.44029 0.290318 0.631324
0 0.978795 0.575893 0.0390625 0.12872
0 0.499442 0.331101 0.459821 0.662202
3 0.978516 0.581845 0.0429688 0.184524
0 0.21875 0.493304 0.19308 0.522321
1 0.222377 0.590402 0.134487 0.280506
1 0.313128 0.348214 0.476423 0.696429
2 0.211217 0.505394 0.199219 0.551711
2 0.24435 0.44029 0.290318 0.631324
3 0.205078 0.562872 0.138951 0.341518
3 0.97433 0.55692 0.0379464 0.154018
2 0.978516 0.581845 0.0429688 0.184524
2 0.398298 0.334356 0.341797 0.605097
2 0.222377 0.590402 0.134487 0.280506
0 0.318638 0.394438 0.294643 0.592076
2 0.313128 0.348214 0.476423 0.696429
1 0.977121 0.572173 0.0446428 0.197917
3 0.376256 0.332682 0.417132 0.635231
0 0.419922 0.413411 0.136161 0.464844
1 0.181431 0.586682 0.138253 0.360863
1 0.419922 0.413411 0.136161 0.464844
0 0.409598 0.313616 0.204241 0.568452
0 0.544643 0.332868 0.195312 0.575335
2 0.204241 0.549851 0.237723 0.394345
0 0.56822 0.353888 0.280971 0.625558
1 0.484933 0.333705 0.268973 0.615327
1 0.880022 0.346075 0.220982 0.629278
0 0.381975 0.365327 0.197545 0.557292
1 0.242397 0.564174 0.132394 0.356771
3 0.986607 0.59003 0.0267857 0.202381
0 0.181083 0.49535 0.156808 0.512277
