0 0.401786 0.588821 0.16183 0.704799
1 0.403739 0.525949 0.147879 0.605841
2 0.403739 0.559989 0.145647 0.682106
0 0.390346 0.664062 0.238281 0.664435
3 0.40346 0.55971 0.146205 0.657366
0 0.528878 0.450335 0.32394 0.643973
0 0.421317 0.649368 0.140625 0.594122
0 0.45745 0.507347 0.2726 0.648996
1 0.433594 0.553385 0.219866 0.646205
1 0.395647 0.649926 0.156808 0.643601
0 0.524554 0.297247 0.414062 0.518601
2 0.392299 0.459728 0.131138 0.464472
0 0.402902 0.462984 0.150112 0.478795
1 0.398438 0.59561 0.207589 0.707589
