2 0.0997489 0.515625 0.113281 0.395833
2 0.10226 0.47433 0.102679 0.267857
3 0.10226 0.47433 0.102679 0.267857
0 0.0913784 0.650856 0.134766 0.674479
1 0.100307 0.517857 0.115234 0.363095
0 0.100307 0.517857 0.115234 0.363095
1 0.101283 0.645833 0.145926 0.666667
3 0.0997489 0.515625 0.113281 0.395833
2 0.0834263 0.470982 0.0825893 0.255952
3 0.623884 0.447173 0.0412946 0.0997024
2 0.101283 0.645833 0.145926 0.666667
3 0.61942 0.446429 0.0658482 0.209821
3 0.0834263 0.470982 0.0825893 0.255952
0 0.12486 0.674479 0.249721 0.645089
2 0.0941685 0.445964 0.126953 0.334263
0 0.0653599 0.680432 0.130441 0.634673
3 0.640625 0.44308 0.0357143 0.101935
1 0.0943429 0.462798 0.110979 0.258185
0 0.523996 0.200521 0.539062 0.401042
