1 0.94308 0.53404 0.0904017 0.317336
2 0.943638 0.534598 0.0870535 0.313244
0 0.389439 0.332217 0.369559 0.611607
0 0.327497 0.331938 0.53139 0.65904
2 0.984375 0.582217 0.0256697 0.12872
2 0.983259 0.574033 0.03125 0.18378
1 0.392229 0.330729 0.3863 0.616816
0 0.44322 0.354167 0.17048 0.560268
2 0.986049 0.573475 0.0279017 0.271205
0 0.484794 0.334449 0.26702 0.611607
1 0.44322 0.354167 0.17048 0.560268
1 0.983259 0.574033 0.03125 0.18378
0 0.942522 0.531808 0.0904018 0.317336
3 0.987165 0.587426 0.0245536 0.126488
1 0.316406 0.331473 0.447545 0.662946
1 0.984375 0.582217 0.0256697 0.12872
2 0.96596 0.561012 0.0535714 0.146577
1 0.986049 0.573475 0.0279017 0.271205
3 0.94308 0.532366 0.0904017 0.315476
0 0.492746 0.331287 0.441964 0.662574
2 0.987723 0.598586 0.0189732 0.106399
3 0.228516 0.571429 0.0396205 0.0989584
3 0.983259 0.574033 0.03125 0.18378
3 0.212542 0.577009 0.0285993 0.0892857
2 0.389439 0.332217 0.369559 0.611607
2 0.988281 0.598958 0.0200892 0.154762
1 0.96596 0.561012 0.0535714 0.146577
2 0.327288 0.329799 0.541853 0.659598
3 0.370745 0.330729 0.430385 0.631696
3 0.229911 0.568452 0.0591518 0.151042
1 0.929129 0.524926 0.106027 0.398065
3 0.212542 0.573289 0.0425502 0.126488
0 0.418248 0.412946 0.150112 0.469494
0 0.544643 0.333333 0.199777 0.567708
0 0.980469 0.571429 0.0345983 0.174851
3 0.213449 0.537202 0.0345982 0.15253
3 0.222656 0.579613 0.0329241 0.0967262
0 0.987165 0.587426 0.0245536 0.126488
3 0.225516 0.534598 0.0484096 0.165179
0 0.410296 0.314453 0.205078 0.56901
2 0.929129 0.524926 0.106027 0.398065
0 0.986049 0.573475 0.0279017 0.271205
