3 0.978795 0.578497 0.0368303 0.126488
1 0.345703 0.546782 0.162946 0.573103
0 0.408343 0.374535 0.317243 0.655692
0 0.401437 0.336682 0.479492 0.662202
0 0.385603 0.486142 0.21317 0.651228
0 0.347377 0.530227 0.190848 0.610677
1 0.364397 0.527623 0.239955 0.621838
2 0.350446 0.533017 0.195871 0.593192
0 0.442662 0.368025 0.179408 0.580915
0 0.416295 0.528088 0.132813 0.550967
1 0.416295 0.528088 0.132813 0.550967
1 0.386719 0.571987 0.160714 0.540551
0 0.415039 0.428757 0.175502 0.56808
2 0.979353 0.578497 0.0379464 0.125
1 0.979353 0.578497 0.0379464 0.125
0 0.445173 0.515904 0.153181 0.539621
0 0.283343 0.328869 0.473493 0.657738
0 0.979353 0.578497 0.0379464 0.125
1 0.445173 0.515904 0.153181 0.539621
0 0.481027 0.346726 0.276786 0.620536
2 0.385603 0.486142 0.21317 0.651228
3 0.978795 0.586682 0.0424107 0.180804
0 0.368025 0.343099 0.212054 0.583147
0 0.303292 0.531994 0.196429 0.566964
1 0.442662 0.368025 0.179408 0.580915
3 0.364397 0.527623 0.239955 0.621838
1 0.40046 0.376488 0.376535 0.686012
0 0.432757 0.4867 0.285156 0.531064
1 0.410714 0.5984 0.101562 0.487723
2 0.416295 0.528088 0.132813 0.550967
3 0.973214 0.558036 0.0390625 0.151786
2 0.386719 0.571987 0.160714 0.540551
2 0.978795 0.586682 0.0424107 0.180804
3 0.354074 0.536551 0.165737 0.575707
1 0.300781 0.53404 0.180246 0.586681
1 0.432757 0.4867 0.285156 0.531064
3 0.986607 0.591146 0.0267857 0.186012
1 0.977121 0.575149 0.0446428 0.196429
2 0.411272 0.371187 0.323661 0.657924
0 0.386719 0.571987 0.160714 0.540551
1 0.305246 0.528088 0.273438 0.622396
2 0.39488 0.333612 0.508231 0.664621
1 0.415039 0.428757 0.175502 0.56808
1 0.418806 0.526414 0.103795 0.265625
1 0.422294 0.595982 0.168806 0.501488
1 0.346401 0.323661 0.51702 0.644345
0 0.302804 0.345982 0.199079 0.558036
3 0.39488 0.333612 0.508231 0.664621
