2 0.921875 0.447173 0.100446 0.279762
0 0.516881 0.707031 0.129185 0.571057
3 0.920759 0.447545 0.100446 0.281994
1 0.513951 0.69029 0.113839 0.562872
1 0.920201 0.44122 0.100447 0.272321
0 0.920201 0.44122 0.100447 0.272321
3 0.51409 0.506324 0.0845424 0.143601
3 0.515067 0.506324 0.103795 0.215774
1 0.504883 0.698661 0.171038 0.589286
1 0.512835 0.564174 0.118304 0.371652
3 0.526367 0.523066 0.0599888 0.141369
2 0.512835 0.564174 0.118304 0.371652
3 0.52553 0.523438 0.077288 0.209077
1 0.515067 0.506324 0.103795 0.215774
3 0.530692 0.520461 0.047991 0.113839
2 0.516183 0.694754 0.125 0.577753
2 0.51409 0.522321 0.153739 0.294643
0 0.51409 0.522321 0.153739 0.294643
1 0.513951 0.62779 0.09375 0.420015
2 0.933036 0.467634 0.108259 0.354911
