0 0.56264 0.654018 0.198382 0.526786
1 0.56264 0.654018 0.198382 0.526786
3 0.376395 0.528274 0.0379464 0.09375
3 0.368304 0.498884 0.0368304 0.0662203
3 0.363839 0.522693 0.0345982 0.106399
3 0.392857 0.531994 0.0245535 0.0580357
3 0.38923 0.533854 0.030692 0.0758929
3 0.375837 0.524926 0.0518973 0.177083
3 0.373326 0.550595 0.0390625 0.154762
3 0.396205 0.547991 0.0200893 0.0513393
3 0.357701 0.492932 0.030692 0.0662202
3 0.370257 0.50186 0.0485491 0.194196
3 0.391183 0.552083 0.0301339 0.119048
3 0.359375 0.49628 0.0301339 0.100446
3 0.378069 0.545759 0.0368304 0.0751488
2 0.561384 0.653274 0.215402 0.529762
3 0.373047 0.552083 0.0552456 0.262649
3 0.362165 0.56436 0.0385045 0.179316
3 0.561384 0.653274 0.215402 0.529762
1 0.52846 0.688616 0.157366 0.502232
0 0.52846 0.688616 0.157366 0.502232
3 0.38923 0.530878 0.0513393 0.170387
1 0.375837 0.524926 0.0518973 0.177083
1 0.376395 0.528274 0.0379464 0.09375
1 0.363839 0.522693 0.0345982 0.106399
1 0.515067 0.641183 0.21875 0.503348
1 0.36942 0.50186 0.0340402 0.0952381
3 0.359933 0.496652 0.0457589 0.18378
1 0.364397 0.520089 0.0485491 0.1875
3 0.391462 0.554316 0.0591518 0.235119
1 0.373326 0.550595 0.0390625 0.154762
