1 0.912946 0.546875 0.09375 0.299107
0 0.396205 0.33324 0.352679 0.608817
0 0.330427 0.333333 0.543387 0.664435
2 0.976004 0.573289 0.046875 0.15625
2 0.980469 0.576265 0.0345983 0.12872
1 0.91183 0.53125 0.108259 0.412202
3 0.980469 0.576265 0.0357142 0.133929
2 0.914621 0.550595 0.0970983 0.267857
1 0.930804 0.545387 0.0892857 0.265625
0 0.91183 0.529762 0.108259 0.382441
1 0.976004 0.572917 0.0479911 0.147321
1 0.400391 0.332217 0.371094 0.613095
0 0.909598 0.384859 0.151786 0.62314
0 0.914062 0.549851 0.101562 0.264137
0 0.48577 0.333333 0.280692 0.619048
0 0.442941 0.352679 0.16769 0.565476
1 0.979911 0.578497 0.0345982 0.124256
1 0.442941 0.352679 0.16769 0.565476
0 0.497907 0.332124 0.45731 0.658668
2 0.959822 0.570312 0.0680804 0.220982
2 0.91183 0.53125 0.108259 0.412202
1 0.32094 0.336496 0.485352 0.672991
0 0.980469 0.576265 0.0345983 0.12872
3 0.914621 0.550595 0.0970983 0.267857
2 0.396205 0.33324 0.352679 0.608817
0 0.879464 0.35333 0.21875 0.640067
1 0.959822 0.570312 0.0680804 0.220982
1 0.909598 0.384859 0.151786 0.62314
0 0.976004 0.572917 0.0479911 0.147321
3 0.377511 0.331752 0.420201 0.632627
2 0.329729 0.331473 0.554827 0.662946
0 0.544085 0.334449 0.216518 0.581845
1 0.941406 0.507254 0.0926339 0.420015
3 0.229004 0.563244 0.038644 0.104167
0 0.579241 0.353423 0.387277 0.65997
2 0.975725 0.555432 0.0485491 0.245536
3 0.213658 0.531622 0.0330636 0.151786
0 0.419085 0.412202 0.137835 0.465774
3 0.212333 0.567708 0.0284598 0.0967262
3 0.968192 0.582961 0.0558036 0.165179
3 0.91183 0.529762 0.108259 0.382441
1 0.48577 0.333333 0.280692 0.619048
1 0.419085 0.412202 0.137835 0.465774
0 0.384487 0.361979 0.208147 0.556548
2 0.935268 0.569941 0.0970983 0.263393
2 0.966518 0.583333 0.0524554 0.157738
0 0.3351 0.363932 0.243862 0.583147
1 0.975725 0.555432 0.0485491 0.245536
2 0.941406 0.507254 0.0926339 0.420015
