1 0.962333 0.533854 0.0753348 0.329613
2 0.961496 0.533668 0.0770089 0.329985
0 0.391462 0.333333 0.356585 0.612351
0 0.326242 0.332589 0.537249 0.662202
0 0.443638 0.353423 0.168527 0.563244
1 0.395368 0.332217 0.37221 0.61756
1 0.443638 0.353423 0.168527 0.563244
0 0.483817 0.335938 0.252232 0.608631
0 0.962333 0.533854 0.0753348 0.329613
1 0.32666 0.330357 0.547573 0.660714
3 0.962333 0.533854 0.0753348 0.329613
0 0.492467 0.331101 0.431362 0.662202
2 0.391462 0.333333 0.356585 0.612351
3 0.228516 0.567708 0.0418527 0.104167
2 0.32666 0.330357 0.547573 0.660714
3 0.213518 0.572545 0.0311105 0.0959821
3 0.371931 0.331845 0.417969 0.631696
1 0.941964 0.53125 0.0982142 0.413691
3 0.23019 0.564732 0.0647321 0.171131
3 0.214076 0.534598 0.0361328 0.153274
0 0.544503 0.333984 0.188895 0.562686
0 0.418248 0.411737 0.151228 0.477121
0 0.410296 0.315941 0.216239 0.576451
0 0.335658 0.36077 0.25279 0.580543
3 0.213728 0.569196 0.0491071 0.143601
3 0.225237 0.531994 0.0484096 0.164435
0 0.465262 0.405134 0.129743 0.479911
2 0.941964 0.53125 0.0982142 0.413691
