1 0.88058 0.538691 0.106027 0.333333
3 0.978795 0.578497 0.0401785 0.133184
0 0.400391 0.332589 0.344308 0.602679
0 0.324777 0.331008 0.529018 0.6609
2 0.978237 0.577381 0.0412946 0.135417
2 0.879464 0.537016 0.110491 0.333705
0 0.882254 0.388672 0.194196 0.628906
0 0.883929 0.522135 0.123884 0.390253
0 0.444894 0.353051 0.162667 0.558036
1 0.40346 0.331845 0.361607 0.606399
1 0.978795 0.579613 0.0390625 0.125744
2 0.973493 0.571429 0.0530133 0.163691
1 0.444894 0.353051 0.162667 0.558036
0 0.484236 0.333798 0.263672 0.609189
3 0.973493 0.571429 0.0530133 0.163691
0 0.978795 0.579613 0.0390625 0.125744
0 0.883371 0.541667 0.104911 0.299107
1 0.973493 0.571429 0.0530133 0.163691
1 0.882254 0.388672 0.194196 0.628906
1 0.871094 0.493583 0.157366 0.468192
0 0.493862 0.330357 0.433036 0.660714
3 0.882254 0.5359 0.112723 0.322545
1 0.325195 0.329985 0.543806 0.65997
2 0.400391 0.332589 0.344308 0.602679
0 0.848214 0.365048 0.282366 0.689546
0 0.973493 0.571429 0.0530133 0.163691
3 0.227051 0.568824 0.0403181 0.102679
3 0.213728 0.574777 0.0301339 0.09375
3 0.376953 0.330729 0.414621 0.627976
0 0.924665 0.357887 0.132812 0.638393
0 0.543527 0.333705 0.200893 0.565476
0 0.411551 0.313616 0.200335 0.56622
0 0.419085 0.413691 0.131138 0.462054
1 0.848214 0.365048 0.282366 0.689546
2 0.325195 0.329985 0.543806 0.65997
3 0.229074 0.565476 0.063058 0.178571
2 0.959821 0.49628 0.0703125 0.37872
3 0.213728 0.571801 0.046317 0.143601
1 0.924665 0.357887 0.132812 0.638393
0 0.383929 0.363188 0.197545 0.548921
0 0.887277 0.50372 0.206473 0.424107
3 0.214076 0.535714 0.0350168 0.153274
1 0.419085 0.413691 0.131138 0.462054
0 0.334263 0.361886 0.245536 0.575335
3 0.225516 0.531994 0.0478516 0.168155
0 0.577567 0.350818 0.362723 0.639881
