1 0.0568848 0.534133 0.111119 0.537388
3 0.978795 0.577381 0.0379465 0.127232
0 0.327288 0.334077 0.553013 0.668155
0 0.388742 0.333705 0.363142 0.611607
1 0.392927 0.332496 0.379325 0.616257
0 0.0577567 0.539342 0.109933 0.522507
2 0.0567801 0.530506 0.10798 0.541667
2 0.979353 0.576265 0.0390625 0.127976
0 0.442104 0.354539 0.172712 0.5625
0 0.486328 0.334449 0.273996 0.612351
1 0.979353 0.577381 0.0368304 0.122024
1 0.442104 0.354539 0.172712 0.5625
0 0.979353 0.576265 0.0390625 0.127976
1 0.316336 0.337054 0.499023 0.674107
0 0.497489 0.331287 0.463728 0.662574
3 0.978516 0.582589 0.0429688 0.176339
2 0.978516 0.582589 0.0429688 0.176339
2 0.388742 0.333705 0.363142 0.611607
3 0.0581752 0.537202 0.109375 0.5
2 0.316336 0.337054 0.499023 0.674107
3 0.37228 0.332496 0.429548 0.634115
1 0.0573033 0.530878 0.0996791 0.302083
3 0.973772 0.55878 0.0379464 0.153274
0 0.418527 0.413039 0.146205 0.4641
1 0.977121 0.572917 0.0446428 0.197173
0 0.180525 0.5133 0.182478 0.498698
0 0.565151 0.354818 0.280413 0.625186
0 0.543945 0.333333 0.197824 0.571429
0 0.186105 0.510324 0.347656 0.546317
0 0.336775 0.361979 0.251674 0.584821
1 0.908482 0.347191 0.174107 0.625558
