0 0.318778 0.332961 0.536551 0.664435
0 0.385603 0.334821 0.341518 0.619792
1 0.919085 0.341611 0.160714 0.664993
0 0.919085 0.341611 0.160714 0.664993
1 0.977679 0.56529 0.0379464 0.286086
0 0.973772 0.587426 0.0513393 0.505208
3 0.976562 0.571801 0.0368303 0.166667
3 0.976562 0.570499 0.0379464 0.286086
1 0.977679 0.537202 0.0390625 0.431548
0 0.966518 0.532459 0.0591517 0.525856
1 0.976562 0.571801 0.0368303 0.166667
0 0.442243 0.35147 0.173549 0.582775
2 0.977679 0.56529 0.0379464 0.286086
0 0.977679 0.56529 0.0379464 0.286086
1 0.38923 0.33324 0.356585 0.625186
2 0.976562 0.571801 0.0368303 0.166667
0 0.958705 0.457031 0.0825892 0.672247
1 0.973772 0.587426 0.0513393 0.505208
1 0.966518 0.532459 0.0591517 0.525856
3 0.976004 0.593006 0.0301339 0.167411
0 0.977679 0.537202 0.0390625 0.431548
2 0.977679 0.537202 0.0390625 0.431548
0 0.887277 0.377976 0.216518 0.755952
1 0.31243 0.336868 0.473354 0.673735
0 0.970703 0.690476 0.0585938 0.549107
1 0.442243 0.35147 0.173549 0.582775
0 0.976562 0.571801 0.0368303 0.166667
0 0.977121 0.699591 0.0390625 0.511533
0 0.932478 0.51702 0.109375 0.616257
0 0.941964 0.609933 0.107143 0.604539
1 0.958705 0.457031 0.0825892 0.672247
2 0.918527 0.340681 0.159598 0.669829
0 0.960379 0.592262 0.0792411 0.46875
3 0.232422 0.568824 0.0407366 0.104167
1 0.977121 0.699591 0.0390625 0.511533
0 0.959822 0.339286 0.0736608 0.646577
3 0.973772 0.587426 0.0513393 0.505208
1 0.88058 0.320778 0.200893 0.62779
2 0.385603 0.334821 0.341518 0.619792
1 0.976004 0.593006 0.0301339 0.167411
1 0.983817 0.575149 0.0301339 0.389881
0 0.945871 0.526321 0.0915178 0.494978
2 0.31243 0.336868 0.473354 0.673735
2 0.973772 0.587426 0.0513393 0.505208
0 0.484235 0.34561 0.23019 0.611607
0 0.856585 0.35119 0.214286 0.627232
2 0.966518 0.532459 0.0591517 0.525856
3 0.234096 0.566964 0.0597098 0.171875
3 0.366141 0.332961 0.406111 0.643601
0 0.41769 0.411458 0.152902 0.488839
3 0.214844 0.534226 0.0385045 0.153274
3 0.977679 0.537202 0.0390625 0.431548
3 0.214565 0.572545 0.0334821 0.0989583
3 0.225446 0.577753 0.0334821 0.09375
1 0.983817 0.576265 0.0256697 0.226935
3 0.919085 0.341611 0.160714 0.664993
3 0.227958 0.535342 0.0479911 0.153274
0 0.975167 0.700893 0.0496652 0.511905
2 0.976004 0.593006 0.0301339 0.167411
0 0.939732 0.283482 0.116072 0.566964
3 0.966518 0.532459 0.0591517 0.525856
0 0.383929 0.360863 0.222098 0.570685
