0 0.544782 0.726191 0.249721 0.49256
3 0.369141 0.500744 0.0340402 0.0721726
3 0.361049 0.519717 0.0373884 0.0825892
3 0.36942 0.515253 0.0407366 0.0796131
1 0.539621 0.709635 0.277902 0.536086
3 0.367467 0.522693 0.0491071 0.148066
3 0.370536 0.548735 0.0396205 0.139881
3 0.359096 0.5 0.030692 0.0736608
3 0.372489 0.545759 0.0407366 0.078125
3 0.360491 0.548735 0.0385045 0.131696
3 0.370257 0.551339 0.0569196 0.235119
2 0.539621 0.709635 0.277902 0.536086
0 0.516183 0.699777 0.323661 0.600446
3 0.544782 0.726191 0.249721 0.49256
1 0.36942 0.502976 0.0301339 0.0811012
1 0.36356 0.522693 0.0323661 0.0818452
1 0.367467 0.522693 0.0491071 0.148066
3 0.356027 0.543899 0.0351562 0.0833333
3 0.359096 0.500744 0.0435268 0.136161
3 0.370257 0.604911 0.0446429 0.21875
3 0.385603 0.53125 0.0429687 0.118304
