3 0.378348 0.46689 0.0446429 0.104911
1 0.0198103 0.648066 0.0373884 0.565476
2 0.0202985 0.616816 0.0361328 0.516369
3 0.371652 0.468006 0.0351562 0.0915179
3 0.381138 0.469122 0.0574777 0.150298
0 0.0198103 0.648066 0.0373884 0.565476
1 0.0213449 0.541295 0.038644 0.523065
2 0.0199498 0.582961 0.0340402 0.287946
1 0.0266462 0.594308 0.0521763 0.641741
1 0.0199498 0.582961 0.0340402 0.287946
1 0.381138 0.46875 0.0452009 0.0997024
3 0.386719 0.457589 0.0418527 0.0885417
3 0.0204381 0.589286 0.0357143 0.483631
0 0.0266462 0.594308 0.0521763 0.641741
0 0.378069 0.46689 0.0424107 0.104911
1 0.381138 0.469122 0.0574777 0.150298
3 0.368025 0.450149 0.03125 0.0766369
0 0.0213449 0.541295 0.038644 0.523065
1 0.0166713 0.53311 0.0333426 0.438244
3 0.0160435 0.579799 0.0287388 0.265997
3 0.39202 0.489211 0.0407366 0.100446
1 0.019322 0.646205 0.0340402 0.292411
0 0.0283901 0.429967 0.0567801 0.56715
3 0.0166713 0.53311 0.0333426 0.438244
2 0.378069 0.46689 0.0424107 0.104911
0 0.381138 0.469122 0.0574777 0.150298
2 0.0266462 0.594308 0.0521763 0.641741
2 0.019322 0.646205 0.0340402 0.292411
1 0.0244838 0.456938 0.0453404 0.541481
2 0.015904 0.613467 0.0292969 0.267113
3 0.391462 0.489583 0.0507812 0.127976
1 0.371931 0.46875 0.0362723 0.0907738
0 0.0254604 0.69122 0.0509208 0.577381
0 0.0655692 0.629185 0.130859 0.710379
2 0.0221819 0.500186 0.0408761 0.538319
1 0.0396903 0.519903 0.0793806 0.58817
