0 0.740513 0.602679 0.303571 0.778274
0 0.737165 0.448103 0.264509 0.809152
0 0.613839 0.457775 0.414063 0.792783
1 0.737165 0.345238 0.251116 0.670387
0 0.708705 0.338635 0.311384 0.664993
1 0.739397 0.604167 0.30692 0.782738
0 0.650112 0.610119 0.291295 0.730655
0 0.617188 0.325893 0.340402 0.611607
2 0.738281 0.406994 0.253348 0.764881
2 0.739397 0.604167 0.30692 0.782738
1 0.609794 0.458147 0.456752 0.800967
3 0.738281 0.406994 0.253348 0.764881
3 0.739397 0.604167 0.30692 0.782738
0 0.782924 0.653646 0.216518 0.649554
0 0.77846 0.355748 0.229911 0.639695
0 0.564732 0.389044 0.376116 0.650484
1 0.704241 0.449219 0.356027 0.833705
2 0.609794 0.458147 0.456752 0.800967
