1 0.96875 0.546038 0.0625 0.651972
0 0.392578 0.333612 0.347656 0.605097
0 0.325474 0.334077 0.536551 0.662202
1 0.396763 0.332961 0.363839 0.607887
0 0.967076 0.579055 0.0658482 0.660342
0 0.444057 0.353051 0.16769 0.559524
1 0.958705 0.427176 0.0825892 0.666481
1 0.444057 0.353051 0.16769 0.559524
2 0.967076 0.579055 0.0658482 0.660342
0 0.485352 0.334449 0.26144 0.610119
1 0.954241 0.609189 0.0915178 0.695312
1 0.965402 0.65439 0.0658483 0.576637
1 0.877232 0.353144 0.21875 0.630022
1 0.314593 0.336682 0.477958 0.673363
0 0.958705 0.427176 0.0825892 0.666481
0 0.877232 0.353144 0.21875 0.630022
0 0.497768 0.331845 0.452009 0.663691
2 0.392578 0.333612 0.347656 0.605097
0 0.949777 0.608724 0.100446 0.68285
1 0.938058 0.46596 0.123884 0.746652
0 0.970703 0.477586 0.0585938 0.562686
0 0.938058 0.46596 0.123884 0.746652
3 0.371791 0.331752 0.417132 0.631138
2 0.324498 0.331473 0.548549 0.662946
1 0.969587 0.411272 0.0608258 0.58817
0 0.333426 0.361607 0.253348 0.588542
0 0.42048 0.412481 0.138951 0.460752
2 0.970982 0.46224 0.0569197 0.581473
2 0.949777 0.608724 0.100446 0.68285
0 0.410156 0.313151 0.207589 0.568638
0 0.545201 0.33417 0.190848 0.569754
3 0.96875 0.546038 0.0625 0.651972
1 0.912388 0.405785 0.174107 0.737537
1 0.42048 0.412481 0.138951 0.460752
0 0.915737 0.442522 0.143973 0.647693
3 0.231306 0.56622 0.0407366 0.104167
3 0.212333 0.569941 0.03125 0.0974703
0 0.380301 0.363095 0.217076 0.557292
0 0.569754 0.354167 0.273438 0.620536
