0 0.90346 0.346819 0.189732 0.688802
0 0.90346 0.601191 0.180804 0.776786
0 0.387347 0.335193 0.348075 0.616071
0 0.325823 0.333705 0.533622 0.663691
0 0.84375 0.601935 0.296875 0.788691
0 0.930804 0.659226 0.123884 0.681548
0 0.442941 0.351935 0.17327 0.577381
1 0.391044 0.334077 0.363002 0.618304
1 0.442941 0.351935 0.17327 0.577381
0 0.863281 0.453125 0.273438 0.830357
3 0.229911 0.570312 0.0424107 0.104167
1 0.320033 0.334635 0.446987 0.669271
1 0.897042 0.344494 0.205915 0.685268
1 0.902344 0.601191 0.183036 0.78125
3 0.231585 0.56808 0.0597098 0.155506
3 0.215123 0.575893 0.03125 0.0922619
2 0.369141 0.33324 0.407924 0.638579
0 0.481306 0.337705 0.233817 0.610305
0 0.944197 0.723958 0.107143 0.540179
3 0.222866 0.579241 0.0364118 0.0930059
3 0.214495 0.537574 0.0369699 0.153274
3 0.225725 0.537202 0.0491071 0.15625
3 0.369141 0.33324 0.407924 0.638579
0 0.858259 0.652158 0.238839 0.636161
1 0.84375 0.601935 0.296875 0.788691
2 0.90346 0.345703 0.189732 0.682106
0 0.779576 0.624349 0.415179 0.664993
0 0.960379 0.657738 0.0703125 0.650298
3 0.214844 0.572545 0.0429688 0.12128
2 0.902344 0.601191 0.183036 0.78125
0 0.420201 0.410342 0.150112 0.479167
1 0.929129 0.659226 0.125 0.681548
3 0.897042 0.344494 0.205915 0.685268
3 0.217355 0.593378 0.0323661 0.0654762
3 0.229911 0.59189 0.0418527 0.0811012
0 0.381138 0.362351 0.225446 0.56622
3 0.226004 0.536458 0.0758929 0.212054
3 0.214007 0.535342 0.0569196 0.185268
3 0.881696 0.600818 0.228795 0.780506
3 0.225167 0.594122 0.0379464 0.0602678
