1 0.737723 0.540365 0.09375 0.347842
3 0.978795 0.578125 0.0379465 0.130952
0 0.398717 0.333798 0.351004 0.613653
0 0.324358 0.332217 0.534319 0.664435
2 0.737723 0.536458 0.0915179 0.34375
0 0.443917 0.352679 0.165737 0.569941
1 0.402065 0.332589 0.367746 0.616816
2 0.978795 0.577381 0.0390625 0.130952
1 0.978795 0.577381 0.0390625 0.130952
0 0.486886 0.335193 0.280692 0.61756
1 0.443917 0.352679 0.165737 0.569941
3 0.976562 0.574405 0.0435267 0.190476
0 0.978795 0.577381 0.0390625 0.130952
0 0.736607 0.53683 0.09375 0.34003
0 0.494978 0.331473 0.444196 0.662946
1 0.324707 0.330729 0.549247 0.661458
3 0.229074 0.572545 0.0390625 0.0959821
3 0.21317 0.578125 0.0290179 0.0848214
3 0.736607 0.53683 0.09375 0.34003
2 0.976562 0.574405 0.0435267 0.190476
0 0.535714 0.750744 0.452009 0.471726
1 0.976562 0.574405 0.0435267 0.190476
2 0.398717 0.333798 0.351004 0.613653
0 0.580218 0.363467 0.373047 0.644345
3 0.230818 0.569568 0.0612444 0.159226
1 0.723772 0.555618 0.0881697 0.289063
3 0.213309 0.574777 0.0460379 0.12872
3 0.375977 0.332124 0.419922 0.636347
0 0.417411 0.412202 0.143415 0.473214
3 0.223145 0.579985 0.0336216 0.0930059
2 0.324707 0.330729 0.549247 0.661458
0 0.410993 0.31436 0.196987 0.566964
3 0.986328 0.590402 0.0273438 0.186756
0 0.54534 0.334356 0.220703 0.576823
0 0.381975 0.363095 0.205357 0.556548
0 0.337612 0.3617 0.25 0.583147
3 0.97433 0.559896 0.0379464 0.132441
3 0.213588 0.537946 0.0354353 0.142857
3 0.227679 0.53683 0.046875 0.154762
0 0.976562 0.574405 0.0435267 0.190476
