2 0.955636 0.541295 0.0887277 0.276786
0 0.333078 0.334077 0.53139 0.65997
1 0.955357 0.543155 0.0870535 0.279018
0 0.430804 0.331473 0.287946 0.599702
1 0.383789 0.331845 0.390904 0.619792
0 0.955636 0.540923 0.0887277 0.278274
0 0.442243 0.353795 0.172433 0.561756
1 0.442243 0.353795 0.172433 0.561756
3 0.955357 0.540179 0.0870535 0.279762
0 0.493443 0.330729 0.448382 0.65997
2 0.366839 0.331566 0.431501 0.634487
3 0.366839 0.331566 0.431501 0.634487
3 0.230678 0.566964 0.03976 0.10119
0 0.915179 0.384673 0.162947 0.59003
2 0.96596 0.537202 0.0636161 0.154762
2 0.952009 0.566592 0.0669642 0.154762
0 0.417132 0.411458 0.147879 0.46875
3 0.213588 0.570685 0.0298549 0.09375
0 0.334821 0.361235 0.257254 0.588542
0 0.502651 0.334449 0.200056 0.595238
3 0.214216 0.531622 0.0347377 0.147321
0 0.545759 0.334077 0.186384 0.56994
3 0.232701 0.564732 0.0636161 0.175595
