3 0.394531 0.459449 0.0452009 0.0982143
3 0.385603 0.446801 0.0429687 0.101935
3 0.399554 0.447917 0.0664062 0.112351
1 0.397042 0.459821 0.0524553 0.108631
1 0.399554 0.447917 0.0664062 0.112351
3 0.406529 0.488467 0.046317 0.126488
0 0.397042 0.459821 0.0524553 0.108631
0 0.399554 0.447917 0.0664062 0.112351
1 0.391183 0.448661 0.0424107 0.09375
3 0.420201 0.46875 0.125558 0.28125
2 0.3976 0.447173 0.0524554 0.0974703
3 0.390625 0.415923 0.0412946 0.114583
0 0.438337 0.676339 0.172433 0.578869
3 0.401507 0.488095 0.0401786 0.0691964
3 0.385045 0.415923 0.0351563 0.0691964
0 0.391183 0.448661 0.0424107 0.09375
3 0.392578 0.485491 0.0379464 0.110863
