3 0.270647 0.481771 0.0368304 0.0877976
3 0.3976 0.477307 0.0390625 0.0892857
3 0.265904 0.479167 0.0279018 0.0736607
3 0.398996 0.490327 0.0535714 0.142857
3 0.395647 0.49442 0.0535714 0.206101
3 0.404297 0.488839 0.0853795 0.272321
3 0.390625 0.46689 0.031808 0.078125
1 0.271763 0.486235 0.0396205 0.0907738
3 0.2726 0.494792 0.0496652 0.168155
0 0.271763 0.481771 0.0368304 0.0870536
3 0.275391 0.49442 0.0401786 0.0892857
3 0.294643 0.487351 0.0591518 0.145833
1 0.398158 0.477307 0.0396205 0.0922619
0 0.398158 0.477307 0.0396205 0.0922619
0 0.404297 0.488839 0.0853795 0.272321
1 0.395647 0.49442 0.0535714 0.206101
1 0.404297 0.488839 0.0853795 0.272321
1 0.398996 0.490327 0.0535714 0.142857
0 0.398996 0.490327 0.0535714 0.142857
2 0.271763 0.486235 0.0396205 0.0907738
0 0.262835 0.705357 0.122768 0.549107
2 0.398158 0.477307 0.0396205 0.0922619
1 0.265904 0.479539 0.0301339 0.0744048
0 0.265904 0.479539 0.0301339 0.0744048
3 0.263393 0.492188 0.0345982 0.0967262
1 0.262556 0.681548 0.09375 0.553571
