2 0.122489 0.458333 0.107422 0.237351
2 0.591518 0.44122 0.117188 0.441964
0 0.581473 0.463263 0.147321 0.478237
3 0.130022 0.458705 0.0915179 0.225446
1 0.581473 0.463263 0.147321 0.478237
0 0.592634 0.429688 0.111607 0.369048
1 0.592634 0.429688 0.111607 0.369048
0 0.121373 0.462798 0.109375 0.25
3 0.592076 0.43006 0.111607 0.360863
2 0.599888 0.429316 0.0904018 0.299107
1 0.121338 0.457589 0.108329 0.237351
0 0.486049 0.474981 0.367188 0.71224
0 0.564872 0.614955 0.231864 0.71503
2 0.614397 0.453032 0.0647322 0.369234
0 0.541853 0.473214 0.254464 0.52381
2 0.569336 0.424107 0.189453 0.490327
2 0.618862 0.457217 0.0546875 0.259673
3 0.618862 0.457217 0.0546875 0.259673
3 0.614397 0.453032 0.0647322 0.369234
3 0.583147 0.461217 0.147321 0.506138
2 0.128906 0.447173 0.077567 0.151786
1 0.541853 0.473214 0.254464 0.52381
3 0.139509 0.46689 0.0594308 0.150298
1 0.486049 0.474981 0.367188 0.71224
0 0.490234 0.412481 0.266183 0.654204
1 0.614397 0.453032 0.0647322 0.369234
3 0.145508 0.442708 0.0552455 0.133185
3 0.634487 0.472842 0.0301339 0.229167
2 0.145508 0.442708 0.0552455 0.133185
2 0.139509 0.46689 0.0594308 0.150298
2 0.618304 0.439732 0.120536 0.547619
0 0.614397 0.453032 0.0647322 0.369234
2 0.13351 0.481027 0.107701 0.345982
0 0.477121 0.613653 0.358259 0.728051
2 0.593192 0.499907 0.146205 0.526972
