0 0.127407 0.599888 0.247977 0.782366
3 0.978795 0.580357 0.0379465 0.125744
1 0.116141 0.49721 0.221959 0.770461
0 0.320522 0.33045 0.568778 0.654576
0 0.383231 0.332589 0.383092 0.614583
1 0.102992 0.648438 0.195243 0.668899
0 0.121896 0.439639 0.233329 0.690662
0 0.246024 0.697173 0.435407 0.596726
0 0.157506 0.484375 0.315011 0.770833
1 0.385812 0.331101 0.399135 0.619792
1 0.164621 0.610119 0.329241 0.779762
2 0.979353 0.579985 0.0390625 0.126488
0 0.442801 0.355655 0.171317 0.559524
1 0.979353 0.579985 0.0390625 0.126488
3 0.978795 0.587426 0.0424107 0.165923
0 0.485212 0.336961 0.267299 0.616257
1 0.299595 0.336682 0.526925 0.673363
2 0.117711 0.497024 0.231655 0.769345
0 0.979353 0.579985 0.0390625 0.126488
1 0.442801 0.355655 0.171317 0.559524
3 0.117711 0.497024 0.231655 0.769345
0 0.491071 0.332031 0.446429 0.664062
0 0.247977 0.446615 0.365653 0.582961
2 0.164621 0.610119 0.329241 0.779762
1 0.119908 0.368304 0.212193 0.563244
2 0.383231 0.332589 0.383092 0.614583
2 0.977121 0.575893 0.0435267 0.191964
2 0.299595 0.336682 0.526925 0.673363
3 0.164621 0.610119 0.329241 0.779762
1 0.977121 0.575893 0.0435267 0.191964
0 0.0717076 0.653274 0.136719 0.645833
3 0.986328 0.591146 0.0273438 0.171131
3 0.319336 0.328032 0.584542 0.654948
0 0.543387 0.335565 0.20452 0.571429
3 0.973214 0.559152 0.0401786 0.156994
1 0.252023 0.697917 0.475865 0.604167
3 0.383231 0.332589 0.383092 0.614583
0 0.417411 0.4149 0.148996 0.460379
3 0.987165 0.592634 0.0256696 0.110863
2 0.102992 0.648438 0.195243 0.668899
