3 0.613839 0.458705 0.0558036 0.130208
3 0.613281 0.473586 0.0636161 0.223214
1 0.613281 0.473586 0.0636161 0.223214
2 0.613281 0.473586 0.0636161 0.223214
0 0.613281 0.473586 0.0636161 0.223214
1 0.612165 0.458705 0.0558035 0.129464
0 0.613839 0.458705 0.0580357 0.13244
2 0.613839 0.458705 0.0580357 0.13244
3 0.610491 0.444196 0.0848214 0.236607
0 0.617188 0.684524 0.109375 0.578869
3 0.603795 0.486607 0.046875 0.18378
3 0.594866 0.465681 0.129464 0.381138
0 0.635045 0.669085 0.168527 0.643973
1 0.617188 0.684524 0.109375 0.578869
3 0.628348 0.464286 0.0558035 0.136905
3 0.467634 0.239211 0.0106027 0.0394345
3 0.628906 0.465774 0.0703125 0.199405
3 0.613839 0.481399 0.0491072 0.122024
