0 0.955357 0.592076 0.0859375 0.771205
0 0.322893 0.331473 0.550642 0.657738
0 0.392718 0.332589 0.359654 0.611607
1 0.955357 0.592076 0.0859375 0.771205
0 0.951172 0.415272 0.0976562 0.733445
0 0.933594 0.474144 0.132812 0.780878
0 0.443499 0.353051 0.16769 0.566964
1 0.395857 0.331473 0.37793 0.615327
1 0.910714 0.350818 0.177455 0.642113
0 0.968471 0.539249 0.063058 0.662574
0 0.484654 0.335938 0.275112 0.61756
0 0.929688 0.65346 0.135045 0.657366
1 0.951172 0.415272 0.0976562 0.733445
0 0.910714 0.350818 0.177455 0.642113
1 0.443499 0.353051 0.16769 0.566964
1 0.317034 0.333705 0.485352 0.667411
0 0.896205 0.604539 0.206473 0.780506
0 0.496373 0.332403 0.458147 0.664807
2 0.945312 0.602865 0.108259 0.767485
2 0.958147 0.500372 0.0837053 0.780506
1 0.968471 0.539249 0.063058 0.662574
1 0.933594 0.474144 0.132812 0.780878
2 0.392718 0.332589 0.359654 0.611607
0 0.88058 0.398996 0.233259 0.767485
2 0.323451 0.328869 0.558454 0.657738
1 0.876674 0.315197 0.220982 0.625558
0 0.963728 0.682664 0.0669642 0.622768
3 0.373326 0.331008 0.422991 0.631138
0 0.965123 0.4016 0.0697544 0.631324
3 0.228795 0.56622 0.0401786 0.104911
3 0.2131 0.572545 0.0297154 0.0952381
3 0.955357 0.592076 0.0859375 0.771205
3 0.214565 0.532366 0.0357143 0.157738
0 0.544643 0.334821 0.204241 0.571429
0 0.833705 0.62965 0.323661 0.731771
0 0.418527 0.411551 0.141183 0.467076
0 0.582729 0.353888 0.38365 0.66276
3 0.230539 0.563616 0.0634766 0.181548
1 0.965123 0.4016 0.0697544 0.631324
0 0.730329 0.706845 0.470145 0.574405
1 0.941685 0.318545 0.116629 0.624814
0 0.335379 0.361607 0.249442 0.575149
0 0.941685 0.318545 0.116629 0.624814
2 0.967076 0.448661 0.0647322 0.635417
3 0.21317 0.569569 0.0485491 0.153274
3 0.225446 0.531622 0.047433 0.166667
0 0.410435 0.315011 0.213728 0.572359
