2 0.666295 0.455357 0.139509 0.477679
1 0.0905762 0.55199 0.166504 0.647507
0 0.0936105 0.608073 0.178292 0.727307
1 0.0908552 0.453032 0.164272 0.412388
2 0.0908552 0.453032 0.164272 0.412388
1 0.667969 0.430804 0.132812 0.427083
0 0.667969 0.430804 0.132812 0.427083
0 0.662946 0.600353 0.157366 0.657924
2 0.0905762 0.55199 0.166504 0.647507
0 0.12221 0.666109 0.24442 0.664807
3 0.666853 0.433687 0.133929 0.428757
0 0.0687779 0.655134 0.131417 0.634673
1 0.662946 0.600353 0.157366 0.657924
0 0.0873326 0.494699 0.166853 0.507627
3 0.0911342 0.551618 0.16762 0.608073
0 0.532366 0.462054 0.385045 0.686012
2 0.652902 0.521205 0.15625 0.648066
1 0.646205 0.511068 0.116071 0.576079
1 0.0705915 0.607329 0.12221 0.636533
0 0.664621 0.679316 0.197545 0.592262
2 0.664062 0.495536 0.122768 0.270089
1 0.0986328 0.665551 0.192243 0.655506
0 0.646205 0.511068 0.116071 0.576079
1 0.0906459 0.522693 0.152414 0.282738
2 0.670201 0.428199 0.11942 0.307292
3 0.0987723 0.445685 0.145926 0.399554
