0 0.828683 0.601376 0.279018 0.77939
0 0.829241 0.389323 0.276786 0.777902
0 0.391183 0.333333 0.363839 0.612351
3 0.980469 0.577753 0.0379464 0.125
1 0.830915 0.347098 0.276786 0.694196
0 0.326102 0.333333 0.550921 0.666667
1 0.832589 0.656436 0.290179 0.684152
1 0.395229 0.331845 0.381417 0.617559
1 0.979911 0.577753 0.0334822 0.149554
0 0.443359 0.353795 0.166853 0.563988
2 0.979911 0.577753 0.0334822 0.149554
2 0.830915 0.346726 0.285714 0.693452
1 0.443359 0.353795 0.166853 0.563988
1 0.316058 0.336682 0.487305 0.673363
0 0.980469 0.577753 0.0379464 0.125
0 0.78404 0.662016 0.330357 0.675967
2 0.832589 0.656436 0.290179 0.684152
3 0.228864 0.575149 0.0372489 0.09375
3 0.830915 0.346726 0.285714 0.693452
0 0.487026 0.333333 0.279297 0.613839
3 0.832589 0.656436 0.290179 0.684152
0 0.976562 0.595052 0.046875 0.33817
2 0.391183 0.333333 0.363839 0.612351
3 0.214844 0.577381 0.03125 0.0877976
3 0.230259 0.572173 0.0567801 0.150298
1 0.977958 0.569196 0.0440848 0.248512
3 0.97433 0.59375 0.0345983 0.170387
3 0.371652 0.33231 0.433036 0.637463
2 0.325893 0.332217 0.560268 0.664435
0 0.417411 0.414714 0.140625 0.466704
0 0.490792 0.330543 0.455915 0.661086
3 0.979632 0.581101 0.0407366 0.273809
3 0.214565 0.574405 0.046875 0.130208
3 0.97433 0.595982 0.0379464 0.247024
2 0.983817 0.578869 0.0323661 0.124256
3 0.22733 0.538319 0.0447824 0.153274
1 0.417411 0.414714 0.140625 0.466704
0 0.333496 0.3617 0.252651 0.587612
0 0.411272 0.313988 0.198661 0.561756
0 0.905692 0.664435 0.132812 0.607143
