0 0.0740792 0.654018 0.133092 0.675595
2 0.0767299 0.553106 0.123605 0.508371
2 0.0780204 0.478051 0.112374 0.320685
1 0.0747768 0.654018 0.13365 0.684524
1 0.0768694 0.555432 0.123884 0.463542
0 0.0768694 0.555432 0.123884 0.463542
3 0.878348 0.466146 0.0691964 0.239583
3 0.078404 0.462054 0.111328 0.281994
1 0.0780204 0.478051 0.112374 0.320685
3 0.873326 0.441871 0.0837053 0.308222
3 0.0768694 0.555432 0.123884 0.463542
2 0.0931571 0.469494 0.0848912 0.25372
2 0.875558 0.451916 0.0982142 0.392299
3 0.866072 0.468378 0.0591517 0.224702
0 0.109515 0.666667 0.219029 0.666667
3 0.0740792 0.654018 0.133092 0.675595
0 0.078404 0.462054 0.111328 0.281994
1 0.878906 0.463542 0.0803572 0.247024
3 0.880022 0.481585 0.0915178 0.432664
0 0.878906 0.463542 0.0803572 0.247024
3 0.879464 0.493304 0.0502233 0.169643
2 0.878906 0.463542 0.0803572 0.247024
