1 0.801339 0.575149 0.223214 0.729167
3 0.979353 0.577381 0.0390625 0.130208
0 0.39216 0.33324 0.351842 0.610305
0 0.324498 0.333984 0.553013 0.665365
0 0.801897 0.578404 0.236607 0.728609
0 0.442801 0.352679 0.170201 0.564732
1 0.396205 0.332217 0.370536 0.613095
2 0.978795 0.576637 0.0379465 0.12872
1 0.979353 0.576637 0.0379464 0.127232
1 0.442801 0.352679 0.170201 0.564732
0 0.979353 0.576637 0.0379464 0.127232
2 0.801897 0.57301 0.222098 0.676897
1 0.779018 0.670015 0.27567 0.59003
1 0.314732 0.33817 0.492188 0.676339
0 0.482143 0.334449 0.25 0.606399
3 0.9774 0.585007 0.0452008 0.21689
3 0.801897 0.578404 0.236607 0.728609
2 0.39216 0.33324 0.351842 0.610305
0 0.493304 0.33045 0.453125 0.65904
2 0.3238 0.332589 0.564453 0.665179
3 0.372489 0.331845 0.419085 0.631696
1 0.893973 0.387184 0.179688 0.631882
1 0.978237 0.570685 0.0435267 0.205357
0 0.419085 0.412202 0.146205 0.469494
2 0.978237 0.570685 0.0435267 0.205357
3 0.97433 0.557292 0.0345983 0.174107
0 0.410156 0.314825 0.209821 0.569754
0 0.893973 0.387184 0.179688 0.631882
