1 0.115234 0.551618 0.183594 0.600632
3 0.978795 0.577009 0.0379465 0.130208
0 0.398717 0.334542 0.345424 0.606213
0 0.338309 0.334449 0.513114 0.663691
1 0.402483 0.333333 0.364676 0.610119
0 0.443499 0.353144 0.166574 0.56901
2 0.979353 0.576265 0.0379464 0.130208
1 0.443499 0.353144 0.166574 0.56901
0 0.110317 0.548735 0.179478 0.595982
2 0.116664 0.553199 0.176828 0.588542
1 0.979353 0.576265 0.0379464 0.130208
0 0.483817 0.335938 0.268973 0.620536
0 0.979353 0.576265 0.0379464 0.130208
1 0.323661 0.34096 0.464286 0.68192
3 0.978516 0.582589 0.0429688 0.183036
0 0.494978 0.331938 0.447545 0.663504
2 0.398717 0.334542 0.345424 0.606213
3 0.97433 0.557292 0.0379464 0.155506
1 0.114362 0.662388 0.194824 0.484747
2 0.977121 0.572545 0.0446428 0.197173
3 0.375698 0.332496 0.416016 0.632627
3 0.116664 0.553199 0.176828 0.588542
2 0.336147 0.332961 0.525251 0.665923
1 0.91183 0.351283 0.168527 0.624814
0 0.420201 0.411086 0.137835 0.470238
0 0.409319 0.314453 0.200335 0.566034
1 0.420201 0.411086 0.137835 0.470238
1 0.977121 0.572545 0.0446428 0.197173
1 0.150495 0.511161 0.273786 0.639881
0 0.308943 0.340402 0.26716 0.619048
0 0.91183 0.351283 0.168527 0.624814
0 0.150495 0.511161 0.273786 0.639881
1 0.0759277 0.563058 0.134417 0.570312
0 0.545061 0.3351 0.197824 0.575335
1 0.195731 0.533575 0.0856585 0.504278
