3 0.310826 0.475446 0.0345982 0.0959821
3 0.317243 0.486235 0.0340402 0.0915179
3 0.378348 0.47061 0.0301339 0.0840774
3 0.301897 0.472098 0.0284598 0.0825893
1 0.311663 0.481771 0.0362723 0.0959821
3 0.327567 0.463542 0.0284598 0.0751488
0 0.311105 0.475818 0.0362723 0.0967262
3 0.388393 0.473958 0.0245536 0.0677083
3 0.373605 0.455357 0.0245536 0.0736607
3 0.311384 0.478795 0.0518973 0.188244
3 0.371931 0.495536 0.0351562 0.0863095
2 0.311105 0.475818 0.0362723 0.0967262
3 0.37221 0.49442 0.0546875 0.149554
