2 0.0820312 0.471354 0.0954241 0.273066
2 0.0813337 0.495443 0.104074 0.387091
0 0.078125 0.653274 0.12779 0.669643
0 0.0816127 0.49814 0.104911 0.355655
1 0.0816127 0.49814 0.104911 0.355655
1 0.079276 0.652158 0.121582 0.670387
3 0.0820312 0.471354 0.0954241 0.273066
3 0.748884 0.437872 0.0401786 0.168155
3 0.0813337 0.495443 0.104074 0.387091
3 0.75 0.460565 0.0502232 0.155506
2 0.079276 0.652158 0.121582 0.670387
3 0.745536 0.464286 0.0401785 0.125744
2 0.0876465 0.479539 0.0680106 0.151786
2 0.0950405 0.50186 0.0811244 0.296875
2 0.0678013 0.473214 0.0611049 0.150298
3 0.746652 0.431176 0.0669643 0.325149
