1 0.251953 0.457961 0.253348 0.750744
2 0.821429 0.429595 0.0904018 0.356585
3 0.824219 0.429316 0.0892858 0.279762
1 0.251744 0.589658 0.278878 0.68378
0 0.251744 0.589658 0.278878 0.68378
0 0.253348 0.431548 0.260603 0.703869
3 0.832031 0.447917 0.0613839 0.24256
2 0.829241 0.449405 0.0680803 0.291667
1 0.821429 0.432385 0.0959822 0.340588
0 0.262277 0.665179 0.199219 0.584821
2 0.253348 0.431548 0.260603 0.703869
0 0.821429 0.432385 0.0959822 0.340588
3 0.84375 0.431176 0.0580358 0.239583
3 0.253348 0.431548 0.260603 0.703869
2 0.251744 0.589658 0.278878 0.68378
3 0.838728 0.458705 0.0412947 0.141369
1 0.268415 0.65439 0.142299 0.564732
3 0.844308 0.458333 0.0390625 0.197917
1 0.829241 0.449405 0.0680803 0.291667
3 0.816406 0.451637 0.0970983 0.424107
2 0.84375 0.431176 0.0580358 0.239583
3 0.251744 0.589658 0.278878 0.68378
1 0.263114 0.665551 0.214844 0.579613
2 0.835938 0.43936 0.0491072 0.151042
0 0.268066 0.682292 0.140765 0.529762
3 0.835938 0.489955 0.0513393 0.398065
2 0.826451 0.5 0.0837053 0.511905
2 0.80692 0.410249 0.131696 0.426525
