1 0.0486886 0.542411 0.0945871 0.501488
3 0.978795 0.577753 0.0368303 0.125744
0 0.40053 0.334821 0.337333 0.59747
0 0.317592 0.333333 0.543387 0.65997
0 0.445312 0.353423 0.16183 0.563244
2 0.0490025 0.534319 0.0939593 0.493862
0 0.0502232 0.543341 0.0951451 0.487723
1 0.405413 0.334449 0.355469 0.602679
0 0.485212 0.333705 0.269531 0.613839
1 0.445312 0.353423 0.16183 0.563244
2 0.978795 0.577009 0.0379465 0.125744
1 0.978795 0.577009 0.0379465 0.125744
0 0.978795 0.577009 0.0379465 0.125744
0 0.501674 0.332589 0.448661 0.65997
1 0.310338 0.335565 0.485352 0.671131
3 0.978516 0.584077 0.0429688 0.18378
1 0.0491769 0.53125 0.086635 0.303571
2 0.40053 0.334821 0.337333 0.59747
3 0.0492467 0.537853 0.0948661 0.476376
3 0.973772 0.558036 0.0379464 0.154762
2 0.977121 0.572917 0.0446428 0.200893
2 0.317383 0.331101 0.552734 0.662202
0 0.420759 0.411923 0.134487 0.464844
3 0.37514 0.333426 0.4149 0.630766
0 0.879464 0.34561 0.21875 0.627232
0 0.56808 0.350539 0.292411 0.621838
1 0.0537807 0.663318 0.0844029 0.40253
1 0.977121 0.572917 0.0446428 0.200893
1 0.90625 0.34747 0.179688 0.623512
0 0.411691 0.314453 0.20452 0.56901
1 0.485212 0.333705 0.269531 0.613839
0 0.333636 0.363095 0.246791 0.584821
1 0.420759 0.411923 0.134487 0.464844
1 0.0740444 0.680246 0.135951 0.416295
0 0.188756 0.514416 0.160435 0.453311
3 0.233189 0.566592 0.0408761 0.103423
