3 0.978795 0.577381 0.0379465 0.127232
1 0.105469 0.543155 0.154576 0.488095
0 0.326381 0.334821 0.53697 0.662202
0 0.391462 0.334077 0.356585 0.607143
1 0.395647 0.333333 0.375 0.611607
0 0.105469 0.543155 0.154576 0.488095
2 0.978795 0.577381 0.0390625 0.126488
2 0.106445 0.533203 0.143694 0.466332
0 0.442522 0.35333 0.166295 0.562686
1 0.979353 0.576265 0.0390625 0.127232
0 0.485352 0.334077 0.277065 0.619048
1 0.442522 0.35333 0.166295 0.562686
3 0.978516 0.582961 0.0429688 0.164435
0 0.979353 0.576265 0.0390625 0.127232
1 0.132778 0.533854 0.261789 0.497768
1 0.318708 0.337798 0.483119 0.675595
0 0.49707 0.331752 0.456752 0.662388
1 0.107875 0.534226 0.133022 0.302083
0 0.132778 0.533854 0.261789 0.497768
2 0.977121 0.573661 0.0435267 0.182292
1 0.0724051 0.533017 0.114118 0.497954
2 0.391462 0.334077 0.356585 0.607143
3 0.105469 0.543155 0.154576 0.488095
2 0.325195 0.332217 0.54827 0.664435
1 0.977121 0.573661 0.0435267 0.182292
3 0.371303 0.332496 0.432617 0.634115
3 0.973772 0.558408 0.0379464 0.148066
0 0.417132 0.412946 0.139509 0.46131
0 0.545898 0.333705 0.211775 0.574405
0 0.176339 0.480283 0.33817 0.631696
0 0.879464 0.348307 0.21317 0.624814
2 0.107875 0.534226 0.133022 0.302083
1 0.879464 0.348307 0.21317 0.624814
1 0.417132 0.412946 0.139509 0.46131
0 0.410575 0.314453 0.201172 0.566034
0 0.579241 0.355655 0.386161 0.657738
1 0.140311 0.585193 0.191476 0.499256
