1 0.729353 0.484933 0.232143 0.667039
0 0.725446 0.613839 0.227679 0.714286
0 0.722098 0.485305 0.252232 0.710938
3 0.364118 0.526786 0.0435268 0.131696
1 0.366629 0.640625 0.09375 0.622024
3 0.368304 0.5 0.0412946 0.0691964
0 0.36635 0.643229 0.104353 0.62128
3 0.364676 0.526042 0.0563616 0.226935
3 0.367746 0.50372 0.0379464 0.126488
3 0.364118 0.587426 0.0965402 0.548363
3 0.368583 0.571801 0.063058 0.396577
3 0.36077 0.495536 0.0368304 0.0684524
3 0.368583 0.567336 0.0513393 0.225446
3 0.368583 0.524926 0.0496652 0.0915179
2 0.729911 0.487165 0.237723 0.659598
1 0.368583 0.571801 0.063058 0.396577
3 0.361049 0.498884 0.0357143 0.115327
1 0.350446 0.695499 0.132254 0.573289
0 0.344029 0.680432 0.159598 0.62128
3 0.729911 0.487165 0.237723 0.659598
1 0.364676 0.526042 0.0563616 0.226935
1 0.737165 0.662388 0.284598 0.600819
2 0.366629 0.640625 0.09375 0.622024
2 0.726004 0.615234 0.222098 0.714472
1 0.368583 0.567336 0.0513393 0.225446
1 0.364118 0.526786 0.0435268 0.131696
0 0.368583 0.571801 0.063058 0.396577
0 0.632254 0.471075 0.251116 0.647135
0 0.368583 0.53497 0.0580357 0.279762
0 0.702009 0.68471 0.191964 0.594866
0 0.615374 0.464379 0.371931 0.687314
3 0.354074 0.646019 0.12779 0.633557
1 0.779018 0.601097 0.257813 0.647507
3 0.371373 0.559152 0.0479911 0.0989583
1 0.367746 0.50372 0.0379464 0.126488
