3 0.401786 0.46875 0.0853795 0.25
2 0.401507 0.476191 0.09375 0.261905
3 0.416016 0.472842 0.0742188 0.203869
1 0.40067 0.486607 0.09375 0.308036
0 0.40067 0.486607 0.09375 0.308036
2 0.416016 0.472842 0.0742188 0.203869
0 0.404855 0.654948 0.140625 0.666295
3 0.407366 0.550595 0.0859375 0.418155
1 0.401786 0.62593 0.100446 0.56064
0 0.401786 0.62593 0.100446 0.56064
3 0.412388 0.490327 0.0513393 0.136905
2 0.388951 0.479539 0.0976563 0.40997
3 0.426339 0.501488 0.0452009 0.124256
3 0.42048 0.480283 0.0524553 0.150298
2 0.409598 0.476935 0.0641741 0.151786
3 0.402623 0.456473 0.0691964 0.15625
