1 0.187221 0.59096 0.195312 0.627604
2 0.671875 0.435268 0.129464 0.411458
0 0.183105 0.65997 0.230887 0.657738
1 0.670201 0.426711 0.127232 0.405506
2 0.189244 0.537853 0.186244 0.519531
0 0.667969 0.443545 0.125 0.434338
1 0.188267 0.661458 0.262974 0.672619
3 0.262835 0.479167 0.0279018 0.197917
3 0.671875 0.434896 0.13058 0.412202
2 0.189732 0.624721 0.227121 0.714844
3 0.259766 0.487723 0.0362723 0.273065
0 0.189244 0.537853 0.186244 0.519531
1 0.209333 0.525112 0.15611 0.461682
0 0.671317 0.610491 0.159598 0.624256
3 0.187221 0.591518 0.210938 0.608631
3 0.264509 0.475818 0.0284598 0.114583
0 0.530273 0.464658 0.39481 0.692708
2 0.667969 0.488467 0.114955 0.274554
3 0.258371 0.505208 0.0457589 0.364583
3 0.26144 0.46131 0.0267857 0.111607
3 0.189314 0.507906 0.183873 0.482701
1 0.259766 0.487723 0.0362723 0.273065
