0 0.764509 0.601377 0.377232 0.773438
0 0.776228 0.393415 0.395089 0.748884
0 0.824777 0.348586 0.28125 0.666667
1 0.784598 0.599888 0.363839 0.770461
0 0.827009 0.648438 0.247768 0.662946
1 0.773438 0.397507 0.404018 0.746652
1 0.708705 0.569569 0.27567 0.786458
1 0.672433 0.529483 0.188616 0.661272
0 0.713728 0.656622 0.311384 0.686756
0 0.676339 0.653274 0.18192 0.645833
0 0.692522 0.518415 0.243304 0.701265
2 0.763951 0.601749 0.377232 0.778646
0 0.662946 0.609561 0.287946 0.751116
3 0.763951 0.601749 0.377232 0.778646
2 0.773438 0.397507 0.404018 0.746652
0 0.645647 0.512556 0.219866 0.675781
2 0.692522 0.518415 0.243304 0.701265
3 0.773438 0.397507 0.404018 0.746652
1 0.827009 0.648438 0.247768 0.662946
2 0.646205 0.51423 0.205357 0.664993
0 0.868304 0.655506 0.191964 0.623512
0 0.852679 0.527623 0.222098 0.754278
0 0.531808 0.480004 0.395089 0.726004
1 0.638393 0.497117 0.137277 0.608445
