3 0.413783 0.459077 0.0580357 0.119048
3 0.404576 0.46503 0.0396205 0.102679
3 0.421317 0.460938 0.0809152 0.139881
3 0.431641 0.454613 0.0708705 0.112351
3 0.424944 0.47247 0.115513 0.183036
0 0.421317 0.460938 0.0809152 0.139881
1 0.420201 0.461682 0.0675223 0.124256
0 0.415458 0.459077 0.0602679 0.122024
1 0.419085 0.46689 0.078125 0.177083
2 0.419085 0.46689 0.078125 0.177083
1 0.40625 0.465402 0.0452009 0.10119
0 0.424944 0.47247 0.115513 0.183036
2 0.420201 0.461682 0.0675223 0.124256
0 0.40625 0.465402 0.0452009 0.10119
3 0.408203 0.479539 0.0429688 0.0863095
3 0.404018 0.454241 0.0524554 0.0989583
1 0.424944 0.47247 0.115513 0.183036
2 0.40625 0.465402 0.0412946 0.101935
