3 0.232073 0.456845 0.0793806 0.206845
0 0.225167 0.65532 0.170759 0.68936
3 0.22433 0.461682 0.0558036 0.182292
2 0.236049 0.479539 0.0998884 0.30878
3 0.242676 0.471354 0.0883091 0.292411
3 0.402623 0.447173 0.0591518 0.146577
0 0.235421 0.563988 0.115095 0.489583
2 0.234096 0.457217 0.0842634 0.199405
3 0.234096 0.560733 0.111607 0.536272
2 0.235421 0.563988 0.115095 0.489583
1 0.235421 0.563988 0.115095 0.489583
1 0.236328 0.469866 0.0892857 0.258185
3 0.40067 0.464658 0.0837054 0.190476
1 0.226353 0.655878 0.165597 0.688244
0 0.236049 0.479539 0.0998884 0.30878
0 0.239188 0.666853 0.257115 0.666295
3 0.214495 0.459821 0.0425502 0.120536
0 0.234096 0.457217 0.0842634 0.199405
0 0.176618 0.662202 0.200335 0.633929
1 0.225446 0.46689 0.0602679 0.186756
3 0.404855 0.481399 0.144531 0.372768
2 0.22433 0.461682 0.0558036 0.182292
2 0.226353 0.655878 0.165597 0.688244
0 0.402623 0.464658 0.0820313 0.186012
2 0.236049 0.444941 0.128906 0.331845
