3 0.307478 0.482143 0.0373884 0.107887
3 0.380859 0.472098 0.0284598 0.0811012
3 0.378348 0.46131 0.0217634 0.0669643
3 0.375 0.489583 0.0368304 0.0892858
1 0.307757 0.483631 0.0379464 0.106399
3 0.308036 0.478423 0.047433 0.139881
3 0.382533 0.476191 0.0429688 0.109375
0 0.307757 0.483631 0.0379464 0.106399
3 0.315569 0.487351 0.0502232 0.104167
3 0.377232 0.458705 0.0368304 0.0900298
2 0.307757 0.483631 0.0379464 0.106399
3 0.33231 0.46503 0.0323661 0.0900298
3 0.385045 0.450893 0.0217634 0.0498512
