3 0.978795 0.579241 0.0379465 0.125744
1 0.047154 0.504185 0.0906808 0.72526
0 0.316616 0.332682 0.559849 0.65904
0 0.388811 0.333333 0.365234 0.612351
0 0.0510603 0.580915 0.0962612 0.754836
1 0.0547224 0.643229 0.0931222 0.65253
0 0.0485491 0.441871 0.0926339 0.671317
0 0.442243 0.35333 0.171317 0.562686
1 0.392508 0.331845 0.381278 0.616816
2 0.979353 0.578125 0.0390625 0.126488
2 0.0472935 0.464658 0.0898438 0.648066
1 0.979353 0.578125 0.0390625 0.126488
3 0.978516 0.584821 0.0429688 0.16369
0 0.483119 0.335566 0.256975 0.612351
0 0.979353 0.578125 0.0390625 0.126488
1 0.442243 0.35333 0.171317 0.562686
1 0.310756 0.334821 0.499023 0.669643
2 0.0523856 0.581566 0.0964007 0.752046
0 0.491071 0.330915 0.441964 0.66183
2 0.977121 0.574405 0.0435267 0.188244
0 0.195592 0.521763 0.154018 0.471354
0 0.0834263 0.674479 0.158203 0.634673
2 0.370675 0.331752 0.428292 0.632627
0 0.112898 0.606492 0.213937 0.755766
1 0.977121 0.574405 0.0435267 0.188244
3 0.229353 0.565476 0.0440848 0.107143
3 0.0481306 0.503906 0.0909598 0.712426
0 0.177979 0.617001 0.223284 0.524926
0 0.184431 0.631138 0.352679 0.571056
3 0.370675 0.331752 0.428292 0.632627
3 0.973772 0.558036 0.0390625 0.153274
0 0.0479213 0.317336 0.0958426 0.547619
3 0.230259 0.5625 0.0735212 0.1875
0 0.0826242 0.327753 0.15897 0.59003
0 0.0695103 0.407087 0.121582 0.656064
0 0.417411 0.411365 0.151228 0.468936
1 0.0788574 0.673549 0.149763 0.638021
1 0.909598 0.34375 0.175223 0.633185
1 0.0479213 0.331845 0.0916574 0.541667
0 0.545201 0.333705 0.184152 0.56622
3 0.986328 0.590774 0.0273438 0.181548
0 0.263114 0.732143 0.44308 0.532738
3 0.0651507 0.605376 0.118025 0.757999
0 0.412249 0.314732 0.208984 0.571429
0 0.336496 0.36263 0.251674 0.575335
3 0.213797 0.572917 0.0355748 0.0997024
0 0.21296 0.357236 0.346401 0.69029
3 0.2131 0.571057 0.0637556 0.18378
0 0.977121 0.574405 0.0435267 0.188244
