3 0.978795 0.579613 0.0379465 0.127976
1 0.125802 0.515811 0.223284 0.736235
0 0.141811 0.594866 0.26995 0.781994
0 0.390486 0.333984 0.373047 0.608817
0 0.294922 0.332775 0.489397 0.665551
1 0.132429 0.649182 0.256348 0.667411
0 0.228795 0.637184 0.43192 0.682478
0 0.444196 0.354911 0.171875 0.5625
1 0.393555 0.332961 0.391462 0.613839
0 0.122698 0.466053 0.213309 0.645275
2 0.979353 0.578497 0.0390625 0.129464
1 0.979353 0.578497 0.0390625 0.129464
0 0.485631 0.334077 0.268694 0.614583
1 0.444196 0.354911 0.171875 0.5625
0 0.979353 0.578497 0.0390625 0.129464
3 0.977121 0.575521 0.0435267 0.183036
1 0.295619 0.335565 0.51144 0.671131
2 0.127511 0.515439 0.232143 0.728051
2 0.166295 0.604539 0.328125 0.790923
3 0.142892 0.595052 0.271694 0.777158
0 0.492746 0.332217 0.438616 0.664435
0 0.110491 0.650484 0.205636 0.660342
2 0.977121 0.575521 0.0435267 0.183036
0 0.185686 0.658854 0.263672 0.640625
1 0.977121 0.575521 0.0435267 0.183036
2 0.390486 0.333984 0.373047 0.608817
0 0.234933 0.552269 0.352121 0.585938
0 0.192243 0.421875 0.347098 0.6875
2 0.295619 0.335565 0.51144 0.671131
3 0.365583 0.331752 0.446289 0.634115
0 0.281459 0.71503 0.423689 0.5
1 0.90904 0.346354 0.176339 0.631696
1 0.0780901 0.603237 0.143485 0.722098
0 0.408203 0.312872 0.194754 0.558036
0 0.544643 0.33417 0.204241 0.569754
1 0.200893 0.658854 0.373884 0.682292
3 0.122698 0.466053 0.213309 0.645275
3 0.986049 0.590402 0.0279017 0.176339
0 0.256208 0.453125 0.389369 0.598214
3 0.97433 0.561012 0.0379464 0.127976
0 0.419085 0.415551 0.146205 0.457589
0 0.977121 0.575521 0.0435267 0.183036
0 0.578125 0.353423 0.366071 0.647321
