1 0.823661 0.448754 0.239955 0.601004
1 0.366629 0.638021 0.0959821 0.636161
0 0.830357 0.596633 0.27567 0.640067
0 0.821429 0.437128 0.251116 0.595982
0 0.365792 0.640067 0.104353 0.633557
2 0.823661 0.440569 0.237723 0.606957
1 0.830357 0.596633 0.27567 0.640067
0 0.349051 0.694196 0.132254 0.578869
3 0.363839 0.531622 0.0452009 0.155506
3 0.369699 0.539621 0.0608259 0.344866
3 0.369978 0.501488 0.0401786 0.0677083
1 0.368862 0.578125 0.0658482 0.443452
3 0.364676 0.591704 0.101562 0.581473
1 0.349051 0.694196 0.132254 0.578869
3 0.36942 0.504836 0.0396205 0.14881
2 0.366629 0.638021 0.0959821 0.636161
3 0.363839 0.525298 0.0452009 0.0952381
3 0.368862 0.573661 0.0524554 0.239583
3 0.361607 0.495908 0.0362723 0.0662202
0 0.839844 0.649182 0.198661 0.573661
3 0.822545 0.451451 0.25 0.606027
1 0.364397 0.53125 0.0597098 0.287202
3 0.361328 0.499628 0.0385045 0.136161
0 0.368862 0.578125 0.0658482 0.443452
1 0.368862 0.573661 0.0524554 0.239583
3 0.368025 0.621466 0.0697545 0.501116
1 0.363839 0.531622 0.0452009 0.155506
3 0.361886 0.500372 0.0546875 0.275298
0 0.364397 0.53125 0.0597098 0.287202
0 0.317801 0.64881 0.228237 0.659226
2 0.830357 0.596633 0.27567 0.640067
3 0.710938 0.384673 0.0357143 0.192708
3 0.709821 0.389137 0.0803571 0.370536
0 0.268415 0.677083 0.328125 0.641369
1 0.891183 0.433222 0.110491 0.523438
3 0.707589 0.351562 0.104911 0.311012
3 0.353237 0.667969 0.113839 0.601562
2 0.349051 0.694196 0.132254 0.578869
3 0.711496 0.34561 0.0279018 0.0766369
3 0.372489 0.56436 0.047433 0.0989583
