1 0.586496 0.726935 0.125 0.269345
3 0.353516 0.522321 0.0295759 0.0744048
3 0.361886 0.516741 0.0329241 0.0736607
3 0.362723 0.497024 0.0279018 0.0654762
3 0.349888 0.497768 0.0251116 0.0699405
0 0.582589 0.74256 0.133929 0.318452
3 0.366071 0.495536 0.0279018 0.0848214
1 0.600446 0.709821 0.079241 0.227679
2 0.585938 0.720238 0.113839 0.251488
3 0.355469 0.542039 0.0267857 0.0930059
3 0.363281 0.543155 0.0357143 0.0654762
3 0.366908 0.546503 0.031808 0.100446
3 0.358538 0.522693 0.0345982 0.103423
3 0.351562 0.539807 0.031808 0.0684524
1 0.575753 0.706845 0.166574 0.351191
2 0.600446 0.709821 0.079241 0.227679
3 0.363281 0.521205 0.0429688 0.155506
1 0.576032 0.776228 0.154855 0.379092
3 0.585938 0.720238 0.113839 0.251488
1 0.570312 0.694754 0.128348 0.280134
1 0.357422 0.523438 0.0239955 0.0721726
3 0.332589 0.522321 0.0228795 0.0758929
2 0.583147 0.71503 0.141741 0.327381
0 0.589286 0.698661 0.116071 0.260417
1 0.570871 0.693452 0.101562 0.190476
3 0.600446 0.709821 0.079241 0.227679
1 0.608259 0.691964 0.0658482 0.180059
