3 0.979353 0.577753 0.0379464 0.130208
1 0.705915 0.534226 0.170759 0.672619
0 0.711496 0.548084 0.167411 0.708891
0 0.397321 0.331845 0.352679 0.612351
0 0.329241 0.331008 0.535714 0.6609
1 0.40067 0.330822 0.364955 0.61663
2 0.979353 0.577381 0.0379464 0.129464
0 0.441964 0.352679 0.178571 0.568452
1 0.979353 0.577381 0.0379464 0.129464
1 0.441964 0.352679 0.178571 0.568452
1 0.717634 0.637649 0.167411 0.592262
0 0.71875 0.665923 0.215402 0.605655
0 0.979353 0.577381 0.0379464 0.129464
1 0.322266 0.332775 0.470424 0.665551
0 0.48856 0.340402 0.265067 0.608631
3 0.979074 0.583333 0.0418527 0.181548
2 0.711496 0.548084 0.167411 0.708891
1 0.727121 0.667411 0.252232 0.608631
2 0.40067 0.330822 0.364955 0.61663
0 0.65625 0.551432 0.308036 0.702195
3 0.97433 0.557664 0.0379464 0.156994
2 0.977679 0.573661 0.0446428 0.200893
3 0.378069 0.330078 0.415737 0.632999
0 0.489397 0.330729 0.440848 0.661458
3 0.696429 0.53218 0.21317 0.670759
2 0.329102 0.329613 0.549386 0.659226
3 0.229074 0.567336 0.0385045 0.10119
0 0.418806 0.412295 0.145647 0.473028
3 0.212542 0.572173 0.0291574 0.0952381
0 0.382533 0.358631 0.213728 0.560268
1 0.418806 0.412295 0.145647 0.473028
1 0.977679 0.573661 0.0446428 0.200893
3 0.213449 0.53311 0.0345982 0.15253
1 0.46582 0.406994 0.126395 0.479911
0 0.336217 0.361979 0.239397 0.573661
1 0.675223 0.646391 0.159598 0.56436
3 0.230748 0.565104 0.0608259 0.160714
3 0.986328 0.590402 0.0273438 0.193452
