1 0.380022 0.550874 0.174107 0.544085
3 0.978795 0.578125 0.0379465 0.129464
0 0.385742 0.329985 0.480748 0.62128
0 0.452846 0.363374 0.24721 0.593192
0 0.380022 0.547805 0.174107 0.556176
0 0.462891 0.436105 0.143415 0.505766
0 0.388811 0.381975 0.311663 0.593192
1 0.425502 0.496559 0.171317 0.481585
0 0.418666 0.495815 0.181641 0.472656
2 0.978795 0.577753 0.0390625 0.127232
0 0.282854 0.337054 0.478934 0.674107
1 0.979353 0.577381 0.0390625 0.12872
0 0.410575 0.507626 0.255859 0.520461
1 0.410575 0.507626 0.255859 0.520461
0 0.402902 0.382813 0.171875 0.502232
2 0.380859 0.54827 0.174665 0.56715
3 0.978516 0.584077 0.0429688 0.182292
0 0.979353 0.577381 0.0390625 0.12872
1 0.462891 0.436105 0.143415 0.505766
0 0.347935 0.500837 0.287388 0.629278
0 0.456194 0.442057 0.114397 0.28404
2 0.978516 0.584077 0.0429688 0.182292
0 0.501674 0.352772 0.354911 0.638207
0 0.448521 0.521019 0.156529 0.496652
0 0.338449 0.343471 0.208705 0.579427
3 0.97433 0.55692 0.0379464 0.157738
1 0.452846 0.363374 0.24721 0.593192
3 0.382254 0.547898 0.170201 0.547061
1 0.977121 0.573661 0.0435267 0.196429
1 0.386719 0.3258 0.517857 0.637091
0 0.476423 0.457961 0.0951451 0.453125
2 0.462891 0.436105 0.143415 0.505766
1 0.909598 0.351191 0.169643 0.622768
1 0.396205 0.565104 0.152344 0.276042
0 0.248884 0.515253 0.157924 0.485863
1 0.35519 0.569847 0.259487 0.589472
1 0.476423 0.457961 0.0951451 0.453125
0 0.3976 0.389509 0.122768 0.22619
2 0.425502 0.496559 0.171317 0.481585
3 0.986049 0.590774 0.0279017 0.188988
0 0.248396 0.709077 0.397182 0.522321
0 0.377511 0.391369 0.103237 0.19122
0 0.375837 0.457217 0.142299 0.436012
2 0.452846 0.363374 0.24721 0.593192
0 0.498744 0.374535 0.120815 0.550037
0 0.272042 0.340402 0.233817 0.599702
3 0.222307 0.564732 0.0464565 0.139881
0 0.977121 0.573661 0.0435267 0.196429
