3 0.520647 0.43378 0.0736608 0.216518
2 0.518415 0.435268 0.092634 0.249256
1 0.518415 0.435268 0.092634 0.249256
0 0.518415 0.435268 0.092634 0.249256
3 0.530692 0.448661 0.0569196 0.197917
2 0.52274 0.436012 0.0728237 0.205357
1 0.52274 0.436012 0.0728237 0.205357
3 0.523298 0.446057 0.0549665 0.14881
0 0.520089 0.663319 0.151786 0.630208
3 0.509068 0.409226 0.0599888 0.173363
0 0.52274 0.436012 0.0728237 0.205357
3 0.511161 0.357515 0.0435268 0.0855655
3 0.506138 0.444568 0.0625 0.190476
3 0.511161 0.363467 0.0446429 0.141369
0 0.502232 0.648344 0.21317 0.703311
3 0.512416 0.359747 0.063337 0.221726
