3 0.577009 0.459077 0.0546875 0.155506
3 0.570312 0.450521 0.0792411 0.212054
3 0.582031 0.463914 0.0915179 0.279018
3 0.594308 0.464286 0.0424107 0.111607
1 0.570312 0.450521 0.0792411 0.212054
1 0.577009 0.459449 0.0569196 0.15997
0 0.570312 0.450521 0.0792411 0.212054
3 0.561384 0.415179 0.0435268 0.166667
3 0.571429 0.414807 0.0357142 0.129464
1 0.582031 0.463914 0.0915179 0.279018
2 0.570312 0.450521 0.0792411 0.212054
3 0.534738 0.437128 0.0845424 0.177083
0 0.577567 0.460938 0.0591518 0.154762
2 0.577009 0.459449 0.0569196 0.15997
3 0.561384 0.465774 0.111607 0.318452
3 0.53683 0.459077 0.107143 0.240327
0 0.582031 0.463914 0.0915179 0.279018
3 0.584821 0.481027 0.0412946 0.10119
3 0.53125 0.401042 0.0703125 0.214286
