3 0.36635 0.514137 0.0385045 0.0788691
3 0.359096 0.518229 0.0351563 0.0825893
0 0.552455 0.665179 0.375 0.653274
3 0.367746 0.499628 0.0329241 0.0699405
3 0.364676 0.519345 0.046317 0.158482
3 0.357143 0.500744 0.0284598 0.0699405
0 0.556362 0.698847 0.260045 0.527902
3 0.369699 0.552083 0.0412946 0.160714
3 0.369141 0.554688 0.0574777 0.256696
3 0.359933 0.550223 0.0390625 0.156994
0 0.549247 0.38058 0.421596 0.601934
1 0.552455 0.665179 0.375 0.653274
1 0.361886 0.521205 0.0301339 0.0863095
3 0.371652 0.547619 0.0390625 0.0840774
1 0.364676 0.519345 0.046317 0.158482
3 0.358259 0.501116 0.0390625 0.144345
1 0.368304 0.50186 0.0301339 0.0825893
3 0.388114 0.527902 0.0390625 0.119792
3 0.388393 0.52381 0.03125 0.0714286
3 0.36942 0.608073 0.0535714 0.246652
1 0.369978 0.649926 0.0976562 0.487351
