2 0.59096 0.431176 0.11942 0.377976
2 0.129185 0.467262 0.111607 0.241816
3 0.13351 0.46317 0.0976563 0.220982
1 0.589286 0.430804 0.116071 0.355655
0 0.589844 0.438988 0.121652 0.389881
0 0.12779 0.473586 0.116629 0.279018
2 0.613281 0.453125 0.0725446 0.316964
1 0.12779 0.473586 0.116629 0.279018
3 0.127686 0.47247 0.115723 0.308036
3 0.590402 0.430804 0.11942 0.349702
3 0.633929 0.468378 0.03125 0.225446
3 0.617746 0.458705 0.0647322 0.259673
3 0.154855 0.447173 0.0555246 0.130208
3 0.148298 0.47247 0.0625 0.151786
2 0.622768 0.4867 0.0691964 0.398624
1 0.613281 0.453125 0.0725446 0.316964
2 0.148298 0.47247 0.0625 0.151786
2 0.131975 0.453869 0.077567 0.14881
2 0.154855 0.447173 0.0555246 0.130208
0 0.569615 0.625837 0.229074 0.703683
0 0.13909 0.643973 0.193917 0.603423
2 0.574777 0.42513 0.142857 0.459263
3 0.633929 0.466518 0.0535714 0.315476
2 0.626116 0.486607 0.0546875 0.232143
1 0.137137 0.450521 0.0878906 0.221726
2 0.633929 0.468378 0.03125 0.225446
0 0.137137 0.450521 0.0878906 0.221726
0 0.613281 0.453125 0.0725446 0.316964
2 0.632254 0.47061 0.0379465 0.14881
2 0.619978 0.434152 0.122768 0.49628
0 0.119838 0.618676 0.132254 0.560268
2 0.130162 0.420015 0.0998884 0.306548
2 0.622768 0.444196 0.046875 0.145089
