2 0.59096 0.440941 0.0848214 0.375558
1 0.589286 0.436012 0.0803571 0.326637
2 0.595982 0.453125 0.0647321 0.281994
3 0.594308 0.449312 0.0703125 0.308222
1 0.583147 0.440848 0.106027 0.392857
0 0.587054 0.440476 0.0904017 0.405506
3 0.578683 0.43006 0.0892857 0.327381
2 0.578125 0.429316 0.078125 0.291667
2 0.569754 0.412202 0.0982143 0.380208
3 0.598214 0.488467 0.0491072 0.231399
0 0.594308 0.449312 0.0703125 0.308222
2 0.56529 0.421968 0.152902 0.481957
3 0.537807 0.431176 0.138672 0.427083
2 0.598214 0.488467 0.0491072 0.231399
1 0.59933 0.462426 0.0535714 0.265625
3 0.578683 0.454241 0.0703125 0.264137
0 0.563616 0.421131 0.169643 0.465774
1 0.541295 0.445313 0.231027 0.455357
