3 0.44615 0.451265 0.0641741 0.12128
3 0.47433 0.468378 0.0496652 0.0922619
3 0.480887 0.46131 0.0404576 0.0833333
3 0.486607 0.46875 0.0334821 0.0751488
3 0.486886 0.46875 0.0496652 0.125
3 0.448103 0.456473 0.0976563 0.162946
3 0.476842 0.481027 0.0396205 0.0967262
0 0.448661 0.456473 0.078125 0.139881
1 0.448661 0.456473 0.078125 0.139881
1 0.441406 0.458705 0.0541295 0.119048
0 0.451451 0.46317 0.0904018 0.199405
0 0.486886 0.46875 0.0496652 0.125
1 0.473493 0.467634 0.0518973 0.0974703
0 0.473493 0.467634 0.0518973 0.0974703
2 0.448661 0.456473 0.078125 0.139881
1 0.486886 0.46875 0.0496652 0.125
0 0.441406 0.458705 0.0541295 0.119048
1 0.451451 0.46317 0.0904018 0.199405
3 0.450335 0.416667 0.0518973 0.130952
3 0.452427 0.467262 0.11077 0.221726
3 0.451451 0.479911 0.0552455 0.103423
0 0.486607 0.46875 0.0334821 0.0751488
1 0.486607 0.46875 0.0334821 0.0751488
3 0.493722 0.472098 0.17327 0.314732
3 0.497907 0.452381 0.0477121 0.0922619
