1 0.0795201 0.565476 0.142299 0.419643
3 0.978795 0.577753 0.0379465 0.127976
0 0.400391 0.33417 0.334263 0.603981
0 0.336565 0.332589 0.52553 0.665179
1 0.404297 0.333333 0.353237 0.607143
0 0.444336 0.351562 0.166016 0.565476
1 0.444336 0.351562 0.166016 0.565476
2 0.979353 0.576637 0.0390625 0.12872
1 0.979353 0.576637 0.0390625 0.12872
0 0.484235 0.335565 0.260324 0.608631
0 0.0790667 0.55971 0.143206 0.440104
3 0.978516 0.583333 0.0429688 0.163691
2 0.0790667 0.55971 0.143206 0.440104
0 0.979353 0.576637 0.0390625 0.12872
1 0.0270647 0.569196 0.0535714 0.404762
1 0.316197 0.33631 0.480329 0.672619
1 0.054269 0.531808 0.106585 0.481027
2 0.400391 0.33417 0.334263 0.603981
0 0.496373 0.331752 0.436942 0.6609
2 0.976562 0.574405 0.0435267 0.185268
1 0.023577 0.570499 0.0440848 0.278646
1 0.90904 0.347098 0.172991 0.631696
1 0.976562 0.574405 0.0435267 0.185268
3 0.0804967 0.565476 0.143694 0.419643
3 0.376046 0.331938 0.405273 0.629278
3 0.973772 0.55878 0.0390625 0.151786
1 0.420201 0.411365 0.135045 0.471912
2 0.335031 0.332217 0.540876 0.664435
0 0.420201 0.411365 0.135045 0.471912
0 0.90904 0.347098 0.172991 0.631696
0 0.152065 0.527995 0.304129 0.470796
0 0.545201 0.334821 0.198661 0.568452
0 0.412807 0.315569 0.216797 0.575707
0 0.156738 0.527065 0.179827 0.435454
1 0.0700335 0.545201 0.119699 0.302455
0 0.335938 0.362723 0.242746 0.581845
