3 0.978795 0.579613 0.0379465 0.123512
1 0.458984 0.512277 0.171317 0.625744
0 0.384626 0.366443 0.402623 0.694196
0 0.454241 0.481306 0.190848 0.6609
1 0.453404 0.573847 0.233817 0.602307
0 0.288714 0.338914 0.492885 0.677827
2 0.979353 0.579241 0.0390625 0.123512
1 0.979353 0.579241 0.0390625 0.123512
3 0.978516 0.58631 0.0429688 0.165179
1 0.478516 0.446615 0.218192 0.672247
0 0.438198 0.520275 0.279855 0.569569
0 0.979353 0.579241 0.0390625 0.123512
2 0.458984 0.512277 0.171317 0.625744
1 0.428153 0.428385 0.228516 0.616444
0 0.426618 0.484747 0.151228 0.52753
0 0.50279 0.386719 0.389509 0.726562
1 0.426618 0.484747 0.151228 0.52753
0 0.492606 0.441499 0.284877 0.673549
0 0.419364 0.384673 0.176897 0.584821
1 0.375977 0.36449 0.469029 0.71596
2 0.976562 0.574777 0.0435267 0.18378
1 0.434291 0.391927 0.316685 0.686384
0 0.476144 0.347842 0.221819 0.613095
1 0.976562 0.574777 0.0435267 0.18378
3 0.973772 0.557664 0.0390625 0.153274
3 0.458705 0.512556 0.170759 0.608817
0 0.273996 0.731399 0.469866 0.53125
1 0.489118 0.564918 0.174665 0.542783
3 0.986049 0.591146 0.0279017 0.171131
1 0.453962 0.563988 0.145647 0.285714
3 0.211496 0.571057 0.0295759 0.09375
2 0.375977 0.36449 0.469029 0.71596
0 0.381696 0.479074 0.132254 0.440662
1 0.445731 0.644345 0.145368 0.465774
3 0.211635 0.532738 0.0343192 0.151786
0 0.976562 0.574777 0.0435267 0.18378
