3 0.41769 0.460938 0.0412947 0.0907738
0 0.0284249 0.590216 0.0568499 0.709449
3 0.43192 0.466518 0.0580357 0.0967262
0 0.0244141 0.667411 0.0481306 0.595238
3 0.440011 0.469866 0.0876116 0.111607
3 0.472935 0.475074 0.063058 0.0930059
3 0.490095 0.478795 0.030971 0.0751488
1 0.0267857 0.590774 0.0470145 0.590774
3 0.4774 0.483631 0.046317 0.0997024
0 0.0339704 0.422712 0.0679408 0.667969
3 0.489955 0.475074 0.0513393 0.127232
3 0.479353 0.462426 0.0546875 0.0870536
1 0.0242746 0.696429 0.0457589 0.568452
3 0.479632 0.46317 0.0753348 0.134673
1 0.030971 0.507161 0.061942 0.682106
0 0.03125 0.497303 0.0503627 0.603609
3 0.444894 0.468378 0.125837 0.173363
3 0.40625 0.466146 0.0290178 0.0855655
0 0.0503627 0.561105 0.0859375 0.688802
0 0.444755 0.468006 0.102121 0.141369
0 0.0405971 0.639788 0.0811942 0.710007
3 0.407087 0.466146 0.0558036 0.103423
2 0.0284249 0.590216 0.0568499 0.709449
0 0.0600237 0.631231 0.117118 0.707775
1 0.444755 0.468006 0.102121 0.141369
1 0.0284249 0.673549 0.0568499 0.626116
2 0.0244141 0.667411 0.0481306 0.595238
3 0.500558 0.488839 0.0200893 0.0550595
1 0.433873 0.465402 0.061384 0.10119
