3 0.612723 0.460193 0.063616 0.153274
2 0.612165 0.459077 0.0669643 0.191964
1 0.612165 0.459077 0.0669643 0.191964
3 0.600446 0.463914 0.100446 0.306548
0 0.612165 0.459077 0.0669643 0.191964
3 0.613839 0.457589 0.0837053 0.197917
3 0.628906 0.462426 0.0412946 0.119792
3 0.62779 0.462798 0.0546875 0.157738
3 0.616071 0.479539 0.0513393 0.112351
1 0.600446 0.463914 0.100446 0.306548
0 0.600446 0.463914 0.100446 0.306548
2 0.600446 0.463914 0.100446 0.306548
3 0.578683 0.463542 0.100446 0.22247
3 0.580357 0.464286 0.0825893 0.155506
3 0.602121 0.479539 0.0524553 0.15625
