2 0.867188 0.447545 0.121652 0.325149
0 0.375 0.670573 0.125 0.638021
1 0.375 0.670573 0.125 0.638021
1 0.866629 0.442801 0.120536 0.31529
3 0.365234 0.475446 0.0479911 0.156994
3 0.375 0.489211 0.077567 0.322173
3 0.36635 0.478795 0.0569196 0.21875
0 0.866629 0.442801 0.120536 0.31529
3 0.354911 0.444941 0.0379464 0.094494
3 0.867188 0.447173 0.123884 0.328125
3 0.373605 0.521949 0.0691964 0.231399
0 0.422712 0.659784 0.229353 0.674479
3 0.362165 0.448661 0.0513393 0.105655
2 0.374721 0.647321 0.112165 0.659226
1 0.370815 0.589658 0.0909598 0.526042
1 0.375 0.489211 0.077567 0.322173
3 0.374442 0.599423 0.118304 0.60026
1 0.36635 0.478795 0.0569196 0.21875
3 0.387556 0.520461 0.148996 0.49628
3 0.364676 0.525298 0.0658482 0.301339
3 0.358538 0.449405 0.046875 0.153274
0 0.392299 0.519903 0.159598 0.472098
1 0.365234 0.475446 0.0479911 0.156994
3 0.37221 0.507161 0.100446 0.418713
3 0.388114 0.488095 0.0837054 0.183036
0 0.371094 0.587054 0.104353 0.508929
1 0.392299 0.519903 0.159598 0.472098
0 0.375 0.489211 0.077567 0.322173
0 0.346819 0.652902 0.215402 0.676339
0 0.36635 0.478795 0.0569196 0.21875
