3 0.796875 0.43564 0.0892857 0.236607
2 0.795759 0.437128 0.0892858 0.247768
1 0.513532 0.692894 0.111328 0.557664
0 0.515625 0.707589 0.122768 0.563988
1 0.797991 0.439732 0.094866 0.25372
0 0.796317 0.437872 0.09375 0.247768
2 0.517299 0.696429 0.113839 0.546131
1 0.513951 0.573103 0.107143 0.37314
3 0.514509 0.507068 0.101562 0.250744
2 0.513951 0.573103 0.107143 0.37314
3 0.513811 0.507068 0.0851005 0.145089
3 0.811942 0.446801 0.0703125 0.226935
1 0.514509 0.507068 0.101562 0.250744
3 0.513532 0.692894 0.111328 0.557664
3 0.801339 0.444941 0.0625 0.144345
3 0.787388 0.429688 0.0613839 0.154762
2 0.801897 0.490885 0.111607 0.414062
2 0.784598 0.432292 0.122768 0.293155
3 0.524554 0.525298 0.0658483 0.163691
2 0.512835 0.526414 0.136161 0.296875
