3 0.529576 0.475818 0.0390625 0.104167
3 0.108119 0.507441 0.0223214 0.0625
3 0.52846 0.471726 0.0580358 0.169643
1 0.529576 0.479167 0.0379464 0.10119
1 0.108259 0.508929 0.0256696 0.0677083
3 0.537946 0.470238 0.0412946 0.0952381
0 0.529576 0.479167 0.0379464 0.10119
0 0.52846 0.471726 0.0580358 0.169643
1 0.52846 0.471726 0.0580358 0.169643
0 0.108259 0.508929 0.0256696 0.0677083
3 0.10519 0.530134 0.0198103 0.0744048
2 0.529576 0.479167 0.0379464 0.10119
3 0.545759 0.474702 0.108259 0.248512
2 0.108538 0.508557 0.0226005 0.0647321
3 0.101562 0.532738 0.0265067 0.093006
3 0.512137 0.473586 0.0438058 0.0982143
