1 0.799665 0.556176 0.166295 0.405506
3 0.978795 0.575893 0.0379465 0.133184
0 0.391183 0.33324 0.353795 0.605841
0 0.333147 0.334077 0.534598 0.662202
1 0.395089 0.33231 0.370536 0.609189
0 0.802455 0.556362 0.170759 0.40811
2 0.978795 0.575521 0.0379465 0.131696
0 0.442522 0.352679 0.169643 0.561756
1 0.442522 0.352679 0.169643 0.561756
1 0.978795 0.574777 0.0390625 0.131696
1 0.819197 0.529576 0.227679 0.515253
0 0.978795 0.574777 0.0390625 0.131696
0 0.482701 0.334542 0.256696 0.610677
1 0.324009 0.337054 0.475865 0.674107
2 0.802455 0.556362 0.170759 0.40811
0 0.875 0.349237 0.236607 0.624442
1 0.841518 0.553571 0.15625 0.424107
3 0.977958 0.583333 0.0440848 0.209077
0 0.819197 0.529576 0.227679 0.515253
0 0.492606 0.331287 0.445592 0.662574
2 0.391183 0.33324 0.353795 0.605841
2 0.977958 0.583333 0.0440848 0.209077
3 0.974888 0.555804 0.0368303 0.169643
3 0.373744 0.331473 0.419922 0.627976
3 0.802455 0.556362 0.170759 0.40811
2 0.332101 0.331473 0.546735 0.662946
1 0.875 0.349237 0.236607 0.624442
1 0.813058 0.56529 0.15067 0.295015
1 0.977679 0.570685 0.0446428 0.205357
3 0.211496 0.569941 0.0284598 0.0922619
3 0.229841 0.565104 0.0403181 0.101935
0 0.419085 0.411737 0.136719 0.463728
1 0.419085 0.411737 0.136719 0.463728
0 0.334263 0.361235 0.25 0.584821
3 0.2131 0.532738 0.0336217 0.151786
0 0.382533 0.3617 0.217634 0.559338
