3 0.978795 0.579613 0.0390625 0.126488
1 0.437081 0.514137 0.173828 0.532738
1 0.419503 0.583147 0.225725 0.61942
0 0.426339 0.54641 0.199777 0.591704
0 0.383022 0.389974 0.34668 0.630766
0 0.441685 0.420852 0.238281 0.543713
0 0.318848 0.336496 0.547573 0.672991
0 0.446429 0.456752 0.148438 0.445127
1 0.467494 0.47433 0.11635 0.417411
0 0.470843 0.447545 0.10519 0.400298
0 0.40346 0.491722 0.290179 0.596912
1 0.47168 0.450521 0.0923549 0.279762
0 0.47168 0.450521 0.0923549 0.279762
2 0.978795 0.578497 0.0401785 0.127976
1 0.416016 0.640067 0.165737 0.597842
1 0.978795 0.578497 0.0401785 0.127976
1 0.40346 0.491722 0.290179 0.596912
3 0.977121 0.575149 0.0435267 0.181548
0 0.448103 0.453218 0.133929 0.289993
0 0.416016 0.401786 0.155692 0.539435
2 0.47168 0.450521 0.0923549 0.279762
0 0.978795 0.578497 0.0401785 0.127976
2 0.446708 0.493304 0.167969 0.534226
1 0.441685 0.420852 0.238281 0.543713
1 0.448103 0.453218 0.133929 0.289993
0 0.430315 0.330357 0.487584 0.650298
2 0.470843 0.447545 0.10519 0.400298
0 0.467215 0.507441 0.129185 0.467262
3 0.212542 0.578125 0.0285993 0.0840774
3 0.227121 0.572917 0.0379464 0.0944941
0 0.469448 0.404018 0.13365 0.513393
0 0.44322 0.351935 0.183873 0.555804
1 0.367885 0.38923 0.442801 0.672433
2 0.417271 0.547526 0.243583 0.595424
1 0.465402 0.554129 0.136161 0.50186
2 0.441685 0.420852 0.238281 0.543713
0 0.416016 0.640067 0.165737 0.597842
1 0.490513 0.469587 0.0926339 0.422433
1 0.416016 0.401786 0.155692 0.539435
0 0.272042 0.715216 0.426339 0.557664
3 0.426339 0.54641 0.199777 0.591704
0 0.490792 0.433315 0.0909598 0.433966
2 0.448103 0.453218 0.133929 0.289993
3 0.21303 0.574405 0.046596 0.134673
3 0.228795 0.570312 0.0636161 0.176339
3 0.986049 0.591146 0.0279017 0.174107
0 0.396763 0.489397 0.190848 0.565848
3 0.22154 0.581101 0.0323661 0.0907738
1 0.490513 0.46689 0.0680804 0.269345
3 0.973772 0.56064 0.0379464 0.12872
3 0.47168 0.450521 0.0923549 0.279762
2 0.383022 0.389974 0.34668 0.630766
0 0.349261 0.616536 0.376256 0.665737
1 0.440569 0.523066 0.157924 0.287946
3 0.212681 0.536086 0.0355748 0.148065
