3 0.69308 0.465774 0.0714286 0.165923
2 0.0845424 0.469122 0.0853795 0.262649
2 0.690848 0.463542 0.0691965 0.168155
3 0.700893 0.465774 0.0569197 0.125
3 0.0845424 0.469122 0.0853795 0.262649
0 0.078404 0.653274 0.125 0.669643
0 0.0841239 0.492932 0.0954241 0.341518
1 0.0841239 0.492932 0.0954241 0.341518
0 0.690848 0.463542 0.0691965 0.168155
1 0.690848 0.463542 0.0691965 0.168155
3 0.712612 0.454613 0.0446428 0.120536
1 0.0782296 0.651414 0.11363 0.665923
2 0.078125 0.521205 0.0906808 0.460565
2 0.0853446 0.446336 0.108329 0.330543
0 0.104492 0.678943 0.183036 0.624256
2 0.086635 0.476562 0.0652902 0.151042
2 0.0782296 0.651414 0.11363 0.665923
2 0.0713937 0.470982 0.0575474 0.151042
3 0.712054 0.485491 0.0591518 0.185268
2 0.0955636 0.497024 0.0761719 0.296131
3 0.712612 0.485119 0.046875 0.140625
3 0.675223 0.484003 0.063616 0.174107
