1 0.661272 0.554501 0.164062 0.74814
0 0.663504 0.601376 0.188616 0.758557
1 0.65625 0.453869 0.15067 0.52381
2 0.65625 0.453869 0.15067 0.52381
0 0.657366 0.510231 0.15625 0.637277
1 0.672433 0.603423 0.226562 0.77381
2 0.660714 0.555153 0.165179 0.736421
0 0.681362 0.665923 0.271205 0.660714
0 0.637835 0.660714 0.137277 0.623512
0 0.529018 0.484561 0.401786 0.727307
3 0.657366 0.510231 0.15625 0.637277
2 0.672433 0.603423 0.226562 0.77381
3 0.663504 0.601376 0.188616 0.758557
0 0.564035 0.552827 0.255859 0.706845
