2 0.0864955 0.472842 0.100167 0.276786
3 0.532924 0.462798 0.0491072 0.144345
0 0.0792411 0.655134 0.133371 0.674851
3 0.529715 0.459449 0.0800781 0.235119
3 0.0856585 0.469494 0.0948661 0.264881
1 0.0792411 0.655134 0.133371 0.674851
1 0.086077 0.5 0.106306 0.361607
0 0.086077 0.5 0.106306 0.361607
3 0.0859724 0.496931 0.105399 0.391555
1 0.529715 0.459449 0.0800781 0.235119
0 0.529715 0.459449 0.0800781 0.235119
1 0.529576 0.462798 0.0647321 0.159226
0 0.529576 0.462798 0.0647321 0.159226
2 0.0792411 0.655134 0.133371 0.674851
3 0.542969 0.458984 0.137277 0.346912
1 0.0853795 0.459449 0.0948661 0.24628
2 0.0796247 0.538318 0.114188 0.444196
3 0.526228 0.415551 0.0368304 0.135417
2 0.532924 0.462798 0.0524553 0.146577
2 0.0868792 0.473214 0.0701032 0.150298
0 0.53125 0.458333 0.0457589 0.141369
0 0.0853795 0.459449 0.0948661 0.24628
1 0.53125 0.458333 0.0457589 0.141369
3 0.535156 0.411086 0.0345982 0.136161
3 0.0828683 0.621838 0.115792 0.601562
2 0.0703125 0.465774 0.0605469 0.147321
3 0.527902 0.414807 0.0379464 0.09375
3 0.50572 0.465402 0.0644531 0.126488
