1 0.872768 0.548363 0.155134 0.638393
3 0.980469 0.578125 0.0357142 0.124256
0 0.873884 0.546317 0.158482 0.609747
0 0.395368 0.332589 0.353237 0.611607
0 0.331403 0.332589 0.53697 0.663691
1 0.979911 0.578125 0.0357143 0.132441
1 0.399414 0.331473 0.370815 0.614583
2 0.979911 0.578125 0.0357143 0.132441
0 0.442801 0.353423 0.166853 0.563244
1 0.863281 0.64881 0.128348 0.590774
0 0.486328 0.334077 0.280692 0.619792
1 0.442801 0.353423 0.166853 0.563244
0 0.980469 0.578125 0.0357142 0.124256
2 0.873326 0.557757 0.157366 0.63151
0 0.498465 0.331194 0.460658 0.662016
1 0.331264 0.331473 0.550642 0.662946
3 0.872768 0.548363 0.155134 0.638393
2 0.395368 0.332589 0.353237 0.611607
0 0.879464 0.421596 0.172991 0.576451
1 0.887835 0.653088 0.129464 0.503348
3 0.376116 0.331566 0.422991 0.634487
3 0.964844 0.580171 0.0569197 0.272693
0 0.873884 0.664807 0.15625 0.524554
2 0.331264 0.331473 0.550642 0.662946
0 0.419643 0.412853 0.140625 0.46596
3 0.977679 0.590402 0.0345982 0.168899
0 0.544503 0.333798 0.206752 0.573475
3 0.952009 0.569754 0.0703125 0.289062
3 0.212054 0.571429 0.0301339 0.0944941
3 0.230957 0.566964 0.0403181 0.102679
1 0.952009 0.569754 0.0703125 0.289062
0 0.410435 0.31436 0.200335 0.563244
