2 0.365513 0.458705 0.0742188 0.252232
3 0.75558 0.434524 0.0993304 0.247768
2 0.755022 0.434896 0.101562 0.247768
3 0.366071 0.453869 0.0697545 0.238095
2 0.369141 0.486235 0.0758928 0.379464
0 0.755022 0.434896 0.101562 0.247768
1 0.753348 0.436012 0.101563 0.251488
3 0.369141 0.486235 0.0758928 0.379464
0 0.369141 0.486235 0.0758928 0.379464
1 0.365234 0.461682 0.0725446 0.259673
3 0.37779 0.46503 0.0608259 0.245536
1 0.369141 0.486235 0.0758928 0.379464
0 0.365234 0.461682 0.0725446 0.259673
0 0.368304 0.649926 0.121652 0.664435
0 0.397321 0.663691 0.151786 0.623512
3 0.74442 0.449405 0.120536 0.383185
3 0.359375 0.46875 0.0535714 0.154018
2 0.362723 0.486979 0.0569196 0.279762
1 0.368304 0.649926 0.121652 0.664435
2 0.369699 0.469494 0.0591518 0.15625
3 0.743304 0.361886 0.0915178 0.286644
0 0.369141 0.446057 0.0998884 0.286458
3 0.369141 0.446057 0.0998884 0.286458
2 0.744978 0.450986 0.132812 0.359933
0 0.525251 0.374721 0.355748 0.609189
3 0.368304 0.487351 0.0491071 0.139137
3 0.368025 0.447173 0.0636161 0.159226
1 0.373884 0.635045 0.0831473 0.615327
3 0.384208 0.501488 0.078683 0.34747
