3 0.978795 0.576265 0.0379465 0.129464
1 0.0935059 0.53218 0.148926 0.524926
0 0.397879 0.3351 0.344866 0.605097
0 0.332031 0.333333 0.522321 0.664435
0 0.443359 0.354167 0.169085 0.567708
2 0.0919015 0.534412 0.147112 0.487723
1 0.401786 0.334542 0.362723 0.609189
2 0.978795 0.575149 0.0390625 0.129464
0 0.0942732 0.532459 0.148507 0.513951
1 0.443359 0.354167 0.169085 0.567708
0 0.485212 0.334821 0.273996 0.620536
1 0.978795 0.575149 0.0390625 0.129464
3 0.978516 0.580729 0.0429688 0.171875
0 0.978795 0.575149 0.0390625 0.129464
1 0.323661 0.335193 0.469866 0.670387
0 0.498884 0.332589 0.448661 0.665179
2 0.976562 0.572173 0.0435267 0.1875
3 0.97433 0.557664 0.0390625 0.151786
2 0.397879 0.3351 0.344866 0.605097
1 0.0916922 0.534226 0.135812 0.302827
3 0.0942732 0.532459 0.148507 0.513951
0 0.419643 0.413318 0.138393 0.465774
1 0.976562 0.572173 0.0435267 0.1875
3 0.375279 0.332961 0.416853 0.631696
2 0.330915 0.331845 0.535714 0.663691
0 0.144775 0.51423 0.185896 0.498326
0 0.544782 0.334914 0.216239 0.580171
0 0.409598 0.315476 0.203125 0.567708
1 0.419643 0.413318 0.138393 0.465774
0 0.581613 0.352307 0.38365 0.657738
0 0.976562 0.572173 0.0435267 0.1875
1 0.152239 0.513951 0.163714 0.519717
