1 0.879464 0.461961 0.176339 0.494234
1 0.365792 0.633929 0.100446 0.635417
2 0.879464 0.461589 0.18192 0.496466
0 0.352121 0.639881 0.135045 0.651786
3 0.364118 0.53125 0.0412946 0.154018
3 0.36942 0.501116 0.0362723 0.0662203
3 0.368583 0.537202 0.0569196 0.327381
0 0.88058 0.442708 0.179688 0.46503
0 0.364676 0.664062 0.0904018 0.582589
1 0.870536 0.596168 0.166295 0.617188
1 0.347098 0.691964 0.138951 0.583333
3 0.369141 0.504092 0.0351562 0.142113
3 0.364118 0.524182 0.0424107 0.0922619
1 0.368304 0.620536 0.0691964 0.501488
3 0.369141 0.569568 0.0491071 0.232143
3 0.364676 0.589472 0.103795 0.59189
2 0.365792 0.633929 0.100446 0.635417
3 0.36077 0.496652 0.0340402 0.0639881
1 0.368583 0.537202 0.0569196 0.327381
3 0.878906 0.462984 0.183036 0.493676
3 0.360491 0.500744 0.0351562 0.131696
0 0.871094 0.654762 0.140625 0.559524
1 0.364118 0.53125 0.0412946 0.154018
1 0.369141 0.569568 0.0491071 0.232143
1 0.893415 0.503348 0.142857 0.281994
3 0.368304 0.620536 0.0691964 0.501488
0 0.36942 0.575149 0.0636161 0.431548
1 0.859933 0.619048 0.232143 0.694941
0 0.318917 0.646205 0.231027 0.661458
0 0.364397 0.530506 0.0558036 0.28125
1 0.878906 0.437128 0.167411 0.296875
0 0.869978 0.594587 0.180804 0.601004
3 0.373326 0.560268 0.0440848 0.0922619
3 0.361049 0.500744 0.0513393 0.266369
1 0.384208 0.667411 0.0859375 0.549107
1 0.318917 0.646205 0.231027 0.661458
2 0.347098 0.691964 0.138951 0.583333
3 0.351562 0.665179 0.11942 0.610119
