2 0.68471 0.43192 0.0959822 0.296875
3 0.682478 0.429967 0.0904018 0.281436
0 0.261161 0.698847 0.0580357 0.468378
1 0.683036 0.443452 0.0982143 0.321429
0 0.683036 0.443452 0.0982143 0.321429
0 0.269252 0.637091 0.118862 0.609747
0 0.695871 0.628906 0.177455 0.712426
1 0.261161 0.698847 0.0580357 0.468378
2 0.670201 0.464379 0.148438 0.474516
0 0.255301 0.571057 0.0837054 0.593006
0 0.279855 0.699405 0.0970982 0.455357
1 0.251674 0.63058 0.0457589 0.430804
3 0.251674 0.63058 0.0457589 0.430804
0 0.669085 0.467541 0.15625 0.432478
0 0.251674 0.63058 0.0457589 0.430804
1 0.255301 0.631324 0.0898438 0.594494
1 0.237235 0.470052 0.107003 0.559896
0 0.260603 0.468099 0.101004 0.553385
3 0.258929 0.678571 0.0518973 0.47619
0 0.330915 0.632999 0.251116 0.647694
3 0.670201 0.464379 0.148438 0.474516
2 0.256975 0.631882 0.0686384 0.596354
3 0.675781 0.507626 0.109375 0.472842
2 0.685826 0.49628 0.0904018 0.456845
0 0.234375 0.449684 0.124442 0.579799
1 0.669085 0.467541 0.15625 0.432478
0 0.726562 0.661458 0.135045 0.613095
0 0.705915 0.701637 0.13058 0.519345
1 0.675781 0.507626 0.109375 0.472842
3 0.25279 0.629836 0.0390625 0.262649
0 0.260393 0.479074 0.139927 0.62965
1 0.260603 0.468099 0.101004 0.553385
0 0.675781 0.507626 0.109375 0.472842
3 0.652902 0.433036 0.100446 0.252976
0 0.639509 0.622675 0.262277 0.721912
1 0.245536 0.577195 0.0625 0.452753
1 0.279855 0.699405 0.0970982 0.455357
0 0.299107 0.448382 0.146763 0.549665
3 0.65067 0.436012 0.132812 0.34747
2 0.676339 0.432292 0.0647322 0.15253
0 0.325614 0.406808 0.225446 0.644717
0 0.260603 0.702939 0.0507812 0.260789
2 0.690848 0.4375 0.0647321 0.151786
