3 0.979353 0.578869 0.0368304 0.126488
1 0.410156 0.562593 0.216518 0.603981
0 0.404018 0.506882 0.279018 0.709449
0 0.319406 0.337798 0.548689 0.675595
0 0.42885 0.396856 0.342076 0.706287
2 0.979911 0.578869 0.0379464 0.125744
0 0.433105 0.341518 0.49986 0.683036
1 0.979911 0.578869 0.0379464 0.125744
0 0.354353 0.437035 0.362723 0.733073
1 0.395926 0.46782 0.320871 0.75186
2 0.406669 0.506696 0.269252 0.71131
0 0.357701 0.607608 0.359375 0.691034
0 0.410017 0.347191 0.240234 0.62407
0 0.427316 0.561942 0.201172 0.584449
0 0.979911 0.578869 0.0379464 0.125744
1 0.408203 0.646949 0.185826 0.53497
3 0.979074 0.585938 0.0418527 0.177827
0 0.270089 0.705357 0.424107 0.583333
3 0.403181 0.579799 0.271763 0.688616
1 0.432617 0.474609 0.222935 0.628162
1 0.357701 0.607608 0.359375 0.691034
0 0.490374 0.368211 0.29827 0.665365
1 0.320452 0.337054 0.562221 0.674107
0 0.270368 0.609375 0.240513 0.568452
0 0.319824 0.678199 0.294503 0.579613
0 0.385742 0.662946 0.265346 0.532738
2 0.427316 0.561942 0.201172 0.584449
3 0.973772 0.55692 0.0379464 0.159226
0 0.385045 0.6516 0.164063 0.539062
2 0.979074 0.585938 0.0418527 0.177827
3 0.226842 0.565848 0.0407366 0.119048
3 0.395926 0.46782 0.320871 0.75186
3 0.212263 0.569569 0.0319475 0.10119
0 0.483538 0.424665 0.194754 0.594122
2 0.320452 0.337054 0.562221 0.674107
3 0.987165 0.590774 0.0256696 0.142857
1 0.977679 0.576637 0.0446428 0.203869
1 0.363002 0.569941 0.208147 0.595238
3 0.320452 0.337054 0.562221 0.674107
0 0.363002 0.569941 0.208147 0.595238
0 0.907366 0.344122 0.177455 0.633929
3 0.227958 0.565476 0.0719866 0.264881
1 0.380162 0.393973 0.418248 0.737351
