2 0.595982 0.491443 0.0725446 0.348958
3 0.595424 0.487723 0.0580357 0.241071
1 0.597656 0.492653 0.0669643 0.422433
2 0.594308 0.488839 0.0613839 0.258185
2 0.587054 0.48298 0.111607 0.428385
0 0.597656 0.492653 0.0669643 0.422433
1 0.595424 0.493676 0.0636161 0.287202
3 0.595982 0.491443 0.0725446 0.348958
0 0.590402 0.621931 0.123884 0.675781
1 0.587054 0.48298 0.111607 0.428385
0 0.587054 0.48298 0.111607 0.428385
3 0.575335 0.445312 0.078125 0.31622
3 0.587054 0.418155 0.0859375 0.376488
0 0.595424 0.493676 0.0636161 0.287202
3 0.587054 0.48298 0.111607 0.428385
3 0.598772 0.486979 0.046875 0.154018
0 0.588728 0.438244 0.15067 0.449405
0 0.612165 0.664993 0.108259 0.616444
1 0.584263 0.484003 0.0691964 0.355655
2 0.588728 0.438244 0.15067 0.449405
1 0.590402 0.621931 0.123884 0.675781
3 0.584263 0.511161 0.078125 0.465774
0 0.542969 0.480376 0.246652 0.518415
1 0.59933 0.608259 0.0703125 0.584077
0 0.615513 0.677455 0.16183 0.625744
3 0.585379 0.417411 0.0602679 0.238839
3 0.566406 0.404297 0.0970982 0.338728
0 0.59933 0.608259 0.0703125 0.584077
2 0.615513 0.45824 0.136161 0.55971
1 0.588728 0.438244 0.15067 0.449405
1 0.542969 0.480376 0.246652 0.518415
0 0.548131 0.624256 0.256417 0.703869
3 0.533901 0.441313 0.135324 0.398623
0 0.507673 0.477865 0.277065 0.621652
1 0.587054 0.418155 0.0859375 0.376488
3 0.584821 0.507068 0.0625 0.264881
3 0.564174 0.398344 0.0725447 0.24349
0 0.531947 0.518694 0.169364 0.550409
1 0.575335 0.445312 0.078125 0.31622
2 0.587054 0.418155 0.0859375 0.376488
3 0.592076 0.458333 0.0479911 0.141369
0 0.616071 0.456938 0.159598 0.528088
1 0.531947 0.518694 0.169364 0.550409
1 0.612165 0.664993 0.108259 0.616444
2 0.598772 0.486979 0.046875 0.154018
0 0.584263 0.511161 0.078125 0.465774
0 0.602818 0.462891 0.260882 0.447731
