2 0.984933 0.576265 0.0290178 0.151786
2 0.941406 0.546131 0.0814733 0.299107
1 0.941964 0.545015 0.0792411 0.290923
0 0.389648 0.334449 0.359096 0.611607
0 0.327427 0.334077 0.532645 0.664435
2 0.981027 0.563244 0.0357142 0.21131
1 0.984933 0.577381 0.0279017 0.144345
1 0.394043 0.333333 0.375977 0.615327
0 0.442941 0.353795 0.169922 0.566964
3 0.986607 0.581473 0.0256697 0.142857
0 0.484654 0.335472 0.266183 0.616257
2 0.969308 0.569941 0.0491072 0.142857
1 0.442941 0.353795 0.169922 0.566964
1 0.981027 0.563244 0.0357142 0.21131
1 0.319127 0.335379 0.475586 0.670759
0 0.941406 0.546317 0.0825892 0.300223
0 0.495815 0.331938 0.443638 0.662016
3 0.94308 0.548735 0.0814733 0.292411
0 0.984933 0.577381 0.0279017 0.144345
2 0.389648 0.334449 0.359096 0.611607
1 0.969308 0.569941 0.0491072 0.142857
3 0.371094 0.333333 0.426339 0.636161
2 0.327148 0.332217 0.542132 0.664435
0 0.915737 0.402437 0.131696 0.519531
3 0.230259 0.5625 0.0439453 0.109375
3 0.981027 0.563244 0.0357142 0.21131
0 0.418527 0.412574 0.145089 0.47247
2 0.954241 0.535714 0.0613839 0.151786
3 0.214565 0.568452 0.0329241 0.0989583
0 0.334821 0.361235 0.256696 0.591518
0 0.544782 0.334914 0.199498 0.575707
3 0.214565 0.53311 0.0362723 0.151042
3 0.231934 0.560268 0.0740793 0.199405
0 0.978795 0.5625 0.0379465 0.186012
0 0.408901 0.314732 0.202288 0.564732
1 0.418527 0.412574 0.145089 0.47247
3 0.227121 0.53311 0.0485491 0.158482
