3 0.978795 0.579613 0.0379465 0.125744
1 0.697545 0.56994 0.204241 0.577381
0 0.391183 0.332496 0.361607 0.610305
0 0.327916 0.331845 0.537249 0.65997
0 0.696987 0.557292 0.184152 0.547619
0 0.708147 0.580078 0.251116 0.649368
1 0.394531 0.331473 0.377232 0.613839
0 0.44308 0.354539 0.172991 0.565476
2 0.979353 0.579241 0.0379464 0.125744
1 0.979353 0.579241 0.0379464 0.125744
1 0.44308 0.354539 0.172991 0.565476
0 0.979353 0.579241 0.0379464 0.125744
2 0.697545 0.56994 0.204241 0.577381
3 0.979353 0.585566 0.0412946 0.169643
1 0.319057 0.331845 0.444475 0.663691
1 0.682478 0.663132 0.229911 0.492188
3 0.695312 0.572359 0.235491 0.575521
2 0.391183 0.332496 0.361607 0.610305
0 0.742188 0.542969 0.180804 0.524182
0 0.485491 0.339751 0.25 0.598772
1 0.729911 0.525763 0.27567 0.589844
2 0.977679 0.574777 0.0446428 0.194941
3 0.210798 0.576265 0.0276228 0.0848214
2 0.327637 0.329613 0.547852 0.659226
3 0.371861 0.331008 0.428153 0.631138
1 0.717634 0.639695 0.16183 0.491443
1 0.977679 0.574777 0.0446428 0.194941
1 0.741071 0.565941 0.171875 0.549665
0 0.683594 0.666295 0.282366 0.512649
3 0.986328 0.590774 0.0273438 0.173363
3 0.97433 0.557292 0.0379464 0.161458
0 0.416853 0.414342 0.147321 0.464472
3 0.228795 0.568452 0.0390625 0.0967262
0 0.834822 0.325521 0.308036 0.642113
0 0.410854 0.315104 0.211775 0.572173
