2 0.0834263 0.469494 0.0870536 0.267113
2 0.0837054 0.499814 0.0957031 0.396205
0 0.0806362 0.653274 0.121652 0.666667
1 0.0838449 0.502232 0.0970982 0.363095
0 0.0838449 0.502232 0.0970982 0.363095
3 0.69029 0.456101 0.0546875 0.148065
1 0.0812291 0.65253 0.115444 0.668155
3 0.0834263 0.469494 0.0870536 0.267113
1 0.0834263 0.460566 0.0878906 0.260417
3 0.0837054 0.499814 0.0957031 0.396205
2 0.0812291 0.65253 0.115444 0.668155
0 0.0834263 0.460566 0.0878906 0.260417
2 0.0864955 0.475818 0.0658482 0.151786
3 0.688616 0.456473 0.0848214 0.279762
1 0.0984933 0.673735 0.169922 0.634673
3 0.706473 0.46503 0.0446429 0.114583
2 0.0949707 0.50186 0.0779157 0.313244
2 0.0712891 0.472098 0.0577567 0.151042
0 0.107422 0.660342 0.15346 0.633185
0 0.526646 0.260882 0.442243 0.491629
3 0.705357 0.464658 0.0613839 0.154018
3 0.681362 0.451637 0.0703125 0.175595
