2 0.364397 0.462798 0.0719866 0.257441
3 0.364676 0.46317 0.0680804 0.247024
3 0.729353 0.447173 0.092634 0.22247
2 0.729353 0.449777 0.101562 0.241071
1 0.366908 0.469494 0.0736607 0.307292
0 0.366908 0.469494 0.0736607 0.307292
1 0.729353 0.449777 0.101562 0.241071
0 0.729353 0.449777 0.101562 0.241071
3 0.377232 0.468378 0.0597098 0.252232
2 0.365234 0.446522 0.093192 0.318266
0 0.359654 0.649182 0.123326 0.655506
2 0.377232 0.468378 0.0597098 0.252232
2 0.729911 0.483631 0.110491 0.349702
3 0.358538 0.470982 0.0535714 0.155506
1 0.359654 0.649182 0.123326 0.655506
3 0.370257 0.473214 0.0574777 0.15625
2 0.358538 0.470982 0.0535714 0.155506
2 0.370257 0.473214 0.0574777 0.15625
3 0.731027 0.457217 0.0658482 0.148065
3 0.717076 0.438244 0.0569197 0.149554
0 0.378906 0.682664 0.185268 0.610863
0 0.53125 0.460565 0.428571 0.672619
