2 0.939732 0.495164 0.120536 0.490327
0 0.449358 0.696429 0.17048 0.538691
1 0.938058 0.513393 0.123884 0.538691
0 0.936384 0.613467 0.127232 0.689732
1 0.442243 0.712054 0.180246 0.528274
0 0.938616 0.493118 0.122768 0.481027
2 0.94029 0.47433 0.110491 0.301339
1 0.941685 0.647321 0.116629 0.645833
3 0.940848 0.458333 0.116071 0.406994
2 0.449358 0.696429 0.17048 0.538691
2 0.936384 0.613467 0.127232 0.689732
0 0.447824 0.677827 0.151228 0.293155
0 0.479353 0.675781 0.157366 0.508557
1 0.94029 0.47433 0.110491 0.301339
0 0.956194 0.655506 0.0876116 0.632441
