2 0.873884 0.441871 0.121652 0.320127
3 0.358538 0.468006 0.0323661 0.0982143
3 0.349888 0.446429 0.0301339 0.0744048
1 0.872768 0.439267 0.11942 0.308966
3 0.359933 0.470238 0.0412946 0.141369
0 0.375 0.674479 0.117188 0.619792
3 0.368025 0.482143 0.0491071 0.130208
3 0.873884 0.442057 0.122768 0.321243
3 0.371094 0.484003 0.0641741 0.283482
0 0.873326 0.44308 0.122768 0.31622
3 0.359654 0.511533 0.0373884 0.165923
3 0.373884 0.518601 0.0507812 0.178571
3 0.362723 0.447173 0.0440848 0.113095
3 0.353795 0.447545 0.0362723 0.11756
1 0.358538 0.468006 0.0323661 0.0982143
1 0.359933 0.470238 0.0412946 0.141369
1 0.375 0.674479 0.117188 0.619792
0 0.359654 0.682106 0.178013 0.623884
1 0.352679 0.448661 0.0256696 0.0751488
3 0.361049 0.513765 0.0479911 0.216518
1 0.371094 0.484003 0.0641741 0.283482
3 0.36077 0.55878 0.0418527 0.229911
3 0.353237 0.50372 0.0368304 0.108631
1 0.368025 0.482143 0.0491071 0.130208
3 0.373605 0.558408 0.0546875 0.234375
3 0.372489 0.510045 0.046317 0.104911
0 0.429548 0.654948 0.240234 0.684152
0 0.359933 0.470238 0.0412946 0.141369
1 0.353795 0.447545 0.0362723 0.11756
3 0.391462 0.526786 0.0675223 0.186012
1 0.359654 0.511533 0.0373884 0.165923
0 0.387835 0.573475 0.144531 0.594122
