1 0.910156 0.473121 0.172991 0.616257
0 0.902344 0.595238 0.170759 0.729167
1 0.364397 0.640067 0.102121 0.624628
0 0.350725 0.64881 0.132812 0.635417
0 0.910156 0.473307 0.172991 0.59654
2 0.910156 0.473307 0.172991 0.59654
3 0.363002 0.531994 0.0457589 0.150298
3 0.36942 0.539807 0.0597098 0.323661
0 0.362723 0.667969 0.0915179 0.571801
1 0.902344 0.595238 0.170759 0.729167
3 0.368583 0.50186 0.0412946 0.0684524
3 0.363281 0.594494 0.102121 0.565476
1 0.367746 0.577381 0.0664062 0.422619
1 0.345982 0.696243 0.139509 0.580729
3 0.362723 0.524926 0.046875 0.0974702
3 0.368304 0.505208 0.0401786 0.147321
2 0.364397 0.640067 0.102121 0.624628
3 0.360491 0.497768 0.0385045 0.0684524
3 0.361328 0.576637 0.0574777 0.233631
1 0.36356 0.531994 0.0591518 0.264137
3 0.360491 0.501488 0.0390625 0.131696
0 0.890346 0.667783 0.219308 0.655506
3 0.361328 0.582589 0.0725446 0.413691
0 0.320871 0.697917 0.185826 0.568452
0 0.367746 0.577381 0.0664062 0.422619
1 0.368025 0.572173 0.0535714 0.236607
3 0.910156 0.473307 0.172991 0.59654
3 0.361049 0.50186 0.0541295 0.252976
1 0.363002 0.531994 0.0457589 0.150298
0 0.36356 0.531994 0.0591518 0.264137
3 0.350725 0.64881 0.132812 0.635417
0 0.289272 0.680432 0.267439 0.627232
2 0.902344 0.595238 0.170759 0.729167
2 0.345982 0.696243 0.139509 0.580729
3 0.37221 0.563244 0.046875 0.0997024
1 0.319475 0.655134 0.226005 0.643601
2 0.367746 0.577381 0.0664062 0.422619
2 0.368025 0.572173 0.0535714 0.236607
3 0.902344 0.595238 0.170759 0.729167
