3 0.979353 0.578869 0.0379464 0.127976
0 0.550223 0.555525 0.339286 0.755022
1 0.554688 0.584356 0.31808 0.749442
0 0.396205 0.33631 0.450893 0.640625
0 0.289342 0.337798 0.509487 0.675595
2 0.979911 0.578125 0.0379464 0.12872
0 0.504464 0.52474 0.30692 0.635045
1 0.979911 0.578125 0.0379464 0.12872
1 0.553711 0.46875 0.285435 0.620536
0 0.526228 0.426246 0.359375 0.663877
1 0.396205 0.33631 0.450893 0.640625
0 0.979911 0.578125 0.0379464 0.12872
2 0.553013 0.585658 0.325893 0.749814
3 0.979074 0.585566 0.0418527 0.177083
3 0.553013 0.585658 0.325893 0.749814
1 0.504464 0.52474 0.30692 0.635045
0 0.574079 0.469587 0.271484 0.606957
1 0.598772 0.534784 0.267857 0.659598
2 0.977679 0.574405 0.0446428 0.197173
2 0.386021 0.338077 0.518136 0.661644
3 0.212891 0.575149 0.0290179 0.0922619
3 0.228795 0.568824 0.0396205 0.103423
3 0.386021 0.338077 0.518136 0.661644
1 0.977679 0.574405 0.0446428 0.197173
3 0.97433 0.558036 0.0390625 0.156994
0 0.499581 0.336403 0.438337 0.615885
0 0.541295 0.642857 0.270089 0.623512
0 0.487165 0.355283 0.256696 0.587798
1 0.521763 0.428664 0.40067 0.68285
3 0.212821 0.572173 0.0486886 0.153274
3 0.230748 0.565848 0.0641741 0.195685
0 0.418108 0.415644 0.270926 0.493118
3 0.986886 0.59003 0.0262277 0.145833
3 0.214286 0.532366 0.0351563 0.155506
