3 0.622768 0.450893 0.0401786 0.114583
3 0.635045 0.464286 0.0401786 0.0922619
3 0.739955 0.434524 0.0345983 0.15625
3 0.618862 0.46317 0.0334822 0.0997024
3 0.622768 0.46131 0.0569197 0.119792
3 0.741629 0.452381 0.0435268 0.141369
3 0.641741 0.450149 0.03125 0.0989584
3 0.722656 0.437872 0.0424107 0.127232
3 0.714844 0.465774 0.046875 0.113095
3 0.743304 0.457589 0.03125 0.12128
3 0.655692 0.448661 0.126116 0.25372
3 0.615513 0.443452 0.0290179 0.104911
3 0.641741 0.450893 0.046875 0.106399
3 0.738281 0.40811 0.0502232 0.244048
3 0.625 0.454892 0.149554 0.328311
3 0.723772 0.432199 0.0904018 0.3484
