3 0.407366 0.463542 0.0518973 0.119048
1 0.0374233 0.497117 0.0730329 0.621838
0 0.0347028 0.604539 0.0694057 0.712054
2 0.0347028 0.604539 0.0694057 0.712054
2 0.407087 0.461682 0.0491071 0.116815
1 0.408203 0.467262 0.0513393 0.124256
0 0.408203 0.467262 0.0513393 0.124256
1 0.0305873 0.625093 0.0611747 0.653088
0 0.0360631 0.438151 0.07101 0.55971
1 0.0311802 0.399554 0.0609654 0.494792
1 0.0458636 0.611514 0.0907506 0.7234
0 0.030971 0.684152 0.0555246 0.604911
2 0.0332031 0.473307 0.0655692 0.580171
3 0.0347028 0.604539 0.0694057 0.712054
1 0.0470843 0.42234 0.0841239 0.539249
0 0.0340402 0.341518 0.0644531 0.428571
3 0.404855 0.464286 0.0809152 0.145833
3 0.0382254 0.462147 0.0719866 0.575707
