2 0.398438 0.486607 0.0803571 0.216518
2 0.883371 0.456101 0.133929 0.364583
3 0.396763 0.482887 0.0742188 0.210566
1 0.881697 0.46131 0.13058 0.374256
0 0.404576 0.685082 0.107143 0.609003
1 0.398996 0.493304 0.0820312 0.218006
1 0.404576 0.685082 0.107143 0.609003
0 0.398996 0.493304 0.0820312 0.218006
0 0.883371 0.456101 0.133929 0.364583
3 0.881696 0.449405 0.127232 0.341518
2 0.401228 0.488467 0.0647321 0.157738
2 0.390346 0.493676 0.0864955 0.320685
3 0.386998 0.49814 0.0580357 0.151042
0 0.430246 0.699405 0.175223 0.580357
2 0.902902 0.452846 0.117188 0.469308
3 0.392578 0.538318 0.0641741 0.359375
2 0.399275 0.538877 0.0770089 0.365699
2 0.386998 0.49814 0.0580357 0.151042
0 0.361328 0.677455 0.155134 0.588542
3 0.390346 0.53311 0.0563616 0.235863
2 0.399275 0.656994 0.09375 0.59375
2 0.400949 0.532738 0.0697545 0.24256
3 0.390346 0.493676 0.0864955 0.320685
