3 0.978795 0.578125 0.0379465 0.126488
0 0.177595 0.539993 0.241908 0.649182
0 0.401786 0.334449 0.342634 0.607143
0 0.31236 0.351562 0.444475 0.694196
1 0.165527 0.554501 0.21582 0.620164
0 0.125837 0.540272 0.203683 0.572731
0 0.444336 0.352679 0.1649 0.563244
1 0.405971 0.334077 0.358817 0.611607
0 0.487584 0.332589 0.277065 0.618304
1 0.444336 0.352679 0.1649 0.563244
2 0.978795 0.577381 0.0379465 0.126488
0 0.238491 0.466425 0.32101 0.727865
1 0.978795 0.577381 0.0379465 0.126488
0 0.211217 0.586403 0.342634 0.687314
0 0.501116 0.331845 0.453125 0.65997
2 0.176862 0.539807 0.240025 0.656994
0 0.978795 0.577381 0.0379465 0.126488
1 0.208357 0.531064 0.32101 0.68192
1 0.186384 0.666295 0.270089 0.531994
0 0.165876 0.512742 0.1649 0.584635
3 0.978516 0.582961 0.0429688 0.177827
1 0.312919 0.350632 0.470145 0.700521
3 0.174491 0.571429 0.278251 0.715774
0 0.165946 0.649926 0.212751 0.539435
2 0.405971 0.334077 0.358817 0.611607
1 0.125837 0.540272 0.203683 0.572731
1 0.141113 0.655878 0.184291 0.572173
2 0.978516 0.582961 0.0429688 0.177827
3 0.973772 0.558036 0.0390625 0.159226
3 0.163749 0.550595 0.187012 0.601191
0 0.567522 0.349795 0.291295 0.623326
0 0.904576 0.346354 0.185268 0.630952
0 0.299456 0.612909 0.404436 0.571801
2 0.312919 0.350632 0.470145 0.700521
0 0.256975 0.533482 0.223772 0.599702
3 0.376116 0.332961 0.420759 0.639881
0 0.333705 0.364955 0.248884 0.596726
1 0.977121 0.572917 0.0446428 0.197173
1 0.904576 0.346354 0.185268 0.630952
0 0.420201 0.414156 0.136161 0.464844
1 0.487584 0.332589 0.277065 0.618304
1 0.210658 0.564639 0.22433 0.626674
1 0.420201 0.414156 0.136161 0.464844
0 0.381696 0.363095 0.209821 0.563988
2 0.141462 0.592634 0.228795 0.676339
0 0.218192 0.648996 0.192522 0.56808
0 0.0951451 0.492094 0.121094 0.527716
