1 0.575893 0.547805 0.109375 0.392485
3 0.978795 0.577381 0.0368303 0.126488
0 0.393834 0.338542 0.38644 0.619792
0 0.332031 0.333798 0.553571 0.665737
1 0.559291 0.519159 0.135882 0.497396
1 0.396694 0.336775 0.40639 0.628534
2 0.979353 0.577009 0.0379464 0.125744
0 0.440011 0.366443 0.179129 0.584821
0 0.575893 0.544643 0.110491 0.392857
0 0.556501 0.519438 0.138114 0.4641
1 0.979353 0.577009 0.0379464 0.125744
0 0.979353 0.577009 0.0379464 0.125744
2 0.575893 0.544643 0.110491 0.392857
0 0.502232 0.37872 0.27567 0.611607
3 0.978516 0.583333 0.0429688 0.179316
1 0.420619 0.365327 0.165458 0.556548
0 0.513393 0.38737 0.190848 0.56901
1 0.44894 0.404111 0.191406 0.547433
0 0.421038 0.415179 0.129464 0.463542
2 0.393834 0.338542 0.38644 0.619792
0 0.491908 0.326637 0.469308 0.653274
1 0.539062 0.534598 0.114955 0.436756
3 0.575893 0.544643 0.110491 0.392857
1 0.526228 0.507533 0.261161 0.486421
0 0.466099 0.417783 0.1649 0.523066
1 0.595564 0.547991 0.203962 0.40253
0 0.526228 0.507533 0.261161 0.486421
3 0.378139 0.336682 0.461356 0.645833
2 0.978516 0.583333 0.0429688 0.179316
3 0.973772 0.558036 0.0379464 0.153274
1 0.421038 0.415179 0.129464 0.463542
0 0.551339 0.401414 0.154018 0.537946
1 0.463588 0.46503 0.140904 0.443452
2 0.376604 0.331194 0.56822 0.657552
2 0.559291 0.519159 0.135882 0.497396
3 0.230259 0.564732 0.0411551 0.103423
1 0.439593 0.457124 0.131975 0.405692
3 0.212891 0.56808 0.0295759 0.0959821
3 0.213867 0.531994 0.0348772 0.15253
1 0.977679 0.573661 0.0446428 0.199405
0 0.439593 0.457124 0.131975 0.405692
1 0.421038 0.465774 0.101004 0.325893
0 0.556362 0.450521 0.111607 0.49628
1 0.907366 0.346633 0.176339 0.628162
