3 0.978795 0.577753 0.0368303 0.127232
0 0.399554 0.335845 0.322545 0.605097
1 0.309152 0.560082 0.162946 0.359003
0 0.33231 0.334821 0.536272 0.664435
0 0.320871 0.46968 0.253906 0.602307
0 0.313616 0.533668 0.191964 0.41183
0 0.445033 0.353423 0.163504 0.554316
1 0.403739 0.334821 0.339844 0.612351
2 0.978795 0.577753 0.0379465 0.126488
1 0.361607 0.508185 0.190848 0.348214
1 0.445033 0.353423 0.163504 0.554316
1 0.314174 0.527902 0.258371 0.424851
1 0.979353 0.577009 0.0379464 0.127976
0 0.484654 0.334077 0.255022 0.607887
0 0.42341 0.416202 0.188895 0.471168
1 0.328962 0.496559 0.176339 0.515811
1 0.42341 0.416202 0.188895 0.471168
0 0.979353 0.577009 0.0379464 0.127976
2 0.316127 0.536458 0.191964 0.428571
0 0.293248 0.563988 0.150112 0.327381
0 0.496652 0.330729 0.441964 0.65625
1 0.330636 0.333333 0.547433 0.666667
3 0.978795 0.584077 0.0424107 0.183036
0 0.419922 0.418899 0.126116 0.439732
1 0.323382 0.542411 0.132254 0.283482
1 0.320801 0.454985 0.311523 0.575149
0 0.352958 0.504836 0.190848 0.342262
1 0.2899 0.569941 0.117746 0.276786
2 0.403739 0.334821 0.339844 0.612351
3 0.218192 0.53683 0.0385045 0.180059
0 0.382812 0.370815 0.201451 0.55599
1 0.419922 0.418899 0.126116 0.439732
0 0.289342 0.584449 0.226563 0.448661
3 0.309152 0.560082 0.162946 0.359003
1 0.421875 0.467262 0.104911 0.320685
1 0.282366 0.584821 0.207031 0.459821
2 0.978795 0.584077 0.0424107 0.183036
2 0.320871 0.46968 0.253906 0.602307
2 0.330636 0.333333 0.547433 0.666667
3 0.225725 0.562872 0.0452009 0.15997
1 0.360212 0.522693 0.118862 0.298363
3 0.37772 0.335286 0.409738 0.644903
0 0.222307 0.533854 0.119001 0.399554
0 0.373326 0.433036 0.164621 0.473214
1 0.905134 0.348214 0.18192 0.622024
0 0.35519 0.506138 0.296317 0.386533
3 0.213239 0.564732 0.0339007 0.122024
3 0.973772 0.559152 0.0379464 0.155506
3 0.21303 0.56436 0.0555246 0.200149
2 0.361607 0.508185 0.190848 0.348214
0 0.410854 0.313244 0.205078 0.564732
2 0.42341 0.416202 0.188895 0.471168
0 0.905134 0.348214 0.18192 0.622024
1 0.977679 0.574405 0.0446428 0.197917
0 0.285993 0.491908 0.149554 0.520647
0 0.545201 0.333333 0.196429 0.569941
3 0.226493 0.562128 0.069336 0.220238
0 0.421875 0.467262 0.104911 0.320685
1 0.362165 0.524926 0.0842634 0.223958
1 0.464565 0.403646 0.131138 0.474702
1 0.484654 0.334077 0.255022 0.607887
0 0.263951 0.6875 0.390625 0.537202
3 0.218401 0.529762 0.0631975 0.272321
0 0.360212 0.522693 0.118862 0.298363
