0 0.852679 0.601376 0.231027 0.776414
1 0.844308 0.438058 0.197545 0.692336
3 0.979911 0.577753 0.0368303 0.124256
0 0.38623 0.333798 0.365932 0.613653
0 0.329102 0.331845 0.540458 0.65997
0 0.856585 0.442801 0.206473 0.672433
1 0.853795 0.601191 0.231027 0.775298
2 0.978795 0.577753 0.0345982 0.135417
1 0.389509 0.332217 0.38058 0.616816
0 0.442801 0.353795 0.170201 0.564732
1 0.979911 0.577753 0.0368303 0.124256
1 0.442801 0.353795 0.170201 0.564732
0 0.770089 0.669271 0.357143 0.661458
0 0.486468 0.337798 0.269252 0.608631
0 0.979911 0.577753 0.0368303 0.124256
1 0.328823 0.329985 0.549944 0.65997
2 0.853795 0.601191 0.231027 0.775298
3 0.228725 0.571429 0.039202 0.0974703
2 0.84375 0.436756 0.223214 0.696429
0 0.795759 0.612351 0.262277 0.730655
3 0.853795 0.601191 0.231027 0.775298
3 0.976562 0.59375 0.0334822 0.186756
0 0.895089 0.663691 0.155134 0.602679
3 0.213449 0.577009 0.0295759 0.0863096
2 0.370396 0.331938 0.424386 0.629278
3 0.84375 0.436756 0.223214 0.696429
3 0.23019 0.567708 0.0608259 0.146577
3 0.976004 0.591332 0.0479911 0.299479
3 0.370396 0.331938 0.424386 0.629278
3 0.976562 0.594866 0.0334822 0.104911
3 0.986886 0.59189 0.0262277 0.180804
3 0.222866 0.578869 0.0341797 0.0974702
3 0.213309 0.573289 0.0454799 0.126488
1 0.910714 0.366164 0.178571 0.624814
2 0.979632 0.574777 0.0407366 0.270089
0 0.499442 0.332589 0.469866 0.665179
0 0.417411 0.412574 0.146205 0.469494
0 0.976004 0.591332 0.0479911 0.299479
0 0.336217 0.360212 0.255022 0.583147
0 0.895647 0.434989 0.177455 0.653832
3 0.212821 0.537202 0.0352957 0.145833
3 0.226004 0.536458 0.046317 0.15625
1 0.94029 0.35519 0.11942 0.630394
1 0.770089 0.669271 0.357143 0.661458
1 0.979632 0.574777 0.0407366 0.270089
