3 0.978795 0.578497 0.0368303 0.125744
1 0.434012 0.552269 0.163225 0.449033
0 0.38058 0.375186 0.393973 0.642485
0 0.321917 0.338914 0.564872 0.677827
0 0.418945 0.514323 0.202288 0.557664
0 0.431362 0.547619 0.157366 0.44494
1 0.418945 0.514323 0.202288 0.557664
2 0.431083 0.547619 0.157924 0.449405
0 0.401228 0.500744 0.313616 0.580357
2 0.979353 0.577753 0.0379464 0.126488
1 0.979353 0.577753 0.0379464 0.126488
1 0.401228 0.500744 0.313616 0.580357
2 0.418945 0.514323 0.202288 0.557664
1 0.464704 0.482794 0.131975 0.494234
0 0.979353 0.577753 0.0379464 0.126488
1 0.403181 0.56064 0.130022 0.438244
0 0.44615 0.453218 0.148996 0.532552
0 0.417969 0.397972 0.157366 0.549293
3 0.978516 0.586682 0.0429688 0.175595
0 0.491629 0.365048 0.284598 0.647879
1 0.466239 0.479539 0.111049 0.282738
1 0.44308 0.49814 0.143973 0.295387
3 0.431362 0.547619 0.157366 0.44494
0 0.445312 0.456101 0.120536 0.249256
2 0.977121 0.575149 0.0446428 0.190476
1 0.438198 0.565476 0.145926 0.296131
0 0.502232 0.338356 0.492188 0.676711
0 0.446987 0.354911 0.208705 0.598958
1 0.36921 0.377325 0.484794 0.691778
0 0.459821 0.523531 0.145089 0.44401
0 0.482561 0.429036 0.171038 0.539249
0 0.420759 0.454055 0.123884 0.487723
0 0.262277 0.716518 0.421875 0.549107
2 0.459821 0.523531 0.145089 0.44401
0 0.375558 0.391741 0.168527 0.555059
0 0.469866 0.447173 0.0881697 0.263393
1 0.977121 0.575149 0.0446428 0.190476
0 0.316267 0.422712 0.425502 0.687314
2 0.401228 0.500744 0.313616 0.580357
3 0.973214 0.559152 0.0390625 0.153274
2 0.466239 0.479539 0.111049 0.282738
1 0.909598 0.347935 0.172991 0.62407
0 0.334263 0.477214 0.189174 0.539621
1 0.482561 0.429036 0.171038 0.539249
2 0.38058 0.375186 0.393973 0.642485
0 0.400112 0.535435 0.147879 0.476749
1 0.4375 0.389974 0.316964 0.647135
3 0.210519 0.566964 0.030971 0.0952381
0 0.466239 0.479539 0.111049 0.282738
2 0.445312 0.456101 0.120536 0.249256
2 0.469866 0.447173 0.0881697 0.263393
1 0.417969 0.397972 0.157366 0.549293
