1 0.231864 0.529948 0.144531 0.502604
3 0.978795 0.576265 0.0379465 0.130952
0 0.398158 0.334821 0.354353 0.614583
0 0.335798 0.334821 0.515904 0.669643
0 0.243304 0.50279 0.184152 0.545015
0 0.442243 0.353423 0.174665 0.573661
2 0.978795 0.575893 0.0379465 0.12872
1 0.401507 0.333426 0.373326 0.621838
2 0.231097 0.529576 0.143834 0.473586
1 0.979353 0.575149 0.0390625 0.130952
0 0.48577 0.33631 0.281808 0.622024
0 0.288714 0.381696 0.362305 0.714286
1 0.442243 0.353423 0.174665 0.573661
1 0.26137 0.485212 0.255162 0.578683
0 0.979353 0.575149 0.0390625 0.130952
0 0.498047 0.332589 0.462612 0.665179
3 0.978516 0.581101 0.0429688 0.184524
0 0.308664 0.418248 0.252093 0.595052
1 0.32952 0.351935 0.453683 0.703869
0 0.224261 0.529948 0.12514 0.457961
2 0.977121 0.570685 0.0446428 0.194196
3 0.974888 0.55692 0.0368303 0.15253
1 0.910156 0.348958 0.174107 0.62128
3 0.232701 0.529297 0.143973 0.494978
2 0.398158 0.334821 0.354353 0.614583
0 0.910156 0.348958 0.174107 0.62128
1 0.231236 0.530134 0.131278 0.300595
1 0.308664 0.418248 0.252093 0.595052
2 0.334961 0.333891 0.535435 0.667783
0 0.419085 0.412202 0.147321 0.478423
0 0.290179 0.482143 0.167969 0.483631
0 0.238839 0.353144 0.207589 0.591332
3 0.377999 0.333798 0.430385 0.638951
1 0.977121 0.570685 0.0446428 0.194196
0 0.544085 0.335938 0.212054 0.578125
0 0.579799 0.35705 0.389509 0.665365
1 0.28683 0.518043 0.155134 0.487723
0 0.409598 0.315848 0.206473 0.570685
1 0.419085 0.412202 0.147321 0.478423
