3 0.622768 0.453869 0.0412947 0.113095
3 0.633371 0.465402 0.0290178 0.0877976
3 0.641741 0.455729 0.0256697 0.0974703
3 0.772321 0.462798 0.0290179 0.124256
3 0.758929 0.466146 0.0357143 0.107887
3 0.616071 0.446057 0.030134 0.108631
3 0.621652 0.457217 0.112723 0.293899
3 0.772321 0.464658 0.0424107 0.203869
3 0.779018 0.470982 0.0290178 0.140625
3 0.755022 0.44122 0.0368303 0.135417
1 0.620536 0.453869 0.046875 0.12128
3 0.758371 0.46689 0.0502232 0.182292
0 0.620536 0.453869 0.046875 0.12128
3 0.614955 0.445312 0.0569197 0.131696
0 0.633371 0.463914 0.0345982 0.0959821
1 0.633371 0.463914 0.0345982 0.0959821
