0 0.136893 0.603609 0.260812 0.780878
3 0.979353 0.580357 0.0379464 0.125744
0 0.275879 0.359189 0.515206 0.701265
0 0.382882 0.333333 0.378209 0.616071
0 0.130266 0.349423 0.251186 0.671689
0 0.174386 0.544085 0.348772 0.813616
0 0.443499 0.352307 0.168806 0.567708
1 0.385603 0.331845 0.398438 0.619792
1 0.137626 0.605097 0.268276 0.777902
2 0.979353 0.579985 0.0390625 0.127232
0 0.217285 0.623512 0.371233 0.672619
3 0.978516 0.58817 0.0429688 0.16369
1 0.979353 0.579985 0.0379464 0.122024
1 0.443499 0.352307 0.168806 0.567708
1 0.271694 0.358259 0.513532 0.707589
0 0.482701 0.335565 0.254464 0.613839
0 0.979353 0.579985 0.0390625 0.127232
1 0.130266 0.349423 0.251186 0.671689
2 0.137626 0.605097 0.268276 0.777902
3 0.137626 0.605097 0.268276 0.777902
2 0.382882 0.333333 0.378209 0.616071
2 0.271694 0.358259 0.513532 0.707589
1 0.977121 0.577753 0.0446428 0.189732
0 0.489258 0.331473 0.418806 0.662946
2 0.977121 0.577753 0.0446428 0.189732
3 0.271694 0.358259 0.513532 0.707589
3 0.361258 0.33138 0.448242 0.636347
0 0.0887626 0.607236 0.177386 0.75279
0 0.417969 0.413969 0.141183 0.46224
1 0.905134 0.346633 0.183036 0.62965
3 0.986328 0.591146 0.0273438 0.18378
0 0.544782 0.334449 0.193917 0.56622
3 0.973214 0.559524 0.0401786 0.154762
0 0.410575 0.315383 0.206752 0.568638
