1 0.935826 0.441499 0.123884 0.405692
2 0.936942 0.442615 0.123884 0.415365
1 0.366629 0.631975 0.0954241 0.646763
0 0.366629 0.631975 0.0954241 0.646763
3 0.364118 0.527902 0.0390625 0.142857
0 0.9375 0.438523 0.118304 0.396763
0 0.350725 0.693452 0.12779 0.583333
3 0.364397 0.526786 0.0541295 0.271577
3 0.368025 0.501116 0.0368304 0.0654762
3 0.363281 0.521949 0.0418527 0.0900297
1 0.367746 0.619792 0.0691964 0.508929
3 0.368862 0.568452 0.0485491 0.230655
3 0.363839 0.585938 0.101562 0.594494
3 0.367467 0.50372 0.0351562 0.141369
3 0.368583 0.573103 0.063058 0.44308
3 0.359654 0.495536 0.0329241 0.0639881
1 0.350725 0.693452 0.12779 0.583333
2 0.366629 0.631975 0.0954241 0.646763
1 0.93471 0.611793 0.121652 0.582961
3 0.93471 0.43936 0.117188 0.394345
3 0.359933 0.498884 0.0334821 0.126488
1 0.364397 0.526786 0.0541295 0.271577
0 0.924665 0.610119 0.143973 0.60119
1 0.364118 0.527902 0.0390625 0.142857
1 0.368862 0.568452 0.0485491 0.230655
0 0.367746 0.619792 0.0691964 0.508929
1 0.955915 0.45266 0.0803571 0.426525
0 0.364397 0.526786 0.0541295 0.271577
3 0.371652 0.559896 0.0457589 0.0944941
1 0.383371 0.666481 0.0892857 0.562872
0 0.320871 0.645182 0.229911 0.672433
