1 0.0507115 0.563244 0.100307 0.456845
3 0.978237 0.577753 0.0379464 0.126488
0 0.31829 0.333705 0.550921 0.662202
0 0.394531 0.332961 0.34933 0.607143
0 0.0527344 0.562128 0.101842 0.447173
1 0.399135 0.331752 0.366908 0.610305
0 0.443499 0.352679 0.168806 0.563244
2 0.978795 0.576637 0.0390625 0.126488
2 0.0513742 0.552827 0.0992606 0.453869
0 0.487444 0.332217 0.276228 0.615327
1 0.443499 0.352679 0.168806 0.563244
3 0.978237 0.582589 0.0435267 0.164435
1 0.978795 0.577753 0.0379465 0.119792
0 0.5 0.330357 0.455357 0.660714
0 0.978795 0.576637 0.0390625 0.126488
1 0.307478 0.335193 0.496652 0.670387
2 0.976562 0.573289 0.0435267 0.185268
1 0.0515486 0.571057 0.0933315 0.307292
2 0.394531 0.332961 0.34933 0.607143
0 0.0641044 0.508929 0.123744 0.563988
1 0.976562 0.573289 0.0435267 0.185268
3 0.0527344 0.562128 0.101842 0.447173
3 0.973214 0.55878 0.0390625 0.14881
1 0.906808 0.350818 0.176339 0.623512
2 0.318359 0.331473 0.563058 0.662946
3 0.318359 0.331473 0.563058 0.662946
0 0.906808 0.350818 0.176339 0.623512
0 0.56808 0.350818 0.280134 0.613095
3 0.232143 0.566964 0.0412946 0.10119
0 0.420201 0.412202 0.142857 0.468006
1 0.0641044 0.508929 0.123744 0.563988
1 0.0574428 0.664062 0.0954939 0.384673
0 0.411412 0.313988 0.206194 0.571429
3 0.394531 0.332961 0.34933 0.607143
1 0.420201 0.412202 0.142857 0.468006
0 0.976562 0.573289 0.0435267 0.185268
1 0.487444 0.332217 0.276228 0.615327
3 0.233817 0.563988 0.0753348 0.188244
0 0.188058 0.516462 0.166295 0.450707
