0 0.413504 0.618862 0.133929 0.72061
1 0.412388 0.532645 0.121652 0.537388
2 0.411272 0.568638 0.119978 0.618676
0 0.418806 0.498698 0.131696 0.538319
0 0.397879 0.625651 0.207589 0.7234
3 0.412109 0.502511 0.11942 0.466704
2 0.412667 0.486979 0.109933 0.305804
1 0.413225 0.655134 0.12779 0.65253
0 0.429967 0.688616 0.123326 0.595982
0 0.339565 0.628627 0.296875 0.739769
1 0.412667 0.486979 0.109933 0.305804
0 0.540179 0.446057 0.319196 0.673363
3 0.413504 0.618862 0.133929 0.72061
1 0.416853 0.43936 0.140625 0.458333
0 0.39202 0.686012 0.160714 0.610119
