1 0.544643 0.546503 0.232143 0.729911
3 0.978795 0.578125 0.0379465 0.126488
0 0.319754 0.331845 0.537946 0.662202
1 0.510603 0.521856 0.208705 0.631882
0 0.535714 0.528088 0.239955 0.678944
0 0.37772 0.348958 0.338309 0.593006
2 0.978795 0.578125 0.0379465 0.126488
1 0.979353 0.578125 0.0368304 0.12128
1 0.570871 0.632254 0.242188 0.601562
2 0.535714 0.528088 0.239955 0.678944
0 0.979353 0.577381 0.0390625 0.127232
3 0.978795 0.584449 0.0424107 0.174851
1 0.37772 0.348958 0.338309 0.593006
0 0.438477 0.392206 0.140904 0.545945
0 0.408343 0.337426 0.194475 0.563988
0 0.445173 0.400019 0.242467 0.564546
0 0.413225 0.437407 0.122768 0.446615
0 0.487444 0.493862 0.210379 0.616443
3 0.535714 0.528088 0.239955 0.678944
1 0.40625 0.473586 0.0864955 0.35119
1 0.319615 0.330357 0.552734 0.660714
1 0.413225 0.437407 0.122768 0.446615
1 0.541155 0.469773 0.186663 0.602121
2 0.977121 0.574777 0.0446428 0.189732
1 0.415179 0.379743 0.151228 0.520275
1 0.502372 0.4867 0.296596 0.663504
1 0.445173 0.400019 0.242467 0.564546
1 0.432757 0.442429 0.136719 0.546689
0 0.452567 0.403646 0.345982 0.610863
0 0.40625 0.473586 0.0864955 0.35119
1 0.41183 0.489583 0.154018 0.359375
3 0.973214 0.55878 0.0390625 0.155506
1 0.977121 0.574777 0.0446428 0.189732
2 0.319615 0.330357 0.552734 0.660714
1 0.488281 0.453125 0.188616 0.59375
0 0.478376 0.357143 0.167132 0.480655
1 0.405971 0.486979 0.0697545 0.266369
1 0.430525 0.515532 0.0920759 0.512091
3 0.319615 0.330357 0.552734 0.660714
3 0.212612 0.572173 0.0290179 0.0952381
1 0.90625 0.350167 0.179688 0.625558
3 0.23019 0.567336 0.0390625 0.101935
2 0.37772 0.348958 0.338309 0.593006
0 0.273019 0.730655 0.471819 0.529762
0 0.555246 0.627418 0.246652 0.617188
