3 0.609375 0.443452 0.0680804 0.196429
3 0.598772 0.4375 0.101562 0.216518
2 0.613839 0.438988 0.0736607 0.228423
3 0.577009 0.465774 0.131696 0.254464
3 0.522879 0.491816 0.100446 0.120536
3 0.612723 0.440104 0.0881696 0.255208
1 0.609375 0.443452 0.0691964 0.195685
3 0.524554 0.491443 0.131696 0.171131
0 0.613839 0.438988 0.0736607 0.228423
1 0.598772 0.4375 0.101562 0.216518
3 0.614397 0.446801 0.0558036 0.149554
1 0.570871 0.460566 0.15625 0.256696
3 0.573103 0.449033 0.108259 0.185268
0 0.517857 0.706101 0.127232 0.546131
1 0.612723 0.440104 0.0881696 0.255208
3 0.516741 0.490327 0.0580358 0.106399
3 0.555106 0.471726 0.135324 0.186756
1 0.517857 0.706101 0.127232 0.546131
0 0.570871 0.460566 0.15625 0.256696
3 0.628348 0.43006 0.046875 0.178571
2 0.601004 0.448289 0.0747768 0.18378
1 0.524554 0.491443 0.131696 0.171131
2 0.570871 0.460566 0.15625 0.256696
3 0.507952 0.514881 0.077846 0.129464
0 0.601004 0.448289 0.0747768 0.18378
