2 0.386161 0.468006 0.0864955 0.244792
3 0.38644 0.460566 0.0842634 0.232143
0 0.387556 0.479911 0.0909598 0.290179
1 0.387556 0.479911 0.0909598 0.290179
3 0.84375 0.443452 0.0792411 0.263393
3 0.842076 0.453776 0.103795 0.369234
0 0.404018 0.671875 0.138951 0.629464
1 0.404018 0.671875 0.138951 0.629464
3 0.372489 0.46689 0.0647321 0.21875
1 0.842634 0.459914 0.116071 0.449219
1 0.84375 0.440476 0.0970983 0.334077
2 0.842076 0.453776 0.103795 0.369234
2 0.383092 0.445778 0.116071 0.30785
2 0.842076 0.451637 0.0837053 0.256696
2 0.393694 0.473958 0.063058 0.154018
0 0.360212 0.667039 0.152344 0.616815
0 0.402065 0.676711 0.265067 0.646577
2 0.372489 0.46689 0.0647321 0.21875
0 0.384487 0.632254 0.0965402 0.598586
3 0.393694 0.473958 0.063058 0.154018
2 0.845982 0.457682 0.123884 0.480469
0 0.84375 0.430804 0.129464 0.4375
1 0.84375 0.443452 0.0792411 0.263393
0 0.544085 0.445685 0.361607 0.657738
0 0.84375 0.440476 0.0970983 0.334077
