3 0.356585 0.520833 0.0301339 0.0744047
3 0.364397 0.516741 0.0351562 0.0721726
3 0.365792 0.499628 0.0295759 0.0625
3 0.354353 0.500744 0.0245536 0.0632441
3 0.369141 0.498884 0.0284598 0.0818453
0 0.558036 0.755208 0.198661 0.39881
3 0.360212 0.521949 0.0345982 0.0930059
3 0.364676 0.520833 0.0440848 0.142113
1 0.573103 0.760417 0.154018 0.372024
3 0.368025 0.548735 0.0329241 0.0997024
3 0.357143 0.544271 0.0279018 0.0974702
3 0.365513 0.544271 0.0368304 0.0684524
3 0.353795 0.540179 0.03125 0.0729167
1 0.359933 0.522321 0.0245536 0.0677083
3 0.371094 0.497768 0.0513393 0.18378
0 0.575893 0.736607 0.147321 0.33631
1 0.578683 0.727493 0.126116 0.265253
1 0.360212 0.521949 0.0345982 0.0930059
1 0.364676 0.520833 0.0301339 0.0751488
3 0.332031 0.522321 0.0239955 0.0751488
3 0.356027 0.5 0.0368304 0.119048
