3 0.979911 0.578125 0.0379464 0.130208
1 0.167027 0.577195 0.203892 0.661086
0 0.399554 0.333984 0.344866 0.610305
0 0.317662 0.344959 0.433873 0.682106
0 0.167759 0.577381 0.202427 0.64881
1 0.40332 0.333333 0.36077 0.613839
0 0.44308 0.353423 0.166295 0.564732
2 0.979911 0.577381 0.0368303 0.127232
1 0.44308 0.353423 0.166295 0.564732
0 0.486189 0.334821 0.273158 0.618304
0 0.211705 0.557385 0.304269 0.662016
1 0.979911 0.577381 0.0368303 0.127232
1 0.211705 0.557385 0.304269 0.662016
0 0.979911 0.577381 0.0368303 0.127232
1 0.323382 0.345238 0.455915 0.684524
0 0.499581 0.332589 0.456194 0.65997
1 0.145124 0.656436 0.219796 0.627604
2 0.167759 0.577381 0.202427 0.64881
0 0.189314 0.663691 0.32115 0.647321
3 0.979074 0.585566 0.0418527 0.195685
2 0.40332 0.333333 0.36077 0.613839
3 0.171073 0.586031 0.271136 0.740141
0 0.217076 0.549479 0.206473 0.616816
1 0.214286 0.573661 0.198661 0.622024
0 0.137312 0.525019 0.185756 0.610677
0 0.334821 0.363095 0.252232 0.601191
0 0.38365 0.36077 0.213728 0.565662
2 0.323382 0.345238 0.455915 0.684524
3 0.377651 0.332496 0.418806 0.640067
3 0.97433 0.558036 0.0379464 0.159226
0 0.257533 0.541667 0.18471 0.574405
0 0.419643 0.413318 0.135045 0.462798
1 0.419643 0.413318 0.135045 0.462798
0 0.248396 0.477121 0.266602 0.638021
0 0.54534 0.334449 0.208426 0.577381
3 0.161203 0.555525 0.179827 0.606213
0 0.580357 0.354818 0.382813 0.665365
0 0.273438 0.376488 0.228795 0.587798
1 0.90904 0.348679 0.168527 0.62407
2 0.977958 0.574033 0.0440848 0.208333
1 0.186175 0.516741 0.160017 0.563244
3 0.986607 0.590588 0.0267857 0.202753
1 0.486189 0.334821 0.273158 0.618304
1 0.977958 0.574033 0.0440848 0.208333
0 0.302037 0.616816 0.407087 0.558036
