3 0.978795 0.578869 0.0379465 0.125
1 0.477121 0.579613 0.19308 0.708333
0 0.478237 0.584914 0.256696 0.731957
0 0.311314 0.334821 0.53697 0.669643
1 0.484933 0.590588 0.293527 0.741444
0 0.476283 0.553757 0.179129 0.636533
0 0.362514 0.364583 0.32966 0.619048
2 0.979353 0.578869 0.0379464 0.124256
1 0.979353 0.578869 0.0379464 0.124256
0 0.459263 0.658668 0.345982 0.635045
0 0.979353 0.578869 0.0379464 0.124256
3 0.978795 0.585938 0.0424107 0.173363
1 0.430106 0.553664 0.185547 0.560826
0 0.325265 0.727679 0.507952 0.525298
0 0.40904 0.389416 0.157366 0.526228
2 0.476005 0.588077 0.272321 0.742001
1 0.31243 0.334077 0.555943 0.668155
1 0.45466 0.448568 0.162109 0.491257
1 0.434152 0.546782 0.310268 0.604353
3 0.476005 0.588077 0.272321 0.742001
1 0.516323 0.66183 0.400391 0.631696
1 0.402065 0.541667 0.12221 0.526786
2 0.976562 0.575149 0.0446428 0.196429
0 0.432757 0.550781 0.204799 0.526414
3 0.973214 0.557664 0.0390625 0.15625
0 0.434152 0.546782 0.310268 0.604353
2 0.476283 0.553757 0.179129 0.636533
1 0.403739 0.442708 0.147321 0.485863
0 0.451869 0.419736 0.220145 0.537016
1 0.976562 0.575149 0.0446428 0.196429
3 0.214565 0.532366 0.0351562 0.15253
3 0.986328 0.591146 0.0273438 0.18378
3 0.229004 0.562128 0.0408761 0.106399
1 0.908482 0.347935 0.174107 0.62407
2 0.31243 0.334077 0.555943 0.668155
0 0.405134 0.30599 0.191964 0.497396
3 0.224679 0.532738 0.0461775 0.15625
3 0.213518 0.567708 0.0316685 0.101935
0 0.908482 0.347935 0.174107 0.62407
3 0.476283 0.553757 0.179129 0.636533
1 0.365932 0.363839 0.330636 0.622024
3 0.31243 0.334077 0.555943 0.668155
0 0.449916 0.399833 0.151507 0.497954
