0 0.391741 0.332589 0.354911 0.611607
1 0.970424 0.549665 0.0591517 0.668527
0 0.330776 0.33324 0.534877 0.6609
0 0.969029 0.580729 0.0619419 0.655506
1 0.396205 0.331101 0.370536 0.613839
0 0.44322 0.352679 0.167132 0.559524
1 0.958984 0.423735 0.0820312 0.694196
1 0.44322 0.352679 0.167132 0.559524
2 0.969029 0.580729 0.0619419 0.655506
0 0.953125 0.540737 0.0926339 0.716146
0 0.483817 0.33324 0.261161 0.610305
1 0.953125 0.540737 0.0926339 0.716146
0 0.958984 0.423735 0.0820312 0.694196
1 0.965402 0.638207 0.0613839 0.601562
1 0.321359 0.335938 0.476702 0.671875
0 0.495257 0.331008 0.445871 0.654948
0 0.972098 0.476377 0.0558036 0.59189
1 0.908482 0.355376 0.171875 0.630022
0 0.936942 0.468564 0.122768 0.735491
3 0.212612 0.575893 0.0267857 0.0840774
2 0.396205 0.331101 0.370536 0.613839
1 0.97154 0.40904 0.0569196 0.601562
2 0.953125 0.606864 0.09375 0.689546
3 0.227679 0.569569 0.0379464 0.0959822
0 0.908482 0.355376 0.171875 0.630022
3 0.373884 0.331008 0.416295 0.62965
2 0.329939 0.331101 0.54548 0.662202
3 0.212542 0.572545 0.0436663 0.139881
3 0.969029 0.580729 0.0619419 0.655506
1 0.936942 0.468564 0.122768 0.735491
0 0.417411 0.414062 0.138393 0.456845
3 0.229701 0.566592 0.0623605 0.186756
0 0.334612 0.36077 0.248186 0.583519
0 0.544085 0.333705 0.19308 0.572173
0 0.726004 0.716518 0.484375 0.550595
0 0.379464 0.361235 0.21596 0.557292
1 0.417411 0.414062 0.138393 0.456845
2 0.973214 0.459728 0.0535714 0.602865
3 0.22147 0.577009 0.0313895 0.0922619
3 0.21303 0.53497 0.0320871 0.145833
0 0.409877 0.314732 0.207031 0.568452
1 0.483817 0.33324 0.261161 0.610305
