3 0.65625 0.452009 0.0803571 0.139137
3 0.642857 0.462054 0.078125 0.110119
3 0.651228 0.450521 0.121652 0.218006
3 0.631138 0.447173 0.0580357 0.108631
3 0.660714 0.40439 0.0479911 0.119792
0 0.650112 0.449405 0.131696 0.208333
3 0.615513 0.46131 0.0301339 0.0959821
3 0.674107 0.462426 0.0513393 0.111607
1 0.650112 0.449405 0.131696 0.208333
3 0.666295 0.356027 0.0267857 0.0438988
3 0.616629 0.462054 0.077009 0.146577
1 0.654576 0.458705 0.0948661 0.147321
0 0.655692 0.451637 0.0881696 0.14881
3 0.664621 0.360026 0.0368303 0.117746
3 0.654018 0.433036 0.145089 0.292411
3 0.612165 0.443452 0.032366 0.0877976
