1 0.773438 0.552827 0.0959821 0.352679
3 0.978795 0.579241 0.0379465 0.12872
2 0.773996 0.552827 0.09375 0.346726
0 0.392439 0.332961 0.360212 0.611607
0 0.332799 0.331473 0.540876 0.662946
1 0.395508 0.331845 0.374163 0.616816
2 0.978795 0.578869 0.0390625 0.127232
0 0.443359 0.354911 0.172433 0.5625
1 0.979353 0.578497 0.0390625 0.12872
3 0.977121 0.575149 0.0435267 0.186756
0 0.979353 0.578497 0.0390625 0.12872
0 0.773996 0.553385 0.09375 0.353051
1 0.443359 0.354911 0.172433 0.5625
0 0.482003 0.339286 0.248047 0.608631
1 0.332799 0.331473 0.540876 0.662946
3 0.773996 0.552827 0.09375 0.346726
2 0.977121 0.575149 0.0435267 0.186756
1 0.977121 0.575149 0.0435267 0.186756
2 0.37486 0.331752 0.424386 0.634115
3 0.229632 0.570685 0.0407366 0.100446
3 0.37486 0.331752 0.424386 0.634115
3 0.214286 0.574033 0.030692 0.0952381
0 0.407645 0.3125 0.199219 0.561756
0 0.488281 0.331845 0.433036 0.663691
3 0.231585 0.56808 0.0625 0.170387
3 0.214565 0.536086 0.0351562 0.154018
0 0.416295 0.414435 0.154018 0.467262
3 0.986049 0.59003 0.0279017 0.18006
0 0.336217 0.36077 0.255022 0.583519
3 0.22719 0.53497 0.0489676 0.162946
3 0.214565 0.571429 0.047433 0.142113
0 0.977121 0.575149 0.0435267 0.186756
3 0.223493 0.578869 0.0323661 0.09375
0 0.876674 0.309152 0.227679 0.618304
