0 0.517857 0.705171 0.11942 0.565848
1 0.517857 0.705171 0.11942 0.565848
3 0.512835 0.501488 0.0669642 0.124256
3 0.532924 0.528274 0.0424107 0.09375
3 0.539621 0.527902 0.0357143 0.0766369
3 0.518834 0.523438 0.0650112 0.137649
3 0.513393 0.5 0.0959822 0.271577
3 0.545759 0.550595 0.0279018 0.0461309
1 0.513393 0.5 0.0959822 0.271577
3 0.535714 0.554688 0.0401786 0.118304
3 0.531808 0.526786 0.0636161 0.199405
1 0.512835 0.501488 0.0669642 0.124256
3 0.527902 0.520089 0.0558036 0.104167
3 0.504604 0.519345 0.0678013 0.154762
0 0.513393 0.5 0.0959822 0.271577
0 0.506696 0.575893 0.158482 0.465774
