3 0.978795 0.578125 0.0379465 0.130952
1 0.371652 0.529948 0.200893 0.719866
0 0.391602 0.339286 0.473493 0.672619
0 0.384487 0.500279 0.214844 0.736049
0 0.389927 0.380952 0.322824 0.706845
0 0.460798 0.421875 0.166574 0.622024
0 0.407087 0.377883 0.201451 0.625186
2 0.979353 0.577009 0.0390625 0.131696
0 0.291922 0.333333 0.440709 0.666667
0 0.438756 0.499442 0.193917 0.608259
1 0.979353 0.577009 0.0390625 0.131696
0 0.345703 0.568824 0.263393 0.718006
0 0.421596 0.51144 0.299665 0.637835
1 0.438756 0.499442 0.193917 0.608259
1 0.347656 0.640067 0.186384 0.562128
0 0.979353 0.577009 0.0390625 0.131696
0 0.480329 0.353795 0.244699 0.625744
3 0.978516 0.582961 0.0429688 0.172619
2 0.371652 0.529948 0.200893 0.719866
0 0.270717 0.697173 0.390485 0.565476
0 0.357143 0.450707 0.162946 0.592634
1 0.421596 0.51144 0.299665 0.637835
0 0.473075 0.418434 0.106306 0.553013
1 0.390346 0.337426 0.49721 0.674851
2 0.977121 0.573661 0.0435267 0.19494
1 0.394043 0.385138 0.360352 0.723772
1 0.321429 0.553478 0.165737 0.611793
3 0.377232 0.528739 0.233259 0.716332
0 0.275112 0.524647 0.223214 0.531064
3 0.97433 0.557664 0.0379464 0.158482
1 0.327567 0.668155 0.324219 0.556548
0 0.349609 0.347842 0.217634 0.59003
0 0.282924 0.598772 0.276786 0.567336
1 0.460798 0.421875 0.166574 0.622024
0 0.494978 0.334449 0.467634 0.668899
1 0.977121 0.573661 0.0435267 0.19494
1 0.357143 0.450707 0.162946 0.592634
2 0.390346 0.337426 0.49721 0.674851
1 0.880022 0.348307 0.217634 0.629278
1 0.405134 0.34375 0.239955 0.630952
3 0.390346 0.337426 0.49721 0.674851
0 0.267578 0.342262 0.226004 0.594494
0 0.439314 0.609561 0.371373 0.670759
2 0.394043 0.385138 0.360352 0.723772
0 0.880022 0.348307 0.217634 0.629278
0 0.321429 0.553478 0.165737 0.611793
3 0.229841 0.564732 0.0503627 0.130208
