1 0.760045 0.550967 0.0970982 0.365327
3 0.978795 0.578869 0.0379465 0.12872
0 0.395089 0.33324 0.352679 0.610305
0 0.322614 0.332217 0.545619 0.663691
2 0.758371 0.550223 0.0959821 0.368304
0 0.443638 0.353795 0.165179 0.560268
1 0.399554 0.331845 0.36942 0.613839
2 0.979353 0.578497 0.0390625 0.12872
1 0.979353 0.578497 0.0390625 0.12872
0 0.759487 0.550409 0.0948661 0.36942
3 0.978516 0.584077 0.0429688 0.177083
1 0.443638 0.353795 0.165179 0.560268
0 0.979353 0.578497 0.0390625 0.12872
0 0.482003 0.33631 0.250279 0.606399
1 0.322754 0.331101 0.555385 0.662202
3 0.757812 0.549851 0.0915178 0.361607
3 0.228446 0.570312 0.038644 0.0989583
3 0.213239 0.577753 0.0277623 0.0863096
2 0.395089 0.33324 0.352679 0.610305
1 0.977121 0.575149 0.0435267 0.193452
2 0.977121 0.575149 0.0435267 0.193452
0 0.489955 0.331101 0.436384 0.662202
3 0.230469 0.567336 0.0580357 0.161458
2 0.322754 0.331101 0.555385 0.662202
3 0.374302 0.332217 0.421038 0.631696
3 0.97433 0.557664 0.0379464 0.159226
3 0.213379 0.574033 0.0414341 0.125744
3 0.986049 0.591146 0.0279017 0.176339
0 0.875558 0.34747 0.231027 0.636905
3 0.214565 0.536458 0.0334821 0.147321
0 0.409877 0.31436 0.201451 0.564732
3 0.222098 0.579241 0.03125 0.0915178
0 0.417969 0.412574 0.143973 0.467262
3 0.226284 0.534226 0.0457589 0.157738
0 0.336496 0.361514 0.248884 0.579055
