3 0.75 0.438988 0.0892857 0.206845
2 0.751116 0.440104 0.0904018 0.210565
1 0.513253 0.691964 0.111886 0.5625
0 0.515765 0.706101 0.123605 0.568452
1 0.75 0.438988 0.0915179 0.206101
0 0.751116 0.440104 0.0904018 0.210565
3 0.515765 0.50744 0.1024 0.228423
1 0.513951 0.565848 0.109375 0.356399
3 0.514648 0.507441 0.0867745 0.145833
2 0.515625 0.693452 0.114955 0.558036
2 0.513951 0.565848 0.109375 0.356399
1 0.513811 0.631324 0.094029 0.430804
3 0.757812 0.43936 0.0691965 0.154762
2 0.511719 0.524182 0.141741 0.290179
3 0.524414 0.524926 0.0672433 0.155506
0 0.511719 0.524182 0.141741 0.290179
3 0.727679 0.44122 0.0993303 0.197917
1 0.515765 0.50744 0.1024 0.228423
3 0.513253 0.691964 0.111886 0.5625
1 0.511719 0.524182 0.141741 0.290179
3 0.745536 0.448661 0.0691965 0.155506
3 0.511719 0.526042 0.132812 0.284226
3 0.529018 0.520089 0.0546875 0.12128
