0 0.901228 0.390067 0.188616 0.770461
0 0.887277 0.599888 0.21317 0.776414
0 0.32387 0.332961 0.530831 0.662202
0 0.38079 0.335193 0.348912 0.624256
0 0.917411 0.53683 0.152902 0.799851
0 0.441546 0.351283 0.17606 0.587612
1 0.383301 0.334542 0.363979 0.630022
0 0.84654 0.538691 0.296875 0.821429
0 0.783482 0.62035 0.401786 0.717634
0 0.928013 0.655134 0.133928 0.655506
1 0.441546 0.351283 0.17606 0.587612
1 0.896763 0.343378 0.206473 0.682292
1 0.322824 0.331659 0.539621 0.663318
1 0.875 0.599516 0.241071 0.777158
3 0.234933 0.569569 0.0440848 0.104911
2 0.901786 0.344866 0.194196 0.674851
2 0.38079 0.335193 0.348912 0.624256
2 0.875 0.599516 0.241071 0.777158
0 0.408901 0.31622 0.213449 0.581101
3 0.896763 0.343378 0.206473 0.682292
2 0.322824 0.331659 0.539621 0.663318
3 0.236886 0.566964 0.0664062 0.175595
0 0.858259 0.337333 0.283482 0.664621
3 0.875 0.599516 0.241071 0.777158
0 0.484794 0.347098 0.233538 0.614583
3 0.365095 0.333333 0.408203 0.644345
3 0.214844 0.572917 0.0357143 0.0967262
1 0.901228 0.651786 0.179688 0.666667
0 0.417969 0.410714 0.158482 0.49628
1 0.917411 0.53683 0.152902 0.799851
3 0.227469 0.578125 0.0378069 0.0959822
3 0.214565 0.536458 0.0401786 0.15253
3 0.231236 0.535714 0.0498047 0.154762
3 0.235979 0.592262 0.0447824 0.0959822
