3 0.979353 0.576265 0.0368304 0.130208
0 0.614955 0.558687 0.185268 0.680246
1 0.61942 0.567615 0.177455 0.717448
0 0.40346 0.332496 0.36942 0.605841
0 0.378767 0.327009 0.561663 0.651042
0 0.567522 0.535807 0.300223 0.663504
1 0.405762 0.331473 0.396066 0.613095
0 0.502232 0.361607 0.309152 0.633185
2 0.979353 0.575521 0.0379464 0.129464
1 0.979353 0.575521 0.0379464 0.129464
0 0.62779 0.637277 0.149554 0.59003
0 0.444057 0.356771 0.154297 0.556548
1 0.640067 0.642113 0.149554 0.550595
0 0.979353 0.575521 0.0379464 0.129464
0 0.493025 0.337891 0.446987 0.642671
0 0.532227 0.435733 0.252511 0.625558
1 0.444057 0.356771 0.154297 0.556548
3 0.979074 0.583333 0.0418527 0.188988
2 0.40346 0.332496 0.36942 0.605841
1 0.567522 0.535807 0.300223 0.663504
2 0.614955 0.558687 0.185268 0.680246
1 0.313756 0.337426 0.490792 0.674851
3 0.974888 0.55692 0.0379465 0.157738
0 0.472935 0.406343 0.162388 0.498326
3 0.38079 0.331566 0.453823 0.634487
2 0.977679 0.572545 0.0446428 0.205357
2 0.378767 0.327009 0.561663 0.651042
3 0.614955 0.558687 0.185268 0.680246
3 0.231934 0.567336 0.0422712 0.105655
3 0.21317 0.573289 0.03125 0.0922619
0 0.580776 0.412202 0.239118 0.574405
1 0.643973 0.667783 0.223214 0.540923
1 0.472935 0.406343 0.162388 0.498326
1 0.5113 0.370164 0.243025 0.59003
1 0.977679 0.572545 0.0446428 0.205357
0 0.878348 0.348493 0.21875 0.62593
1 0.878348 0.348493 0.21875 0.62593
0 0.483817 0.318452 0.216518 0.566964
0 0.566964 0.607515 0.226562 0.619792
0 0.417969 0.416295 0.114955 0.439732
