3 0.606585 0.46317 0.0580358 0.146577
3 0.607143 0.466146 0.0658482 0.243304
3 0.59933 0.464286 0.0948661 0.311012
2 0.607143 0.466146 0.0658482 0.243304
3 0.602121 0.460565 0.0837053 0.186756
0 0.607143 0.466146 0.0658482 0.243304
1 0.607143 0.466146 0.0658482 0.243304
2 0.606585 0.462798 0.0602678 0.14881
1 0.59933 0.464286 0.0948661 0.311012
0 0.59933 0.464286 0.0948661 0.311012
1 0.605469 0.463914 0.0580357 0.154018
2 0.59933 0.464286 0.0948661 0.311012
0 0.606585 0.462798 0.0602678 0.14881
3 0.599888 0.479167 0.0491071 0.148065
2 0.602121 0.460565 0.0837053 0.186756
3 0.583147 0.463914 0.0680803 0.139137
3 0.582031 0.463914 0.0859375 0.206101
0 0.602121 0.460565 0.0837053 0.186756
3 0.612165 0.481771 0.046875 0.109375
3 0.595982 0.418527 0.0424107 0.154018
1 0.602121 0.460565 0.0837053 0.186756
