0 0.914062 0.393787 0.165179 0.763021
0 0.896763 0.598586 0.194196 0.780506
0 0.317243 0.332961 0.526228 0.65997
0 0.381766 0.334821 0.340262 0.625744
1 0.912388 0.345982 0.170759 0.674107
0 0.440709 0.350818 0.17327 0.589286
0 0.935268 0.668155 0.112723 0.66369
0 0.863281 0.654018 0.252232 0.644345
1 0.385114 0.333705 0.354771 0.631696
2 0.912388 0.345238 0.170759 0.668155
1 0.440709 0.350818 0.17327 0.589286
1 0.315918 0.331659 0.53111 0.663318
1 0.882812 0.599144 0.228795 0.789807
3 0.233259 0.566592 0.0424107 0.106399
2 0.315918 0.331659 0.53111 0.663318
3 0.912388 0.345238 0.170759 0.668155
2 0.882812 0.599144 0.228795 0.789807
3 0.315918 0.331659 0.53111 0.663318
3 0.235142 0.564732 0.0626395 0.178571
3 0.214844 0.571057 0.031808 0.0959821
0 0.869978 0.460752 0.214286 0.771949
2 0.381766 0.334821 0.340262 0.625744
3 0.214286 0.536086 0.0362723 0.148065
0 0.418527 0.412295 0.159598 0.492374
0 0.932478 0.475353 0.131696 0.668341
3 0.882812 0.599144 0.228795 0.789807
0 0.962612 0.662946 0.0613839 0.635417
0 0.484654 0.34747 0.223772 0.607887
3 0.228027 0.53683 0.0472935 0.148065
3 0.226074 0.575149 0.0344587 0.0959821
0 0.840402 0.33724 0.297991 0.674479
1 0.898996 0.451451 0.202009 0.823289
0 0.777902 0.62872 0.392857 0.684524
3 0.214565 0.56808 0.046875 0.133184
0 0.954241 0.726935 0.0848214 0.514881
