2 0.344029 0.460193 0.078683 0.223958
3 0.345424 0.460938 0.0719866 0.225446
3 0.582031 0.434524 0.0558036 0.18006
3 0.580357 0.432292 0.0881696 0.308036
3 0.565848 0.354911 0.0189732 0.0453869
3 0.569196 0.385789 0.0256696 0.0959821
3 0.574219 0.414435 0.0368304 0.133929
3 0.594866 0.432664 0.0524553 0.168155
3 0.344866 0.482887 0.0563616 0.1875
3 0.352121 0.472098 0.0518973 0.146577
1 0.574777 0.43936 0.0970982 0.349702
3 0.56808 0.356864 0.0256697 0.0950521
3 0.594308 0.430804 0.0691964 0.21131
0 0.580357 0.432292 0.0881696 0.308036
3 0.34375 0.489583 0.0507812 0.133929
1 0.342913 0.464286 0.0887277 0.235863
2 0.342634 0.475074 0.0569196 0.14881
0 0.342913 0.464286 0.0887277 0.235863
3 0.341797 0.447173 0.0597098 0.151042
3 0.575893 0.452381 0.0625 0.235119
0 0.582031 0.434524 0.0636161 0.181548
3 0.569196 0.392113 0.0412946 0.140625
1 0.582031 0.434524 0.0636161 0.181548
1 0.580915 0.43006 0.0435268 0.156994
2 0.582589 0.433408 0.0959822 0.286458
3 0.566964 0.34933 0.0569197 0.197917
3 0.59933 0.455729 0.0513393 0.161458
3 0.351842 0.438988 0.0491071 0.145833
3 0.334263 0.472842 0.0479911 0.146577
2 0.582031 0.434524 0.0636161 0.181548
3 0.359933 0.493304 0.0440848 0.115327
0 0.580915 0.43006 0.0435268 0.156994
