3 0.979353 0.579613 0.0379464 0.124256
1 0.0566057 0.591239 0.107213 0.677641
0 0.38916 0.333333 0.370117 0.612351
0 0.323661 0.332589 0.559152 0.657738
0 0.076416 0.61077 0.150739 0.733817
0 0.0571289 0.590774 0.107561 0.66369
0 0.441964 0.354167 0.176339 0.566964
1 0.392369 0.331845 0.386021 0.616816
2 0.979353 0.578869 0.0390625 0.125
2 0.0578613 0.553199 0.10805 0.59003
1 0.979353 0.579613 0.0379464 0.119792
0 0.485212 0.33631 0.267299 0.613839
3 0.978516 0.587054 0.0429688 0.168899
0 0.979353 0.578869 0.0390625 0.125
1 0.441964 0.354167 0.176339 0.566964
1 0.312919 0.334449 0.510324 0.668899
1 0.077567 0.651042 0.134487 0.638393
0 0.180525 0.626116 0.361049 0.606399
0 0.184431 0.531157 0.194196 0.50465
0 0.118025 0.612444 0.232143 0.733445
0 0.17055 0.615327 0.243722 0.559524
0 0.49163 0.331845 0.441964 0.663691
2 0.373326 0.331566 0.428571 0.63151
1 0.0717076 0.516648 0.130022 0.591704
0 0.107875 0.574405 0.165388 0.592262
1 0.0384347 0.651042 0.0631975 0.633929
3 0.0571289 0.590774 0.107561 0.66369
2 0.977121 0.576637 0.0435267 0.189732
3 0.373326 0.331566 0.428571 0.63151
1 0.977121 0.576637 0.0435267 0.189732
0 0.418248 0.412481 0.150112 0.465216
2 0.076416 0.61077 0.150739 0.733817
1 0.118025 0.612444 0.232143 0.733445
3 0.228167 0.565476 0.0419922 0.104167
0 0.545759 0.334821 0.200893 0.571429
3 0.986328 0.590774 0.0273438 0.182292
3 0.973772 0.55878 0.0379464 0.151786
