3 0.625 0.439732 0.0379464 0.142113
3 0.635045 0.46875 0.0301339 0.110863
3 0.628348 0.464286 0.0379465 0.114583
3 0.626674 0.464658 0.0502232 0.272321
3 0.635045 0.44122 0.0279018 0.127232
3 0.633929 0.472098 0.0401786 0.231399
3 0.611049 0.43378 0.0513393 0.171875
0 0.609375 0.443824 0.125 0.56622
0 0.612723 0.651972 0.143973 0.696056
3 0.609375 0.443824 0.125 0.56622
3 0.613839 0.464286 0.0479911 0.143601
3 0.620536 0.405506 0.0390625 0.194196
3 0.617746 0.464286 0.0379464 0.0959822
0 0.626674 0.464658 0.0502232 0.272321
1 0.626674 0.464658 0.0502232 0.272321
1 0.625 0.439732 0.0379464 0.142113
0 0.566406 0.637463 0.231027 0.701265
3 0.608259 0.432292 0.0848215 0.353423
3 0.615513 0.438616 0.0345982 0.110119
3 0.627232 0.489583 0.0368304 0.148065
0 0.633929 0.472098 0.0401786 0.231399
3 0.638951 0.495908 0.0334821 0.151042
1 0.633929 0.472098 0.0401786 0.231399
3 0.639509 0.399554 0.0290179 0.178571
0 0.558454 0.444847 0.224609 0.657924
1 0.609375 0.443824 0.125 0.56622
1 0.628348 0.464286 0.0379465 0.114583
