0 0.339565 0.595982 0.238281 0.766369
1 0.357701 0.514323 0.260045 0.712426
0 0.383929 0.545201 0.320312 0.787574
0 0.313058 0.65253 0.179688 0.644345
0 0.454729 0.485026 0.490095 0.681734
1 0.331473 0.64881 0.201451 0.644345
2 0.339286 0.597191 0.231585 0.760975
1 0.317801 0.46317 0.192522 0.618304
3 0.344866 0.596354 0.259487 0.774554
0 0.373047 0.462333 0.266183 0.611049
2 0.399693 0.510138 0.368025 0.743118
1 0.301897 0.607701 0.280134 0.766741
0 0.436942 0.633557 0.379464 0.706101
0 0.472656 0.289528 0.459821 0.499814
