3 0.485352 0.471354 0.162109 0.219494
3 0.468471 0.46689 0.116629 0.192708
3 0.496791 0.484375 0.128069 0.167411
2 0.48577 0.471726 0.163504 0.212798
1 0.48577 0.471726 0.163504 0.212798
0 0.487444 0.478051 0.167969 0.261905
3 0.456194 0.467262 0.114397 0.274554
3 0.532924 0.523066 0.0457589 0.0989584
0 0.469727 0.467262 0.124163 0.202381
3 0.528599 0.495536 0.0588727 0.116071
1 0.468471 0.46689 0.116629 0.192708
3 0.527344 0.493304 0.0881696 0.198661
3 0.502093 0.459077 0.139788 0.290179
3 0.531669 0.522321 0.0661273 0.122768
3 0.441127 0.465402 0.0652902 0.165923
3 0.541295 0.523066 0.0379464 0.0900298
2 0.459403 0.457961 0.110212 0.209077
3 0.537388 0.538691 0.0412946 0.122024
0 0.489118 0.682664 0.15904 0.537946
3 0.478237 0.480283 0.078125 0.148066
3 0.546317 0.539062 0.0290179 0.0528274
0 0.48856 0.487351 0.138951 0.183036
0 0.456613 0.467262 0.131417 0.261905
3 0.534738 0.544271 0.0767299 0.219494
1 0.496791 0.484375 0.128069 0.167411
1 0.511161 0.684524 0.152902 0.53869
3 0.514928 0.479911 0.0705915 0.14881
