1 0.263184 0.554501 0.144392 0.495164
3 0.978795 0.578497 0.0368303 0.126488
0 0.415179 0.335938 0.31808 0.614583
0 0.394601 0.328869 0.503209 0.657738
0 0.261091 0.548549 0.139648 0.510045
2 0.260951 0.550223 0.139927 0.473958
0 0.444057 0.3524 0.169922 0.566034
1 0.444057 0.3524 0.169922 0.566034
2 0.979353 0.578497 0.0379464 0.125
0 0.334054 0.377976 0.324079 0.587054
1 0.416574 0.334449 0.333147 0.619792
0 0.277344 0.489211 0.185268 0.529018
1 0.979353 0.578869 0.0357142 0.119792
1 0.239328 0.535993 0.110631 0.483073
0 0.484933 0.336682 0.262277 0.618304
0 0.979353 0.578497 0.0379464 0.125
3 0.979074 0.58631 0.0418527 0.183036
1 0.394601 0.328869 0.503209 0.657738
0 0.496791 0.333519 0.448382 0.667039
1 0.212891 0.530506 0.0602679 0.404762
0 0.380859 0.364676 0.196987 0.556362
3 0.260951 0.550223 0.139927 0.473958
1 0.276786 0.48949 0.185826 0.540365
0 0.418945 0.408482 0.197824 0.491816
0 0.337891 0.529948 0.137835 0.478795
0 0.285086 0.312128 0.459961 0.606399
1 0.251325 0.561384 0.109515 0.289435
2 0.416574 0.334449 0.333147 0.619792
3 0.973772 0.55878 0.0379464 0.153274
1 0.305315 0.575893 0.252093 0.555059
2 0.276786 0.48949 0.185826 0.540365
1 0.210798 0.531622 0.046596 0.271577
0 0.296875 0.342634 0.196987 0.524554
2 0.979074 0.58631 0.0418527 0.183036
3 0.400112 0.335566 0.373884 0.631696
1 0.40904 0.491071 0.186384 0.389137
0 0.406948 0.487351 0.203962 0.383929
2 0.212891 0.530506 0.0602679 0.404762
2 0.210798 0.531622 0.046596 0.271577
0 0.381138 0.47433 0.128348 0.361607
2 0.394601 0.328869 0.503209 0.657738
0 0.212891 0.530506 0.0602679 0.404762
1 0.418945 0.408482 0.197824 0.491816
3 0.986607 0.590402 0.0267857 0.186756
1 0.335938 0.560268 0.128348 0.492559
0 0.214565 0.497489 0.125 0.525856
1 0.977679 0.574405 0.0446428 0.200149
0 0.412528 0.315104 0.215123 0.575149
0 0.544643 0.335286 0.19308 0.573475
0 0.274554 0.419364 0.246652 0.502046
