3 0.978795 0.577753 0.0379465 0.127976
0 0.372628 0.37779 0.42885 0.726562
1 0.402344 0.456473 0.236607 0.604911
0 0.402344 0.456473 0.236607 0.604911
1 0.387556 0.403367 0.313058 0.693266
2 0.979353 0.577009 0.0379464 0.127232
1 0.401228 0.549107 0.188616 0.38244
1 0.979353 0.578125 0.0368304 0.12128
1 0.43736 0.458984 0.187779 0.540365
0 0.293457 0.341704 0.504604 0.683408
0 0.979353 0.577009 0.0379464 0.127232
0 0.485631 0.354167 0.280971 0.642113
0 0.43736 0.458984 0.187779 0.540365
3 0.978795 0.582589 0.0424107 0.180804
1 0.339146 0.369792 0.486886 0.739583
2 0.40067 0.489583 0.231027 0.525298
2 0.391044 0.402437 0.300502 0.698103
2 0.396763 0.575521 0.172433 0.384673
0 0.494978 0.337054 0.478795 0.674107
1 0.408761 0.595424 0.151228 0.328497
0 0.467634 0.375279 0.165179 0.603609
2 0.370675 0.37686 0.441685 0.726935
3 0.387556 0.403367 0.313058 0.693266
2 0.978795 0.582589 0.0424107 0.180804
3 0.973772 0.55878 0.0379464 0.153274
1 0.386719 0.568452 0.146205 0.293155
3 0.211844 0.573661 0.0294364 0.0848214
3 0.339146 0.369792 0.486886 0.739583
1 0.977679 0.573289 0.0446428 0.199405
3 0.229632 0.571057 0.0385045 0.0982143
3 0.402344 0.456473 0.236607 0.604911
0 0.401228 0.549107 0.188616 0.38244
0 0.254674 0.705357 0.400251 0.575893
0 0.471261 0.457961 0.103237 0.487351
