0 0.816406 0.601376 0.292411 0.776414
1 0.815848 0.348028 0.268973 0.693824
0 0.816406 0.44122 0.270089 0.8125
3 0.979911 0.576265 0.0401786 0.130208
0 0.390974 0.332961 0.367606 0.616071
0 0.329311 0.333147 0.55678 0.666295
1 0.821429 0.656064 0.305804 0.684896
1 0.394601 0.331473 0.387137 0.622024
0 0.853237 0.660714 0.246652 0.64881
1 0.979353 0.576265 0.0368304 0.140625
0 0.442522 0.354167 0.169643 0.565476
2 0.816964 0.34747 0.277902 0.694941
2 0.979353 0.576265 0.0368304 0.140625
1 0.442522 0.354167 0.169643 0.565476
1 0.317243 0.334077 0.461496 0.668155
0 0.489397 0.329613 0.301339 0.61756
0 0.979911 0.576265 0.0401786 0.130208
3 0.977121 0.567708 0.0435267 0.239583
3 0.816964 0.34747 0.277902 0.694941
2 0.814732 0.603609 0.308036 0.774926
1 0.977121 0.567708 0.0435267 0.239583
3 0.226842 0.574777 0.0368304 0.0944941
0 0.492885 0.329985 0.474051 0.65997
3 0.214286 0.578125 0.0295759 0.0892857
2 0.390974 0.332961 0.367606 0.616071
3 0.814732 0.603609 0.308036 0.774926
3 0.228516 0.571801 0.0563616 0.15253
3 0.374442 0.331008 0.433036 0.638579
0 0.979074 0.592634 0.0418527 0.296875
2 0.328962 0.331845 0.566406 0.663691
3 0.221191 0.581473 0.0330636 0.0922619
3 0.214007 0.575149 0.0440848 0.127232
3 0.97433 0.59003 0.0368304 0.169643
0 0.418248 0.414342 0.146763 0.468936
3 0.214076 0.538319 0.0350168 0.148066
3 0.224819 0.53683 0.0436663 0.155506
3 0.21603 0.594494 0.0322266 0.0647321
0 0.383092 0.361607 0.215402 0.55878
0 0.334821 0.361142 0.251674 0.584263
