3 0.979353 0.576637 0.0379464 0.12872
1 0.276507 0.556176 0.146763 0.43378
0 0.419364 0.336961 0.324219 0.617746
2 0.216518 0.522693 0.0452009 0.250744
2 0.224051 0.537016 0.0669643 0.311384
0 0.402832 0.328776 0.490095 0.656436
1 0.245047 0.554501 0.0869141 0.34933
2 0.277344 0.550409 0.136719 0.417039
2 0.245047 0.554501 0.0869141 0.34933
1 0.224051 0.537016 0.0669643 0.311384
0 0.279576 0.555246 0.137277 0.437128
1 0.216518 0.522693 0.0452009 0.250744
2 0.979353 0.575521 0.0379464 0.12872
0 0.444336 0.355283 0.167132 0.55878
0 0.221819 0.536086 0.0697545 0.331101
1 0.421038 0.3351 0.339844 0.622954
0 0.216448 0.522693 0.0481306 0.25372
1 0.444336 0.355283 0.167132 0.55878
1 0.979353 0.575521 0.0379464 0.12872
0 0.485491 0.335472 0.277902 0.616257
2 0.21589 0.512649 0.0665458 0.394345
0 0.206403 0.500465 0.0966797 0.470796
1 0.299944 0.517578 0.185826 0.470796
0 0.245047 0.554501 0.0869141 0.34933
0 0.342634 0.374907 0.333705 0.585007
0 0.979353 0.575521 0.0379464 0.12872
0 0.299944 0.517578 0.185826 0.470796
3 0.978795 0.583333 0.0424107 0.178571
1 0.324777 0.558036 0.135045 0.428571
1 0.21589 0.512649 0.0665458 0.394345
2 0.206403 0.500465 0.0966797 0.470796
1 0.26981 0.569196 0.211496 0.473214
2 0.303292 0.516834 0.183594 0.493118
1 0.396275 0.327195 0.507673 0.65439
0 0.424805 0.419736 0.208426 0.465588
1 0.41183 0.497024 0.178571 0.377232
3 0.279576 0.555246 0.137277 0.437128
3 0.224051 0.537016 0.0669643 0.311384
3 0.245047 0.554501 0.0869141 0.34933
3 0.216518 0.522693 0.0452009 0.250744
1 0.425223 0.426804 0.197545 0.469308
2 0.214844 0.529762 0.0385045 0.158482
0 0.281948 0.31994 0.474051 0.639881
2 0.977679 0.572917 0.0435268 0.188988
1 0.42048 0.468006 0.12221 0.332589
0 0.381138 0.371652 0.19308 0.537202
2 0.219866 0.5359 0.109933 0.346354
0 0.211914 0.507812 0.0527344 0.357143
0 0.219866 0.5359 0.109933 0.346354
2 0.421038 0.3351 0.339844 0.622954
3 0.97433 0.558408 0.0390625 0.153274
1 0.272949 0.56343 0.136021 0.300223
1 0.977679 0.572917 0.0435268 0.188988
2 0.396275 0.327195 0.507673 0.65439
0 0.26981 0.569196 0.211496 0.473214
0 0.208147 0.585565 0.156808 0.473214
1 0.381138 0.371652 0.19308 0.537202
0 0.53418 0.740327 0.418248 0.483631
3 0.405134 0.337054 0.379464 0.636161
0 0.408203 0.493676 0.199219 0.368304
0 0.90904 0.348214 0.174107 0.623512
1 0.390625 0.496001 0.296875 0.423177
1 0.37779 0.520833 0.137277 0.330357
0 0.42048 0.468006 0.12221 0.332589
0 0.30692 0.345889 0.188616 0.516555
0 0.544643 0.334821 0.202009 0.573661
1 0.90904 0.348214 0.174107 0.623512
0 0.261998 0.40625 0.229911 0.526042
2 0.222377 0.558036 0.0452009 0.147321
0 0.580915 0.332961 0.457589 0.665923
2 0.324777 0.558036 0.135045 0.428571
0 0.390625 0.496001 0.296875 0.423177
