0 0.672991 0.605841 0.276786 0.746652
0 0.617188 0.39388 0.410714 0.755394
0 0.686942 0.341146 0.263393 0.65997
1 0.681362 0.663318 0.262277 0.642113
1 0.615513 0.393043 0.433036 0.761533
0 0.710379 0.662202 0.210938 0.626488
1 0.686942 0.341146 0.263393 0.65997
0 0.703683 0.452753 0.216518 0.795387
0 0.564732 0.309245 0.402902 0.597284
2 0.669085 0.608817 0.289062 0.749628
3 0.669085 0.608817 0.289062 0.749628
1 0.703683 0.452753 0.216518 0.795387
0 0.567522 0.519903 0.395089 0.739955
0 0.578125 0.623233 0.295759 0.682106
2 0.615513 0.393043 0.433036 0.761533
3 0.615513 0.393043 0.433036 0.761533
1 0.627232 0.530878 0.377232 0.790923
0 0.508371 0.389974 0.320312 0.681362
