1 0.0908203 0.553571 0.164062 0.571429
3 0.978795 0.577381 0.0368303 0.127976
0 0.321498 0.334077 0.548968 0.657738
0 0.396763 0.33417 0.344866 0.605469
0 0.44308 0.353423 0.167411 0.569941
1 0.40067 0.333054 0.366071 0.609189
2 0.979353 0.576637 0.0379464 0.127976
2 0.0918318 0.549572 0.163435 0.546689
1 0.44308 0.353423 0.167411 0.569941
1 0.979353 0.576637 0.0379464 0.127976
1 0.0896694 0.660528 0.161621 0.446801
0 0.091483 0.553571 0.164132 0.559524
0 0.483956 0.335565 0.266462 0.619048
0 0.979353 0.576637 0.0379464 0.127976
1 0.311244 0.337426 0.489118 0.674851
0 0.496652 0.332217 0.448661 0.664435
3 0.978237 0.584077 0.0435267 0.188244
1 0.0198103 0.565011 0.0378069 0.53218
2 0.396763 0.33417 0.344866 0.605469
2 0.977121 0.573289 0.0446428 0.195684
3 0.0909598 0.553664 0.163225 0.554874
3 0.973772 0.55878 0.0379464 0.154762
2 0.321359 0.33138 0.559291 0.658668
0 0.910156 0.344959 0.171875 0.625558
0 0.420759 0.412853 0.136161 0.468936
1 0.910156 0.344959 0.171875 0.625558
3 0.321359 0.33138 0.559291 0.658668
1 0.0977958 0.56529 0.144252 0.287574
1 0.420759 0.412853 0.136161 0.468936
0 0.153739 0.528181 0.161272 0.568638
1 0.977121 0.573289 0.0446428 0.195684
3 0.396763 0.33417 0.344866 0.605469
0 0.410575 0.314639 0.20452 0.565662
0 0.543945 0.334914 0.197824 0.577195
0 0.582589 0.355748 0.385045 0.663504
