0 0.386161 0.574312 0.102679 0.608817
0 0.390904 0.622489 0.140067 0.71782
1 0.386161 0.574312 0.102679 0.608817
2 0.386161 0.574312 0.102679 0.608817
1 0.390904 0.622489 0.140067 0.71782
3 0.38365 0.495629 0.0954241 0.455171
0 0.532227 0.44494 0.399833 0.671131
2 0.38365 0.460938 0.0904018 0.348958
0 0.427176 0.626674 0.228237 0.731771
0 0.3524 0.626581 0.242746 0.726004
1 0.370536 0.533482 0.104353 0.525298
1 0.38365 0.460938 0.0904018 0.348958
2 0.390904 0.622489 0.140067 0.71782
0 0.359654 0.65625 0.15346 0.629464
1 0.367188 0.612444 0.123326 0.630766
2 0.370536 0.533482 0.104353 0.525298
0 0.455636 0.487723 0.261719 0.594494
