2 0.0797991 0.46131 0.132813 0.300595
2 0.654576 0.431641 0.121652 0.400112
1 0.0772879 0.453125 0.136998 0.287946
1 0.652902 0.425223 0.112723 0.362351
0 0.0982492 0.647321 0.170689 0.666667
0 0.0806013 0.479911 0.136789 0.369792
2 0.657924 0.453497 0.0970982 0.324405
1 0.629464 0.416295 0.170759 0.389881
0 0.646205 0.431641 0.145089 0.397135
1 0.660156 0.491816 0.0881696 0.342262
3 0.660156 0.491816 0.0881696 0.342262
3 0.652902 0.425223 0.112723 0.362351
3 0.659598 0.491071 0.079241 0.235119
1 0.664621 0.480934 0.112723 0.428013
2 0.659598 0.491071 0.079241 0.235119
3 0.0797991 0.461682 0.135324 0.304315
0 0.559152 0.473586 0.358259 0.59747
1 0.659598 0.491071 0.079241 0.235119
2 0.635045 0.399182 0.120536 0.293155
1 0.084089 0.649926 0.152693 0.637649
2 0.646205 0.457961 0.0915178 0.264881
2 0.609933 0.398438 0.170759 0.377232
1 0.667411 0.394624 0.0982143 0.454799
0 0.662946 0.480748 0.101562 0.465588
0 0.660156 0.491816 0.0881696 0.342262
1 0.607282 0.437593 0.256417 0.447731
1 0.559152 0.473586 0.358259 0.59747
0 0.607282 0.437593 0.256417 0.447731
0 0.641183 0.624256 0.210938 0.626488
2 0.070452 0.477028 0.12779 0.410528
3 0.646205 0.457961 0.0915178 0.264881
2 0.576451 0.463821 0.302455 0.591704
0 0.493862 0.480097 0.401786 0.670759
2 0.639509 0.496466 0.142857 0.492188
1 0.646205 0.457961 0.0915178 0.264881
3 0.609933 0.398438 0.170759 0.377232
3 0.655692 0.508185 0.0546875 0.136161
0 0.129325 0.677827 0.25865 0.636905
1 0.635045 0.399182 0.120536 0.293155
1 0.639509 0.496466 0.142857 0.492188
2 0.669643 0.49814 0.0703125 0.366815
0 0.659598 0.491071 0.079241 0.235119
3 0.635045 0.399182 0.120536 0.293155
0 0.496791 0.394717 0.314453 0.559524
