3 0.36077 0.519345 0.0362723 0.0803572
3 0.369699 0.501488 0.0345982 0.0699405
3 0.369141 0.513765 0.0407366 0.0766369
0 0.545759 0.667039 0.350446 0.636161
3 0.367467 0.517857 0.046875 0.130952
3 0.369978 0.540923 0.0362723 0.116815
3 0.35798 0.499628 0.0301339 0.0736607
0 0.535714 0.474702 0.381696 0.686012
3 0.371094 0.539807 0.0396205 0.0699404
0 0.527344 0.701637 0.21875 0.532738
3 0.358817 0.543527 0.0334821 0.116071
0 0.546317 0.376488 0.444196 0.607143
3 0.385603 0.521205 0.0329241 0.0758928
1 0.363002 0.521205 0.030692 0.0796131
3 0.36942 0.542411 0.0513393 0.208333
3 0.386161 0.524926 0.0407366 0.112351
1 0.545759 0.667039 0.350446 0.636161
1 0.369978 0.502232 0.030692 0.0818453
3 0.35519 0.540551 0.0340402 0.077381
1 0.36356 0.520089 0.0412946 0.110119
1 0.527344 0.701637 0.21875 0.532738
