0 0.563616 0.660342 0.21875 0.537946
3 0.364676 0.52939 0.0418527 0.140625
1 0.365792 0.664435 0.093192 0.580357
1 0.561523 0.665179 0.240792 0.550595
0 0.358259 0.641183 0.143415 0.65811
3 0.371094 0.500372 0.0390625 0.0662203
1 0.358259 0.641183 0.143415 0.65811
3 0.364955 0.527902 0.0580357 0.264137
3 0.370257 0.502604 0.0396205 0.142857
0 0.365792 0.664435 0.093192 0.580357
3 0.361328 0.494792 0.0345982 0.0639881
3 0.36942 0.569568 0.0513393 0.234375
3 0.369699 0.574963 0.0669643 0.427455
0 0.528878 0.697173 0.216797 0.5625
1 0.369699 0.574963 0.0669643 0.427455
3 0.371931 0.526042 0.0479911 0.0907738
0 0.511719 0.667039 0.314732 0.625744
2 0.563616 0.660342 0.21875 0.537946
3 0.361049 0.498512 0.0368304 0.129464
0 0.535156 0.623512 0.177455 0.431548
3 0.564174 0.671875 0.21317 0.549107
3 0.364118 0.59096 0.110491 0.574033
1 0.364955 0.527902 0.0580357 0.264137
0 0.599888 0.698661 0.157366 0.544643
1 0.364676 0.52939 0.0418527 0.140625
1 0.36942 0.569568 0.0513393 0.234375
1 0.565848 0.591332 0.205357 0.436384
