2 0.842076 0.43564 0.0870535 0.255952
0 0.080113 0.65439 0.143903 0.670387
3 0.840402 0.436012 0.0892857 0.255952
2 0.0792411 0.59375 0.13365 0.5625
1 0.0812291 0.654018 0.14502 0.678571
2 0.0797642 0.490699 0.123396 0.360863
0 0.841518 0.434431 0.0892858 0.25465
1 0.842634 0.434803 0.09375 0.255394
1 0.0795201 0.511347 0.130301 0.417783
3 0.853795 0.443452 0.0669643 0.228423
0 0.0795201 0.511347 0.130301 0.417783
3 0.0794852 0.594494 0.134556 0.526786
3 0.0797642 0.490699 0.123396 0.360863
0 0.108259 0.665737 0.216518 0.668527
2 0.0969587 0.478795 0.0823103 0.254464
2 0.0661272 0.457589 0.115513 0.266369
3 0.854911 0.434152 0.0535714 0.15253
2 0.848214 0.427083 0.109375 0.319196
3 0.0969587 0.478795 0.0823103 0.254464
2 0.0897391 0.664062 0.165946 0.658482
