1 0.864955 0.536086 0.0859376 0.320685
3 0.978795 0.579241 0.0390625 0.132441
0 0.388253 0.332496 0.375279 0.613281
0 0.329311 0.331659 0.545619 0.663318
2 0.864397 0.537202 0.0825893 0.31994
2 0.978795 0.578497 0.0401785 0.130952
1 0.391602 0.331473 0.390904 0.618304
0 0.86942 0.53218 0.0948661 0.334449
0 0.442243 0.354911 0.174665 0.559524
1 0.979353 0.578125 0.0390625 0.127232
2 0.968192 0.570685 0.0535714 0.158482
3 0.968192 0.570685 0.0535714 0.158482
0 0.978795 0.580357 0.0379465 0.122024
0 0.484515 0.335565 0.267578 0.613095
2 0.857143 0.531436 0.101563 0.40439
1 0.442243 0.354911 0.174665 0.559524
0 0.909598 0.38058 0.15067 0.601934
3 0.976562 0.568452 0.0446428 0.205357
3 0.864955 0.537202 0.0848214 0.321429
1 0.910714 0.345238 0.170759 0.630952
1 0.968192 0.570685 0.0535714 0.158482
0 0.874442 0.398438 0.169643 0.595982
2 0.372419 0.331194 0.434849 0.633743
0 0.491071 0.331659 0.446429 0.663318
2 0.976562 0.568452 0.0446428 0.205357
3 0.229074 0.569941 0.0401786 0.0989583
1 0.857143 0.563988 0.120536 0.418155
0 0.968192 0.570685 0.0535714 0.158482
1 0.976562 0.568452 0.0446428 0.205357
3 0.372419 0.331194 0.434849 0.633743
3 0.213379 0.574777 0.0297154 0.0907738
1 0.88058 0.537202 0.0881696 0.290923
1 0.834263 0.53218 0.0982143 0.379092
3 0.231027 0.567336 0.0613839 0.165923
0 0.883929 0.307571 0.204241 0.608073
0 0.415737 0.414435 0.154576 0.462798
1 0.888393 0.517857 0.21317 0.389881
3 0.213449 0.534598 0.0345982 0.149554
3 0.986607 0.591146 0.0267857 0.18378
0 0.546317 0.334449 0.196429 0.566964
0 0.939174 0.374256 0.110491 0.570685
1 0.874442 0.398438 0.169643 0.595982
0 0.86942 0.455729 0.118304 0.514137
3 0.213728 0.571429 0.0457589 0.136905
3 0.225935 0.532366 0.0475725 0.162202
3 0.222656 0.578497 0.0329241 0.0952381
