3 0.978795 0.578497 0.0379465 0.126488
1 0.298549 0.553013 0.155134 0.489211
1 0.293248 0.590216 0.212612 0.632068
0 0.426339 0.344587 0.268973 0.605469
0 0.419224 0.328869 0.433873 0.643601
0 0.442383 0.356027 0.175502 0.563244
0 0.293527 0.560826 0.154018 0.506324
2 0.222098 0.53218 0.0664063 0.379092
2 0.300223 0.546596 0.142857 0.476749
2 0.266811 0.517857 0.114816 0.452381
0 0.224819 0.538691 0.0883092 0.391369
1 0.222098 0.53218 0.0664063 0.379092
2 0.220982 0.527902 0.0574777 0.264137
1 0.266811 0.517857 0.114816 0.452381
0 0.280971 0.615327 0.204799 0.614583
2 0.979353 0.578125 0.0390625 0.126488
1 0.442383 0.356027 0.175502 0.563244
1 0.427455 0.342262 0.279018 0.613095
0 0.266811 0.517857 0.114816 0.452381
0 0.484515 0.33631 0.273158 0.613095
1 0.979353 0.578125 0.0390625 0.126488
1 0.387277 0.498605 0.179129 0.389695
1 0.220982 0.527902 0.0574777 0.264137
0 0.979353 0.578125 0.0390625 0.126488
0 0.422712 0.418527 0.151228 0.485863
3 0.978795 0.585194 0.0424107 0.171131
0 0.219936 0.520833 0.0657087 0.313988
1 0.236119 0.613467 0.1137 0.526042
2 0.276228 0.6117 0.193638 0.621838
0 0.378906 0.332217 0.22433 0.574405
1 0.320592 0.518043 0.219308 0.472842
0 0.270857 0.667783 0.279715 0.595982
0 0.236119 0.613467 0.1137 0.526042
1 0.424665 0.461775 0.122768 0.387463
1 0.422712 0.418527 0.151228 0.485863
1 0.414132 0.326637 0.455218 0.642113
2 0.221052 0.540551 0.117048 0.381696
2 0.978795 0.585194 0.0424107 0.171131
1 0.226842 0.565104 0.0602679 0.244792
2 0.427455 0.342262 0.279018 0.613095
3 0.293527 0.560826 0.154018 0.506324
3 0.219866 0.520833 0.0558036 0.255952
2 0.226842 0.565104 0.0602679 0.244792
3 0.222098 0.53218 0.0664063 0.379092
0 0.424665 0.461775 0.122768 0.387463
3 0.973214 0.558408 0.0379464 0.154018
0 0.33231 0.411458 0.257254 0.511905
0 0.388672 0.494792 0.184152 0.369048
0 0.226283 0.619792 0.220424 0.52381
0 0.217006 0.497768 0.137974 0.434524
0 0.320592 0.518043 0.219308 0.472842
0 0.21596 0.634115 0.320871 0.571057
1 0.977121 0.575149 0.0446428 0.194196
2 0.307478 0.559059 0.21317 0.499442
3 0.216588 0.605283 0.105887 0.398066
1 0.376674 0.498698 0.287946 0.437128
1 0.316406 0.521577 0.126674 0.279762
2 0.429548 0.426618 0.185547 0.459263
1 0.299456 0.670759 0.321847 0.552827
3 0.293248 0.58817 0.206473 0.619792
0 0.375 0.437128 0.137835 0.453869
0 0.216588 0.605283 0.105887 0.398066
1 0.383092 0.521391 0.125 0.367932
1 0.221052 0.540551 0.117048 0.381696
3 0.218192 0.557664 0.0452009 0.192708
3 0.986328 0.590774 0.0273438 0.189732
0 0.272321 0.511719 0.219866 0.479539
3 0.416295 0.344494 0.327009 0.624256
0 0.543945 0.334914 0.193359 0.569754
2 0.414132 0.326637 0.455218 0.642113
3 0.236119 0.613467 0.1137 0.526042
1 0.381417 0.373512 0.179129 0.530506
1 0.272321 0.511719 0.219866 0.479539
