3 0.544085 0.47433 0.0457589 0.106399
3 0.0802176 0.511905 0.0267857 0.0669642
3 0.543527 0.477307 0.0591518 0.136905
3 0.0728237 0.500744 0.0323661 0.078869
1 0.543527 0.477307 0.0591518 0.136905
0 0.543527 0.477307 0.0591518 0.136905
3 0.0729283 0.499256 0.0385742 0.107887
3 0.0761719 0.528646 0.0281808 0.0825893
3 0.556362 0.47433 0.0424107 0.0877976
1 0.544085 0.47433 0.046875 0.107143
1 0.0782296 0.509673 0.0315988 0.0729166
3 0.536272 0.482143 0.046875 0.107887
0 0.544085 0.473214 0.046875 0.106399
0 0.0797991 0.511533 0.0292969 0.0699405
3 0.0803571 0.528274 0.0298549 0.0647321
3 0.0743583 0.529762 0.0337612 0.120536
3 0.0912388 0.514137 0.0262277 0.0669643
2 0.544643 0.472842 0.0479911 0.116071
2 0.0784389 0.510417 0.0283901 0.0662202
3 0.526367 0.477307 0.109096 0.300595
0 0.0611049 0.704613 0.0876116 0.547619
1 0.0606864 0.672805 0.0739397 0.550223
