1 0.96596 0.568545 0.0680803 0.656064
0 0.317662 0.332589 0.547712 0.657738
0 0.3976 0.332961 0.345424 0.607143
1 0.971261 0.434524 0.0574777 0.456845
0 0.443778 0.351842 0.167132 0.565662
1 0.951451 0.60426 0.0904018 0.697731
1 0.401367 0.331845 0.364676 0.610119
1 0.443778 0.351842 0.167132 0.565662
0 0.485491 0.333705 0.271205 0.615327
0 0.965123 0.573754 0.0697544 0.688802
1 0.31815 0.330078 0.55678 0.659784
0 0.498186 0.331473 0.450056 0.65997
2 0.965123 0.573754 0.0697544 0.688802
2 0.3976 0.332961 0.345424 0.607143
2 0.971261 0.434524 0.0574777 0.456845
2 0.31815 0.330078 0.55678 0.659784
3 0.31815 0.330078 0.55678 0.659784
1 0.967634 0.677641 0.0625 0.555432
1 0.930246 0.65253 0.122768 0.626488
0 0.420201 0.412853 0.138393 0.46596
3 0.965123 0.573754 0.0697544 0.688802
0 0.545061 0.333798 0.206752 0.573475
3 0.3976 0.332961 0.345424 0.607143
3 0.211775 0.574777 0.0284598 0.0892857
0 0.971261 0.434524 0.0574777 0.456845
3 0.231655 0.569196 0.0378069 0.0982143
0 0.412109 0.315104 0.211496 0.573661
0 0.580357 0.354167 0.377232 0.657738
