3 0.979353 0.580729 0.0379464 0.125
1 0.601004 0.555711 0.174107 0.610305
0 0.397252 0.332961 0.367327 0.614583
0 0.600446 0.555804 0.172991 0.595238
0 0.328683 0.331008 0.540179 0.6609
0 0.511021 0.360863 0.315011 0.660714
0 0.581613 0.451637 0.180525 0.583333
1 0.400321 0.331473 0.385742 0.619792
1 0.580915 0.624256 0.22433 0.574405
0 0.497489 0.331845 0.46596 0.663691
2 0.979353 0.580357 0.0379464 0.125
1 0.597656 0.502604 0.136161 0.511161
0 0.441964 0.355655 0.177455 0.578125
0 0.574358 0.521763 0.248605 0.551711
0 0.580915 0.624256 0.22433 0.574405
1 0.979353 0.580357 0.0379464 0.125
1 0.441964 0.355655 0.177455 0.578125
0 0.579799 0.406343 0.328125 0.601005
0 0.979353 0.580357 0.0379464 0.125
2 0.601004 0.555711 0.174107 0.610305
1 0.581613 0.451637 0.180525 0.583333
1 0.574358 0.521763 0.248605 0.551711
3 0.978795 0.586682 0.0424107 0.172619
0 0.59375 0.461682 0.129464 0.487351
0 0.550642 0.339937 0.23019 0.579055
1 0.320522 0.334821 0.487305 0.669643
2 0.397252 0.332961 0.367327 0.614583
3 0.600446 0.555804 0.172991 0.595238
1 0.625419 0.576079 0.258092 0.585938
2 0.978795 0.586682 0.0424107 0.172619
3 0.379116 0.332217 0.44043 0.636161
3 0.210728 0.572917 0.0277623 0.0915179
0 0.625419 0.576079 0.258092 0.585938
1 0.498884 0.366164 0.390625 0.664993
2 0.32952 0.329241 0.553013 0.658482
3 0.973772 0.557664 0.0379464 0.159226
1 0.977679 0.575893 0.0446428 0.195684
3 0.986607 0.590774 0.0267857 0.138393
0 0.465123 0.727679 0.354353 0.453869
1 0.584263 0.688616 0.159598 0.49628
3 0.210449 0.581101 0.0210658 0.0833333
3 0.228864 0.566592 0.0372489 0.0974702
0 0.464425 0.412574 0.158203 0.513393
2 0.581613 0.451637 0.180525 0.583333
0 0.419364 0.412667 0.143415 0.469308
0 0.508929 0.378069 0.194196 0.583147
1 0.419364 0.412667 0.143415 0.469308
0 0.563058 0.697173 0.170759 0.495536
