2 0.184291 0.462798 0.107422 0.229167
2 0.574777 0.437965 0.113839 0.330915
3 0.184152 0.461682 0.103237 0.225446
1 0.575893 0.437128 0.111607 0.325149
0 0.575893 0.441592 0.114955 0.337798
1 0.184152 0.465774 0.108817 0.243304
0 0.184152 0.465774 0.108817 0.243304
0 0.556362 0.633278 0.155134 0.676897
2 0.175781 0.470982 0.109933 0.321429
2 0.56529 0.482701 0.110491 0.50186
3 0.575893 0.437035 0.117188 0.332775
0 0.558036 0.617746 0.100446 0.59189
2 0.594308 0.435268 0.0870536 0.287202
1 0.558036 0.617746 0.100446 0.59189
3 0.201102 0.458333 0.0793806 0.193452
2 0.192592 0.452009 0.0774275 0.15253
0 0.566964 0.483817 0.118304 0.457961
2 0.601562 0.455729 0.0591518 0.259673
1 0.566964 0.483817 0.118304 0.457961
1 0.562919 0.636905 0.158761 0.622024
3 0.192592 0.452009 0.0774275 0.15253
2 0.201102 0.458333 0.0793806 0.193452
2 0.17327 0.470238 0.0719866 0.154762
