1 0.0513393 0.554688 0.101842 0.432292
3 0.978795 0.578869 0.0379465 0.125
0 0.393276 0.333984 0.351842 0.608817
0 0.330078 0.333705 0.538504 0.663691
2 0.0510603 0.534598 0.102121 0.473958
0 0.444057 0.354539 0.169922 0.563244
1 0.397391 0.332961 0.36928 0.613095
0 0.0537109 0.550223 0.101842 0.426339
2 0.978795 0.578125 0.0390625 0.125744
1 0.444057 0.354539 0.169922 0.563244
1 0.978795 0.578125 0.0390625 0.125744
3 0.978516 0.584449 0.0429688 0.164434
0 0.482143 0.338263 0.25 0.609189
0 0.978795 0.578125 0.0390625 0.125744
1 0.31808 0.335193 0.477679 0.670387
0 0.0735212 0.51144 0.147042 0.547061
2 0.976562 0.574777 0.0435267 0.184524
1 0.0610352 0.535342 0.103097 0.296131
1 0.0486886 0.567894 0.0856585 0.300223
1 0.067627 0.505022 0.124233 0.522693
2 0.393276 0.333984 0.351842 0.608817
0 0.492606 0.331659 0.438895 0.663318
3 0.0519671 0.554688 0.10226 0.432292
1 0.976562 0.574777 0.0435267 0.184524
1 0.90625 0.345889 0.183036 0.62965
0 0.19322 0.513393 0.162109 0.389881
3 0.373605 0.332217 0.419085 0.631696
2 0.32952 0.331845 0.549665 0.663691
0 0.419364 0.412946 0.140625 0.470238
3 0.973214 0.558408 0.0390625 0.154018
0 0.90625 0.345889 0.183036 0.62965
1 0.0408064 0.510603 0.0732422 0.499628
1 0.0959821 0.545759 0.191964 0.448661
1 0.419364 0.412946 0.140625 0.470238
2 0.05399 0.539062 0.0954241 0.302827
0 0.383371 0.361235 0.212612 0.563988
3 0.232143 0.565476 0.0412946 0.103423
0 0.976562 0.574777 0.0435267 0.184524
0 0.336217 0.362351 0.244978 0.582589
0 0.465262 0.405506 0.128627 0.481399
3 0.986049 0.590402 0.0279017 0.186012
2 0.0735212 0.51144 0.147042 0.547061
1 0.465262 0.405506 0.128627 0.481399
