1 0.162319 0.528181 0.113979 0.458519
3 0.978795 0.578869 0.0368303 0.124256
0 0.393973 0.333705 0.353795 0.612351
0 0.313198 0.345052 0.458426 0.690104
2 0.161342 0.52753 0.111468 0.447917
0 0.163156 0.526879 0.112863 0.443266
1 0.397252 0.332589 0.369559 0.618304
0 0.44308 0.354167 0.170759 0.566964
2 0.979353 0.578125 0.0379464 0.123512
1 0.979353 0.578125 0.0379464 0.123512
1 0.44308 0.354167 0.170759 0.566964
0 0.483538 0.33631 0.258371 0.613095
0 0.979353 0.578125 0.0379464 0.123512
1 0.316476 0.346726 0.484235 0.693452
0 0.255022 0.440755 0.263393 0.646763
0 0.220354 0.520461 0.177595 0.537946
3 0.979074 0.585566 0.0418527 0.182292
1 0.166853 0.520833 0.111049 0.302083
1 0.207031 0.511347 0.193638 0.551711
0 0.494699 0.332217 0.445871 0.664435
3 0.165039 0.523717 0.126395 0.451079
2 0.393973 0.333705 0.353795 0.612351
2 0.979074 0.585566 0.0418527 0.182292
3 0.973772 0.557292 0.0379464 0.156994
2 0.316476 0.346726 0.484235 0.693452
3 0.374442 0.332682 0.424107 0.636719
0 0.303641 0.397321 0.349191 0.614583
3 0.986328 0.591146 0.0273438 0.179316
1 0.977121 0.574405 0.0446428 0.197917
1 0.904576 0.351842 0.185268 0.625186
0 0.418527 0.412202 0.142857 0.47247
2 0.166853 0.520833 0.111049 0.302083
0 0.33817 0.362723 0.251116 0.593006
0 0.546317 0.333705 0.186384 0.565476
1 0.143555 0.534877 0.195033 0.464472
1 0.418527 0.412202 0.142857 0.47247
0 0.879464 0.35119 0.216518 0.627232
0 0.410017 0.315197 0.211217 0.573475
3 0.987723 0.592634 0.0245536 0.106399
