1 0.872768 0.4601 0.172991 0.496466
1 0.366629 0.635417 0.0976562 0.629464
2 0.871652 0.460938 0.175223 0.497768
0 0.353237 0.641183 0.131138 0.649182
3 0.363839 0.529018 0.0385045 0.137649
1 0.865513 0.591239 0.160714 0.586868
0 0.873326 0.441592 0.175223 0.462054
3 0.368304 0.500372 0.0362723 0.0654762
3 0.36356 0.521577 0.0407366 0.0907738
0 0.364676 0.663691 0.0892857 0.580357
3 0.364118 0.528274 0.0530134 0.254464
3 0.367188 0.503348 0.0340402 0.131696
3 0.36942 0.569941 0.047433 0.22619
1 0.368583 0.620536 0.0680804 0.491071
1 0.348214 0.691778 0.135603 0.580729
3 0.359654 0.495164 0.0323661 0.0632441
3 0.36942 0.575707 0.0613839 0.417039
1 0.891183 0.501116 0.120536 0.493304
3 0.364397 0.590216 0.101562 0.584449
2 0.366629 0.635417 0.0976562 0.629464
3 0.359933 0.498884 0.0334821 0.119048
1 0.364118 0.528274 0.0530134 0.254464
0 0.871094 0.64974 0.137277 0.56064
1 0.363839 0.529018 0.0385045 0.137649
3 0.87221 0.460379 0.172991 0.489955
0 0.865513 0.59003 0.174107 0.556548
1 0.36942 0.569941 0.047433 0.22619
1 0.896763 0.507812 0.103795 0.259673
0 0.368583 0.620536 0.0680804 0.491071
1 0.873326 0.466146 0.160714 0.292411
1 0.858259 0.608631 0.225446 0.645833
0 0.364118 0.528274 0.0530134 0.254464
1 0.847098 0.650298 0.129464 0.575893
3 0.372768 0.559896 0.0435268 0.0922619
1 0.383929 0.667039 0.0848214 0.543899
0 0.270368 0.676339 0.329799 0.642857
3 0.352679 0.665179 0.116629 0.607143
0 0.320871 0.693266 0.183036 0.565848
