0 0.393555 0.33417 0.355748 0.608445
0 0.32952 0.334542 0.541853 0.665737
1 0.976004 0.601562 0.0412947 0.408482
0 0.973214 0.611049 0.0535714 0.569568
1 0.976562 0.603423 0.0390625 0.245536
1 0.397321 0.332961 0.375 0.611607
2 0.976004 0.601562 0.0412947 0.408482
1 0.973214 0.611049 0.0535714 0.569568
0 0.443778 0.351563 0.167132 0.564732
2 0.976562 0.603423 0.0390625 0.245536
0 0.976004 0.601562 0.0412947 0.408482
1 0.443778 0.351563 0.167132 0.564732
0 0.483817 0.333333 0.267857 0.615327
0 0.967634 0.688244 0.0580358 0.550595
0 0.962612 0.497396 0.0680804 0.662946
3 0.974888 0.583333 0.0390625 0.407738
1 0.316337 0.336496 0.478934 0.672991
1 0.979353 0.500837 0.0357142 0.541481
0 0.948661 0.629185 0.0959822 0.650856
3 0.974888 0.584077 0.0368303 0.232143
0 0.49442 0.332217 0.440848 0.65625
3 0.974888 0.581101 0.03125 0.13244
0 0.90904 0.351283 0.175223 0.644159
2 0.973214 0.611049 0.0535714 0.569568
0 0.976562 0.603423 0.0390625 0.245536
1 0.967634 0.688244 0.0580358 0.550595
2 0.393555 0.33417 0.355748 0.608445
0 0.979353 0.500837 0.0357142 0.541481
2 0.974888 0.581101 0.03125 0.13244
1 0.979353 0.555432 0.0345983 0.268601
1 0.90904 0.351283 0.175223 0.644159
1 0.984375 0.580357 0.0301339 0.433036
1 0.978237 0.584821 0.0334821 0.143601
1 0.962612 0.497396 0.0680804 0.662946
0 0.942522 0.353423 0.114955 0.636161
3 0.373605 0.332124 0.421317 0.630394
3 0.212123 0.578125 0.0288783 0.0818452
2 0.328753 0.332217 0.552316 0.664435
1 0.942522 0.353423 0.114955 0.636161
1 0.969308 0.655506 0.0479911 0.287202
0 0.973493 0.69122 0.0530133 0.504464
3 0.229841 0.571429 0.038644 0.09375
0 0.944754 0.485119 0.0948661 0.662202
0 0.331752 0.36263 0.25 0.58724
2 0.979353 0.555432 0.0345983 0.268601
2 0.978237 0.600446 0.0368304 0.148065
0 0.96596 0.351562 0.0647322 0.623512
0 0.419643 0.412574 0.135603 0.462798
0 0.542411 0.335193 0.204241 0.573661
1 0.984375 0.580171 0.0245536 0.24442
1 0.419643 0.412574 0.135603 0.462798
3 0.973772 0.644717 0.046875 0.530506
3 0.211565 0.575149 0.0511998 0.142857
0 0.411133 0.313988 0.206752 0.56622
1 0.951451 0.573568 0.0870535 0.550781
0 0.969308 0.655506 0.0479911 0.287202
0 0.380859 0.363467 0.212054 0.55878
1 0.98577 0.659226 0.0284598 0.505952
0 0.875 0.314825 0.225446 0.62779
