3 0.978795 0.579985 0.0379465 0.124256
0 0.446847 0.504836 0.187779 0.741816
0 0.456752 0.587984 0.260603 0.767485
0 0.30406 0.334077 0.47447 0.668155
1 0.455915 0.588356 0.266741 0.766741
0 0.412109 0.530227 0.151228 0.609189
0 0.407366 0.473958 0.290179 0.736607
2 0.978795 0.579613 0.0390625 0.123512
0 0.467634 0.659412 0.344866 0.666295
0 0.368513 0.392206 0.360073 0.672433
1 0.979353 0.578869 0.0390625 0.125
0 0.424944 0.659598 0.15904 0.59003
3 0.976562 0.575149 0.0435267 0.186012
0 0.979353 0.578869 0.0390625 0.125
1 0.446708 0.503255 0.186942 0.730097
1 0.424944 0.659598 0.15904 0.59003
0 0.494699 0.468285 0.305246 0.747954
1 0.304897 0.334449 0.492885 0.668899
0 0.426618 0.404018 0.182478 0.569941
0 0.385882 0.53032 0.121652 0.495908
1 0.48019 0.660714 0.386719 0.677083
2 0.457031 0.589844 0.28125 0.769717
0 0.429688 0.341425 0.302455 0.601377
3 0.22733 0.570685 0.0397601 0.0989584
3 0.213379 0.577381 0.0285993 0.0870536
2 0.976562 0.575149 0.0435267 0.186012
0 0.319964 0.706659 0.452706 0.571801
1 0.976562 0.575149 0.0435267 0.186012
3 0.457031 0.589844 0.28125 0.769717
2 0.446708 0.503255 0.186942 0.730097
0 0.341727 0.619048 0.271903 0.565476
0 0.392299 0.665923 0.124442 0.53125
0 0.466657 0.357515 0.168248 0.571429
0 0.600307 0.733445 0.562779 0.53311
3 0.229143 0.567708 0.0606864 0.168899
2 0.304897 0.334449 0.492885 0.668899
0 0.406529 0.528646 0.0920759 0.239583
3 0.213449 0.573661 0.0424107 0.133185
1 0.407366 0.473958 0.290179 0.736607
1 0.412109 0.676339 0.299665 0.611607
3 0.304897 0.334449 0.492885 0.668899
3 0.986049 0.591146 0.0279017 0.175595
1 0.407924 0.562965 0.133929 0.604725
3 0.446708 0.503255 0.186942 0.730097
3 0.385324 0.529762 0.0708705 0.201637
3 0.213797 0.534598 0.0355748 0.15253
3 0.973772 0.561012 0.0368303 0.125744
3 0.22154 0.578869 0.0334821 0.0959821
0 0.342983 0.527251 0.364258 0.542225
0 0.36077 0.541388 0.217634 0.491629
3 0.2244 0.531994 0.0489676 0.169643
3 0.385882 0.53032 0.121652 0.495908
0 0.335379 0.335938 0.251116 0.59747
0 0.652902 0.789435 0.503348 0.383929
0 0.976562 0.575149 0.0435267 0.186012
0 0.384487 0.491164 0.166853 0.492374
