3 0.978795 0.577753 0.0379465 0.126488
1 0.366629 0.55878 0.12221 0.352679
0 0.391183 0.363467 0.375 0.685268
0 0.329311 0.337426 0.548968 0.674851
0 0.375 0.545387 0.137835 0.385417
0 0.389509 0.471168 0.206473 0.572545
1 0.395368 0.552455 0.123884 0.34747
0 0.416155 0.378813 0.194475 0.606957
2 0.371652 0.547619 0.137277 0.39881
0 0.410435 0.474795 0.146763 0.504278
1 0.389509 0.471168 0.206473 0.572545
0 0.397879 0.44894 0.296875 0.615513
1 0.410435 0.474795 0.146763 0.504278
1 0.367188 0.504278 0.140625 0.503348
2 0.978795 0.576637 0.0390625 0.126488
0 0.486886 0.342262 0.297433 0.638393
0 0.498186 0.334077 0.483538 0.668155
1 0.978795 0.577753 0.0379465 0.119792
3 0.978516 0.582961 0.0429688 0.172619
2 0.395368 0.552455 0.123884 0.34747
0 0.978795 0.576637 0.0390625 0.126488
1 0.382324 0.361979 0.435128 0.710566
0 0.365513 0.550967 0.105469 0.296875
1 0.397879 0.44894 0.296875 0.615513
0 0.355748 0.506696 0.139509 0.534226
0 0.464007 0.364211 0.173549 0.578869
2 0.389509 0.471168 0.206473 0.572545
2 0.365513 0.550967 0.105469 0.296875
1 0.407087 0.53869 0.106585 0.275298
0 0.444336 0.460938 0.157087 0.47247
1 0.349051 0.545759 0.257812 0.429315
0 0.335379 0.398717 0.22433 0.614769
0 0.349051 0.545759 0.257812 0.429315
1 0.440848 0.368304 0.186384 0.59747
1 0.395787 0.568824 0.2274 0.389137
2 0.976562 0.573661 0.0435267 0.190476
1 0.444336 0.460938 0.157087 0.47247
3 0.229143 0.56808 0.0456194 0.110119
3 0.366629 0.55878 0.12221 0.352679
3 0.21296 0.572545 0.0333426 0.0885417
0 0.407087 0.53869 0.106585 0.275298
0 0.426339 0.485491 0.264509 0.459077
1 0.976562 0.573661 0.0435267 0.190476
2 0.382324 0.361979 0.435128 0.710566
3 0.973772 0.55878 0.0390625 0.153274
1 0.366908 0.507068 0.106027 0.263393
3 0.230748 0.565848 0.078125 0.229167
2 0.410435 0.474795 0.146763 0.504278
2 0.407087 0.53869 0.106585 0.275298
1 0.426339 0.485491 0.264509 0.459077
3 0.382324 0.361979 0.435128 0.710566
3 0.212263 0.569569 0.0592913 0.154762
0 0.878906 0.344866 0.215402 0.635417
1 0.399554 0.589844 0.0998884 0.256324
3 0.224679 0.533482 0.0506417 0.16369
1 0.409877 0.484375 0.11942 0.272321
0 0.581892 0.354446 0.394252 0.672061
1 0.878906 0.344866 0.215402 0.635417
3 0.2244 0.575893 0.0355748 0.0900298
0 0.409877 0.484375 0.11942 0.272321
2 0.397879 0.44894 0.296875 0.615513
3 0.395368 0.552455 0.123884 0.34747
0 0.545201 0.335286 0.207589 0.580915
0 0.976562 0.573661 0.0435267 0.190476
0 0.266462 0.520182 0.195313 0.477493
3 0.214286 0.534226 0.0396205 0.150298
