3 0.978795 0.577381 0.0368303 0.127232
1 0.333705 0.535063 0.149554 0.465588
0 0.415737 0.356027 0.304688 0.619048
0 0.396066 0.333705 0.482422 0.65997
0 0.334821 0.521577 0.1875 0.495536
0 0.442941 0.363095 0.176618 0.557292
0 0.385603 0.470982 0.173549 0.462798
1 0.320592 0.582868 0.222656 0.636347
1 0.367188 0.525298 0.132812 0.404762
2 0.333705 0.535063 0.149554 0.465588
1 0.385603 0.470982 0.173549 0.462798
1 0.359933 0.519159 0.269531 0.473586
0 0.279994 0.334449 0.477958 0.668899
1 0.419922 0.516369 0.0954241 0.337054
0 0.331961 0.399275 0.342773 0.609189
0 0.302734 0.540923 0.198661 0.58631
2 0.979353 0.576637 0.0379464 0.127976
0 0.419364 0.428943 0.138951 0.468006
0 0.384487 0.457589 0.291295 0.522321
2 0.385603 0.470982 0.173549 0.462798
0 0.419643 0.488095 0.105469 0.377976
0 0.289621 0.627418 0.321987 0.649926
1 0.979353 0.576637 0.0379464 0.127976
0 0.367188 0.525298 0.132812 0.404762
1 0.415737 0.356027 0.304688 0.619048
2 0.367188 0.525298 0.132812 0.404762
1 0.442941 0.363095 0.176618 0.557292
0 0.480469 0.34003 0.274554 0.613095
0 0.979353 0.576637 0.0379464 0.127976
1 0.289621 0.627418 0.321987 0.649926
0 0.36635 0.387649 0.168527 0.530506
1 0.434431 0.482608 0.169085 0.391927
1 0.373884 0.522321 0.107143 0.269345
3 0.978795 0.582217 0.0424107 0.180804
0 0.21596 0.727679 0.394531 0.538691
1 0.358817 0.60026 0.325893 0.576265
1 0.377511 0.589658 0.207589 0.506696
1 0.390555 0.331101 0.512416 0.662202
0 0.287319 0.474609 0.326032 0.625186
0 0.436105 0.479167 0.180246 0.377232
0 0.216239 0.632441 0.265625 0.495536
0 0.486886 0.334821 0.40904 0.640625
2 0.327009 0.546503 0.241629 0.520089
3 0.329799 0.540272 0.175223 0.504278
2 0.419922 0.516369 0.0954241 0.337054
2 0.415737 0.356027 0.304688 0.619048
0 0.420759 0.514509 0.0870536 0.24256
1 0.418806 0.542039 0.0719866 0.213542
2 0.373884 0.522321 0.107143 0.269345
1 0.358259 0.488095 0.111607 0.28125
1 0.334542 0.525298 0.136719 0.297619
2 0.977679 0.571801 0.0446428 0.200893
3 0.97433 0.558036 0.0379464 0.158482
0 0.20731 0.527344 0.165737 0.466146
3 0.359933 0.519159 0.269531 0.473586
1 0.276716 0.613839 0.178711 0.575893
1 0.438616 0.508557 0.121652 0.243304
2 0.358259 0.488095 0.111607 0.28125
3 0.367188 0.525298 0.132812 0.404762
0 0.910156 0.350353 0.170759 0.625186
1 0.910156 0.350353 0.170759 0.625186
3 0.385603 0.470982 0.173549 0.462798
0 0.358817 0.60026 0.325893 0.576265
3 0.398717 0.362351 0.382254 0.645833
2 0.384487 0.457589 0.291295 0.522321
0 0.464286 0.408017 0.13058 0.471168
2 0.390555 0.331101 0.512416 0.662202
3 0.208287 0.575893 0.032087 0.110863
3 0.206473 0.574777 0.0608259 0.232887
1 0.977679 0.571801 0.0446428 0.200893
2 0.440848 0.406994 0.185268 0.502232
2 0.334542 0.525298 0.136719 0.297619
0 0.276716 0.613839 0.178711 0.575893
1 0.328892 0.393322 0.433733 0.649368
