1 0.950614 0.549014 0.0987723 0.564174
0 0.402344 0.333798 0.330357 0.601749
0 0.320801 0.332589 0.53697 0.663691
0 0.445452 0.350911 0.1649 0.56901
1 0.406529 0.333426 0.349888 0.605469
1 0.445452 0.350911 0.1649 0.56901
0 0.48577 0.333333 0.270647 0.61756
2 0.947545 0.552641 0.100447 0.58817
0 0.499163 0.332217 0.443638 0.65997
0 0.946987 0.549293 0.101562 0.582961
1 0.320522 0.331473 0.547573 0.662946
1 0.952567 0.65625 0.0837053 0.418155
2 0.402344 0.333798 0.330357 0.601749
3 0.947545 0.552641 0.100447 0.58817
2 0.320522 0.331473 0.547573 0.662946
3 0.377023 0.331938 0.407785 0.630766
0 0.410435 0.313988 0.196987 0.565476
0 0.544503 0.334077 0.2101 0.577381
0 0.577567 0.353516 0.373884 0.663504
0 0.419922 0.412946 0.132254 0.465774
0 0.332589 0.362258 0.238281 0.579055
1 0.419922 0.412946 0.132254 0.465774
0 0.38365 0.363095 0.195313 0.554316
1 0.48577 0.333333 0.270647 0.61756
