3 0.978795 0.580357 0.0379465 0.124256
0 0.336496 0.517392 0.236607 0.622954
1 0.335379 0.549479 0.203125 0.578125
0 0.389788 0.34375 0.36663 0.657738
0 0.387556 0.444382 0.222656 0.551711
0 0.375558 0.530599 0.176897 0.473028
1 0.354004 0.50558 0.299805 0.506696
1 0.375558 0.530599 0.176897 0.473028
0 0.411272 0.358259 0.196429 0.56622
0 0.288783 0.337798 0.489397 0.675595
2 0.978795 0.579985 0.0390625 0.124256
1 0.387556 0.444382 0.222656 0.551711
0 0.300293 0.60426 0.310128 0.65904
1 0.978795 0.579613 0.0390625 0.125
0 0.41183 0.479074 0.141741 0.387091
3 0.978516 0.587054 0.0429688 0.163691
0 0.318638 0.492467 0.157366 0.628162
0 0.484933 0.336961 0.274554 0.608817
2 0.339286 0.518601 0.233259 0.644345
0 0.978795 0.579613 0.0390625 0.125
1 0.384696 0.346726 0.405831 0.670387
1 0.410435 0.516369 0.136719 0.380952
0 0.368304 0.488467 0.125558 0.279018
0 0.295759 0.471168 0.242746 0.703497
0 0.467494 0.356771 0.171038 0.561012
0 0.493025 0.332775 0.467076 0.665551
2 0.387556 0.444382 0.222656 0.551711
0 0.35219 0.586496 0.326869 0.559152
2 0.354004 0.50558 0.299805 0.506696
0 0.340123 0.391183 0.210379 0.613467
0 0.414621 0.514881 0.115513 0.241071
2 0.375558 0.530599 0.176897 0.473028
1 0.439732 0.355283 0.194196 0.572173
3 0.334821 0.519066 0.280134 0.625558
0 0.381696 0.526042 0.128348 0.264881
2 0.976562 0.575893 0.0435267 0.188244
0 0.440569 0.410714 0.157924 0.487351
0 0.286551 0.569103 0.19029 0.573103
1 0.976562 0.575893 0.0435267 0.188244
1 0.300293 0.60426 0.310128 0.65904
1 0.414621 0.514881 0.115513 0.241071
1 0.381696 0.526042 0.128348 0.264881
0 0.370536 0.445685 0.108259 0.261161
2 0.384696 0.346726 0.405831 0.670387
1 0.309152 0.646949 0.192522 0.555804
0 0.220354 0.623884 0.240095 0.506696
3 0.973772 0.558036 0.0390625 0.15625
0 0.2101 0.634301 0.353237 0.563244
3 0.384696 0.346726 0.405831 0.670387
0 0.361328 0.582961 0.227121 0.490327
3 0.986049 0.591518 0.0279017 0.175595
1 0.368304 0.488467 0.125558 0.279018
3 0.349609 0.50093 0.223772 0.480283
0 0.309152 0.646949 0.192522 0.555804
0 0.218401 0.532087 0.142439 0.459635
3 0.319754 0.555804 0.196429 0.595238
