1 0.0923549 0.448289 0.166853 0.40253
2 0.665737 0.460938 0.135045 0.49628
0 0.0895647 0.602307 0.174386 0.676339
2 0.0923549 0.448289 0.166853 0.40253
1 0.665737 0.460938 0.135045 0.49628
0 0.0918318 0.476377 0.175153 0.484747
0 0.665737 0.460938 0.135045 0.49628
0 0.666295 0.606213 0.174107 0.692336
3 0.666295 0.431641 0.129464 0.425409
1 0.0895647 0.602307 0.174386 0.676339
0 0.531808 0.466239 0.40625 0.702939
0 0.0681152 0.662202 0.131627 0.625
1 0.0714286 0.532738 0.142857 0.587798
0 0.119699 0.678571 0.239397 0.636905
1 0.666295 0.606213 0.174107 0.692336
0 0.648438 0.417132 0.184152 0.522879
3 0.0935059 0.473214 0.171247 0.459821
0 0.0714286 0.532738 0.142857 0.587798
2 0.0895647 0.602307 0.174386 0.676339
0 0.634487 0.620071 0.267857 0.740513
1 0.648996 0.517485 0.138393 0.598958
0 0.131069 0.613374 0.196568 0.639323
0 0.648996 0.517485 0.138393 0.598958
0 0.619978 0.473958 0.246652 0.574405
2 0.669643 0.427827 0.110491 0.30506
0 0.71875 0.622396 0.301339 0.725446
0 0.54534 0.399647 0.311105 0.621838
1 0.531808 0.466239 0.40625 0.702939
