3 0.522879 0.479911 0.0368304 0.101935
3 0.119838 0.502232 0.0228795 0.0654762
3 0.515765 0.480283 0.0343192 0.0944941
3 0.52274 0.474702 0.0560826 0.150298
3 0.117606 0.491816 0.0292969 0.0825893
1 0.522879 0.480283 0.0357143 0.0974702
0 0.522879 0.480283 0.0357143 0.0974702
3 0.127651 0.508557 0.0262277 0.0625
1 0.11942 0.502232 0.0259487 0.0691964
2 0.522879 0.480283 0.0357143 0.0974702
0 0.11942 0.502232 0.0259487 0.0691964
3 0.128767 0.490699 0.0265067 0.0736607
1 0.52274 0.474702 0.0560826 0.150298
2 0.119838 0.502232 0.0228795 0.0654762
0 0.52274 0.474702 0.0560826 0.150298
3 0.114955 0.534226 0.0217634 0.0892857
3 0.120536 0.46503 0.0209263 0.0863095
3 0.507394 0.489583 0.0354353 0.110863
3 0.495536 0.454613 0.0379465 0.103423
3 0.537946 0.466518 0.0390625 0.101935
