1 0.733259 0.541667 0.0647321 0.355655
3 0.978795 0.577381 0.0368303 0.126488
0 0.40067 0.334077 0.33817 0.599702
0 0.322126 0.332961 0.532087 0.662202
2 0.732143 0.539062 0.0625 0.341518
0 0.444615 0.353051 0.165458 0.561756
1 0.405134 0.333612 0.354911 0.603609
2 0.979353 0.576637 0.0379464 0.127232
1 0.444615 0.353051 0.165458 0.561756
1 0.979353 0.577753 0.0368304 0.12128
0 0.484654 0.334821 0.270647 0.616816
0 0.979353 0.576637 0.0379464 0.127232
0 0.499861 0.331101 0.451172 0.662202
0 0.732701 0.539249 0.0658482 0.341146
3 0.978795 0.582961 0.0424107 0.186756
1 0.313546 0.33631 0.478934 0.672619
3 0.731585 0.542411 0.0613839 0.342262
2 0.405134 0.333612 0.354911 0.603609
2 0.977679 0.573661 0.0446428 0.198661
1 0.723772 0.509301 0.0647322 0.357143
3 0.377162 0.332682 0.413086 0.630766
3 0.229283 0.563988 0.0403181 0.106399
3 0.973772 0.55878 0.0379464 0.15625
2 0.322475 0.330729 0.549247 0.661458
3 0.213449 0.568824 0.030692 0.0974703
0 0.881138 0.345982 0.21317 0.633185
0 0.419922 0.412946 0.135045 0.462054
0 0.409598 0.314453 0.194196 0.563058
1 0.906808 0.345982 0.177455 0.630952
1 0.977679 0.573661 0.0446428 0.198661
0 0.583705 0.361607 0.386161 0.649554
0 0.332589 0.362723 0.24721 0.588542
3 0.213658 0.532738 0.0347377 0.149554
1 0.419922 0.412946 0.135045 0.462054
3 0.231097 0.562128 0.0684989 0.191964
0 0.544643 0.333612 0.207589 0.579799
