2 0.0844029 0.472842 0.093471 0.274554
2 0.0842634 0.506975 0.104074 0.416109
3 0.74442 0.473958 0.0167411 0.0505952
0 0.0811942 0.65253 0.126953 0.672619
0 0.084368 0.510417 0.105259 0.379464
1 0.084368 0.510417 0.105259 0.379464
1 0.0823103 0.651786 0.122489 0.674107
3 0.0844029 0.472842 0.093471 0.274554
3 0.742746 0.487723 0.0200893 0.0535714
3 0.736607 0.459821 0.0189732 0.0565476
3 0.0842634 0.506975 0.104074 0.416109
1 0.0832868 0.461682 0.094308 0.264137
3 0.733259 0.457589 0.0189732 0.0654762
2 0.0823103 0.651786 0.122489 0.674107
0 0.0832868 0.461682 0.094308 0.264137
3 0.743304 0.473586 0.0279018 0.0885417
2 0.0882045 0.478051 0.0680106 0.151042
2 0.096017 0.450893 0.074707 0.244048
1 0.743304 0.473958 0.0167411 0.0491071
3 0.746652 0.456473 0.0178571 0.0617559
3 0.0811942 0.65253 0.126953 0.672619
2 0.0694406 0.473214 0.0592215 0.149554
0 0.115095 0.673177 0.23019 0.65067
