2 0.206194 0.451265 0.093192 0.207589
2 0.568638 0.430897 0.106027 0.319754
3 0.206334 0.454241 0.0917969 0.213542
1 0.567522 0.43378 0.104911 0.316964
0 0.567522 0.43378 0.104911 0.316964
3 0.567522 0.431176 0.106027 0.320685
0 0.206613 0.451637 0.0951451 0.209077
1 0.206264 0.450893 0.0947265 0.206845
2 0.204799 0.445312 0.078125 0.15625
2 0.214076 0.463914 0.0679408 0.153274
2 0.21875 0.468006 0.0998884 0.275298
3 0.214076 0.463914 0.0679408 0.153274
0 0.560826 0.639881 0.171875 0.61756
2 0.549107 0.43564 0.116071 0.368304
2 0.592634 0.429688 0.0881696 0.344494
2 0.548549 0.435268 0.0926339 0.283482
