1 0.905692 0.546317 0.140625 0.328497
3 0.979353 0.577009 0.0390625 0.133185
3 0.974609 0.575149 0.0507812 0.158482
0 0.384835 0.332496 0.374302 0.613281
0 0.330357 0.331845 0.535714 0.663691
2 0.975167 0.575149 0.0496652 0.147321
1 0.975167 0.575149 0.0496652 0.147321
2 0.90625 0.546875 0.139509 0.327381
3 0.907366 0.545945 0.138393 0.30692
1 0.924107 0.542411 0.112723 0.276786
0 0.906808 0.545759 0.139509 0.304315
1 0.978795 0.579613 0.0379465 0.125744
1 0.388393 0.331473 0.387277 0.618304
0 0.891741 0.383929 0.183036 0.620536
2 0.978795 0.579613 0.0379465 0.125744
0 0.44308 0.355655 0.174107 0.555804
1 0.904576 0.390532 0.159598 0.608817
0 0.483119 0.33631 0.246931 0.602679
0 0.979353 0.577009 0.0390625 0.133185
1 0.44308 0.355655 0.174107 0.555804
1 0.9774 0.553571 0.0452008 0.221726
2 0.927455 0.540923 0.110491 0.27753
3 0.9774 0.553571 0.0452008 0.221726
3 0.966518 0.587054 0.0658483 0.15997
1 0.886161 0.541667 0.162946 0.43006
3 0.944197 0.572173 0.0881696 0.22247
2 0.368862 0.331473 0.43192 0.631696
2 0.944197 0.572173 0.0881696 0.22247
2 0.9774 0.553571 0.0452008 0.221726
3 0.23019 0.568824 0.0407366 0.100446
1 0.944197 0.572173 0.0881696 0.22247
0 0.489955 0.329613 0.433036 0.659226
3 0.213588 0.575521 0.0304129 0.0900297
2 0.94308 0.519903 0.104911 0.37686
3 0.368862 0.331473 0.43192 0.631696
3 0.231864 0.565848 0.0641741 0.166667
1 0.893973 0.331008 0.209821 0.656436
0 0.974609 0.575149 0.0507812 0.158482
3 0.985491 0.589658 0.0290178 0.171131
1 0.94308 0.519903 0.104911 0.37686
3 0.213588 0.572173 0.0488281 0.138393
0 0.9774 0.553571 0.0452008 0.221726
0 0.409598 0.313244 0.207589 0.566964
0 0.416574 0.412853 0.159598 0.46596
3 0.223842 0.576637 0.0339007 0.0974703
0 0.90625 0.447824 0.143973 0.516555
