3 0.978795 0.578125 0.0368303 0.127232
1 0.338728 0.559059 0.148996 0.541109
0 0.411203 0.335565 0.458845 0.662202
0 0.410714 0.354167 0.303571 0.62872
0 0.340681 0.545759 0.159598 0.564732
1 0.366908 0.55785 0.144531 0.473586
0 0.415179 0.363839 0.199777 0.577381
0 0.395926 0.447638 0.173549 0.536272
1 0.366071 0.518136 0.242746 0.506882
0 0.366071 0.518136 0.242746 0.506882
0 0.365792 0.536551 0.146763 0.465588
0 0.373047 0.377604 0.205357 0.571429
1 0.332031 0.580264 0.227679 0.637091
2 0.978795 0.578125 0.0379465 0.125744
0 0.415737 0.48019 0.128906 0.414621
1 0.395926 0.447638 0.173549 0.536272
0 0.484933 0.335566 0.303571 0.61756
0 0.358259 0.395089 0.313616 0.616071
2 0.345703 0.519066 0.18471 0.481213
1 0.979353 0.577753 0.0368304 0.126488
0 0.30971 0.550595 0.159598 0.598214
1 0.427734 0.334449 0.338728 0.618304
0 0.979353 0.577753 0.0368304 0.126488
1 0.415737 0.517857 0.118304 0.38244
1 0.438616 0.358259 0.191964 0.564732
0 0.28111 0.331473 0.455636 0.662946
1 0.30971 0.550595 0.159598 0.598214
0 0.303571 0.549293 0.25558 0.612723
0 0.440151 0.410249 0.160993 0.484561
0 0.466099 0.359003 0.17048 0.55506
0 0.284668 0.627232 0.315709 0.647321
0 0.212263 0.724702 0.392439 0.543155
3 0.978516 0.587054 0.0429688 0.200893
1 0.373884 0.529762 0.118304 0.266369
2 0.395926 0.447638 0.173549 0.536272
1 0.417132 0.517485 0.103237 0.241071
1 0.430385 0.330357 0.489676 0.660714
1 0.393555 0.438802 0.273158 0.571801
0 0.208147 0.635045 0.22433 0.517113
1 0.434431 0.482515 0.174665 0.383185
0 0.417132 0.517485 0.103237 0.241071
3 0.340681 0.545759 0.159598 0.564732
1 0.878348 0.347098 0.220982 0.630952
2 0.978516 0.587054 0.0429688 0.200893
2 0.407087 0.332868 0.470424 0.661644
3 0.97433 0.557292 0.0368304 0.160714
2 0.426618 0.336775 0.319754 0.610677
3 0.366071 0.518136 0.242746 0.506882
3 0.407087 0.332868 0.470424 0.661644
0 0.414621 0.547061 0.108259 0.358259
0 0.373884 0.529762 0.118304 0.266369
0 0.361049 0.488839 0.128906 0.288691
0 0.878348 0.347098 0.220982 0.630952
1 0.284668 0.627232 0.315709 0.647321
1 0.373047 0.377604 0.205357 0.571429
3 0.209263 0.574405 0.0597098 0.236607
1 0.320312 0.668155 0.270647 0.50744
0 0.416853 0.438988 0.116629 0.287946
0 0.206543 0.533389 0.14495 0.454055
3 0.986607 0.59096 0.0267857 0.202009
0 0.26981 0.343657 0.199219 0.576079
0 0.364258 0.592076 0.293806 0.542039
3 0.21024 0.574405 0.0343192 0.115327
0 0.439453 0.50558 0.143415 0.399554
