3 0.434431 0.44122 0.0329241 0.0885417
3 0.444196 0.439732 0.0440848 0.0877976
3 0.4375 0.456473 0.0340402 0.0952381
3 0.451451 0.458333 0.0513393 0.0915179
3 0.44615 0.44122 0.0563616 0.125
3 0.454241 0.456845 0.0636161 0.137649
3 0.495536 0.469122 0.0424107 0.0766369
3 0.484235 0.452009 0.0460379 0.0751488
3 0.507812 0.457217 0.0290179 0.0677083
3 0.438616 0.456845 0.0479911 0.136905
3 0.502372 0.468378 0.0387835 0.0870536
3 0.493304 0.469122 0.0513392 0.0997024
3 0.495117 0.468006 0.0555245 0.158482
3 0.494559 0.468378 0.0700335 0.122768
3 0.478237 0.485119 0.0513393 0.0952381
3 0.452009 0.413691 0.0418527 0.120536
3 0.484654 0.453497 0.0608259 0.148065
3 0.44894 0.467913 0.0982143 0.326079
3 0.50558 0.457961 0.0535714 0.159226
3 0.446708 0.413318 0.0396205 0.0662203
