2 0.0873326 0.545387 0.09375 0.513393
3 0.0862165 0.469494 0.0714286 0.268601
2 0.0877511 0.476191 0.0758929 0.28869
3 0.619978 0.452381 0.0345982 0.0915179
2 0.0764509 0.47061 0.0546875 0.254464
0 0.0837054 0.651507 0.126953 0.696987
0 0.0890067 0.549293 0.101842 0.475818
3 0.0873326 0.545387 0.09375 0.513393
1 0.0873326 0.545387 0.09375 0.513393
3 0.614955 0.449405 0.0479911 0.181548
3 0.614397 0.46689 0.0357142 0.0885417
3 0.069894 0.456845 0.0558036 0.231399
1 0.0812291 0.650298 0.116002 0.684524
0 0.115479 0.655878 0.188128 0.646577
3 0.0653599 0.468006 0.038644 0.132441
1 0.10934 0.670201 0.183105 0.641741
1 0.0862514 0.482794 0.0774972 0.381138
3 0.631696 0.465774 0.0279018 0.0818453
3 0.0793806 0.473586 0.0488281 0.139137
1 0.0828683 0.462054 0.0756138 0.248512
0 0.0869141 0.485863 0.0890067 0.37128
3 0.608259 0.445312 0.03125 0.0967262
2 0.0653599 0.468006 0.038644 0.132441
