1 0.0673131 0.534691 0.124302 0.516927
3 0.978795 0.578125 0.0379465 0.126488
0 0.398996 0.333984 0.334821 0.601376
0 0.317453 0.334449 0.544782 0.668899
1 0.40346 0.333612 0.352679 0.605097
0 0.445731 0.332589 0.193359 0.604911
0 0.0692662 0.53497 0.126256 0.517857
1 0.445173 0.351842 0.165458 0.565662
2 0.979353 0.577009 0.0390625 0.127976
2 0.0631975 0.532552 0.118304 0.524182
1 0.979353 0.577753 0.0368304 0.122768
0 0.493722 0.336031 0.338449 0.621094
0 0.979353 0.577009 0.0390625 0.127976
1 0.300851 0.335752 0.495396 0.671503
3 0.978795 0.583705 0.0424107 0.171875
1 0.0438058 0.534505 0.0753348 0.503906
0 0.176688 0.507906 0.353097 0.549665
0 0.171875 0.512649 0.198103 0.501488
2 0.398996 0.333984 0.334821 0.601376
2 0.977121 0.573661 0.0435267 0.188244
1 0.100167 0.535249 0.200335 0.530692
0 0.445452 0.403646 0.148158 0.488839
3 0.0694406 0.533482 0.124512 0.5
2 0.316964 0.333519 0.560268 0.667039
3 0.374163 0.332496 0.40904 0.62965
0 0.879464 0.344122 0.21875 0.630952
1 0.977121 0.573661 0.0435267 0.188244
0 0.501674 0.334821 0.21317 0.601191
1 0.419922 0.412853 0.129464 0.464472
0 0.544085 0.333984 0.200893 0.576079
3 0.973772 0.559524 0.0390625 0.153274
0 0.332101 0.363374 0.242048 0.58724
1 0.484096 0.334449 0.257254 0.611607
1 0.879464 0.344122 0.21875 0.630952
0 0.383092 0.364955 0.199219 0.55878
0 0.0438058 0.534505 0.0753348 0.503906
