3 0.403739 0.517485 0.0647321 0.162946
3 0.403739 0.543155 0.0758929 0.224702
2 0.403739 0.556548 0.0753348 0.258929
1 0.40904 0.689732 0.0926339 0.556548
0 0.410714 0.704613 0.111607 0.566964
2 0.405692 0.655134 0.0887277 0.497768
1 0.403739 0.543155 0.0758929 0.224702
0 0.403739 0.543155 0.0758929 0.224702
2 0.403739 0.518973 0.0669643 0.168899
3 0.40625 0.612723 0.0708705 0.398065
3 0.415179 0.523066 0.0803572 0.206845
1 0.40625 0.612723 0.0708705 0.398065
3 0.415737 0.517857 0.0541295 0.13244
3 0.405692 0.655134 0.0887277 0.497768
0 0.428013 0.700893 0.165179 0.59375
1 0.42606 0.705357 0.143415 0.561012
1 0.403739 0.517485 0.0647321 0.162946
2 0.40625 0.612723 0.0708705 0.398065
0 0.40346 0.508929 0.0669643 0.147321
0 0.40625 0.612723 0.0708705 0.398065
2 0.413783 0.675967 0.124442 0.573661
