1 0.943638 0.552083 0.111607 0.607143
0 0.392787 0.332217 0.366211 0.614583
0 0.328823 0.330729 0.536551 0.661458
0 0.442801 0.354167 0.173549 0.568452
1 0.396415 0.330729 0.381278 0.618304
1 0.940848 0.660714 0.104911 0.547619
0 0.941406 0.562128 0.112723 0.673363
0 0.484933 0.336775 0.264509 0.616629
1 0.442801 0.354167 0.173549 0.568452
0 0.492467 0.330264 0.43471 0.659412
1 0.329311 0.329613 0.547852 0.659226
2 0.941406 0.561384 0.111607 0.619792
0 0.928013 0.665551 0.131697 0.603423
3 0.216518 0.529762 0.0385045 0.166667
2 0.374093 0.331101 0.429269 0.636161
3 0.228795 0.563244 0.0440848 0.116815
3 0.941406 0.561384 0.111607 0.619792
3 0.374093 0.331101 0.429269 0.636161
0 0.417411 0.413411 0.155134 0.472284
0 0.544085 0.33417 0.205357 0.572731
3 0.230748 0.560268 0.0636161 0.172619
0 0.219587 0.520833 0.114397 0.318452
0 0.411272 0.314732 0.207589 0.566964
3 0.214286 0.569196 0.0329241 0.107143
3 0.216309 0.527902 0.0562221 0.1875
