1 0.914062 0.542597 0.16183 0.43564
0 0.396763 0.332868 0.344866 0.608073
0 0.330287 0.333705 0.539202 0.667411
1 0.949219 0.558408 0.0982142 0.305804
2 0.981585 0.573289 0.0334822 0.145089
1 0.979353 0.572917 0.0345983 0.165179
2 0.949219 0.558408 0.0982142 0.305804
2 0.985491 0.573661 0.0290178 0.202381
1 0.401088 0.331845 0.363002 0.612351
0 0.914062 0.543899 0.157366 0.433036
0 0.44322 0.353888 0.169364 0.563058
2 0.979353 0.561012 0.0357142 0.227679
1 0.985491 0.573661 0.0290178 0.202381
1 0.956194 0.571057 0.0876116 0.225446
1 0.44322 0.353888 0.169364 0.563058
0 0.484654 0.334449 0.269531 0.615327
2 0.914062 0.543899 0.157366 0.433036
2 0.956194 0.571057 0.0876116 0.225446
3 0.982143 0.575893 0.0334821 0.139881
0 0.949219 0.558408 0.0982142 0.305804
0 0.497349 0.331473 0.458426 0.662946
0 0.979353 0.572917 0.0345983 0.165179
1 0.983538 0.578125 0.0329241 0.133185
1 0.373047 0.326637 0.537388 0.651042
3 0.949219 0.558408 0.0982142 0.305804
2 0.401088 0.331845 0.363002 0.612351
3 0.921875 0.537202 0.145089 0.409226
1 0.883929 0.54734 0.189732 0.527344
0 0.985491 0.573661 0.0290178 0.202381
3 0.981585 0.561012 0.03125 0.210566
0 0.877232 0.54734 0.234375 0.528832
3 0.377372 0.33138 0.4149 0.633371
1 0.975725 0.535342 0.0485491 0.328125
2 0.329171 0.332403 0.550363 0.664807
0 0.907366 0.412946 0.177455 0.566964
0 0.419085 0.41369 0.139509 0.462798
3 0.230469 0.566964 0.0379464 0.0989583
1 0.907366 0.412946 0.177455 0.566964
3 0.212821 0.571429 0.0291574 0.0922619
0 0.333984 0.362351 0.239397 0.584821
0 0.544782 0.333705 0.198382 0.571429
0 0.382533 0.362351 0.211496 0.559524
1 0.419085 0.41369 0.139509 0.462798
1 0.926339 0.524554 0.129464 0.302827
0 0.983538 0.578125 0.0329241 0.133185
2 0.975725 0.535342 0.0485491 0.328125
