2 0.565848 0.433315 0.104911 0.319382
2 0.210589 0.455729 0.0933315 0.206845
3 0.211077 0.455357 0.0895647 0.214286
1 0.565848 0.43378 0.104911 0.318452
0 0.565848 0.43378 0.104911 0.318452
3 0.566406 0.431269 0.104911 0.320499
0 0.208915 0.46317 0.0989118 0.229911
1 0.21031 0.455729 0.0950056 0.206101
2 0.20731 0.446057 0.077567 0.156994
2 0.549665 0.435268 0.122768 0.375744
2 0.217913 0.465402 0.0697545 0.154018
3 0.217913 0.465402 0.0697545 0.154018
2 0.593192 0.430804 0.0837054 0.351934
0 0.557478 0.642671 0.185268 0.625372
3 0.20731 0.446057 0.077567 0.156994
