2 0.926339 0.444196 0.114955 0.354911
1 0.922433 0.437872 0.117188 0.345238
0 0.377511 0.716518 0.19308 0.459821
0 0.397321 0.665551 0.156808 0.447173
0 0.922433 0.437872 0.117188 0.345238
1 0.399833 0.627046 0.140625 0.409598
3 0.925223 0.444661 0.116071 0.356213
0 0.354911 0.69029 0.276228 0.503348
0 0.382533 0.672991 0.151228 0.267113
1 0.356306 0.735119 0.234375 0.479167
1 0.386161 0.671317 0.197545 0.484747
0 0.402065 0.602307 0.192522 0.484375
0 0.345145 0.767113 0.213728 0.443452
2 0.399833 0.627046 0.140625 0.409598
1 0.402065 0.602307 0.192522 0.484375
1 0.400391 0.625372 0.123326 0.238839
2 0.39202 0.631138 0.128906 0.222842
2 0.953683 0.46131 0.0691964 0.383929
2 0.388393 0.670015 0.180246 0.497768
0 0.416155 0.656622 0.243583 0.523065
