1 0.574219 0.565104 0.223214 0.767113
3 0.978795 0.578125 0.0379465 0.12872
0 0.555246 0.526135 0.226562 0.69029
0 0.390067 0.34747 0.316964 0.59747
0 0.318987 0.332589 0.539481 0.664435
1 0.562361 0.471354 0.185547 0.609375
2 0.979353 0.577381 0.0379464 0.127976
1 0.395647 0.346354 0.33817 0.604911
0 0.441546 0.460658 0.192801 0.562314
1 0.979353 0.577381 0.0379464 0.127976
0 0.47168 0.350446 0.203962 0.55878
0 0.418527 0.427734 0.108259 0.451079
0 0.979353 0.577381 0.0379464 0.127976
0 0.419922 0.375372 0.136161 0.53497
2 0.573242 0.567336 0.231864 0.767113
0 0.447405 0.384766 0.368583 0.662016
0 0.586077 0.632441 0.243025 0.641369
1 0.418527 0.427734 0.108259 0.451079
1 0.441546 0.460658 0.192801 0.562314
3 0.978795 0.585194 0.0424107 0.186012
3 0.573242 0.567336 0.231864 0.767113
0 0.501535 0.505115 0.293806 0.604353
1 0.414621 0.468285 0.0864956 0.340216
1 0.419922 0.375372 0.136161 0.53497
1 0.319824 0.331473 0.55678 0.662946
0 0.414621 0.468285 0.0864956 0.340216
3 0.97433 0.557664 0.0379464 0.154762
2 0.395647 0.346354 0.33817 0.604911
2 0.978795 0.585194 0.0424107 0.186012
1 0.907366 0.35119 0.178572 0.622024
1 0.501535 0.505115 0.293806 0.604353
3 0.211775 0.573289 0.0290179 0.0892857
3 0.986328 0.591146 0.0273438 0.1875
3 0.231306 0.566592 0.0385045 0.0974702
1 0.469308 0.39481 0.204241 0.579427
1 0.977679 0.574405 0.0446428 0.203869
1 0.421875 0.486979 0.138951 0.34003
0 0.907366 0.35119 0.178572 0.622024
3 0.395647 0.346354 0.33817 0.604911
1 0.604911 0.530227 0.148438 0.653832
2 0.319824 0.331473 0.55678 0.662946
0 0.404855 0.312593 0.176897 0.544457
1 0.635603 0.576079 0.147321 0.645461
