3 0.978795 0.577753 0.0379465 0.125744
0 0.720424 0.547247 0.261161 0.720982
0 0.389788 0.333984 0.364397 0.608817
0 0.325474 0.334077 0.549944 0.66369
1 0.719308 0.569289 0.265625 0.74535
1 0.393624 0.332961 0.382394 0.611607
0 0.442662 0.353144 0.168248 0.563058
0 0.499442 0.327753 0.299107 0.611607
2 0.979353 0.577009 0.0390625 0.125744
1 0.442662 0.353144 0.168248 0.563058
0 0.703125 0.423642 0.248884 0.550037
1 0.979353 0.577753 0.0379464 0.120536
1 0.686384 0.672619 0.34375 0.5625
1 0.704799 0.453869 0.235491 0.552083
3 0.978795 0.584821 0.0424107 0.176339
0 0.979353 0.577009 0.0390625 0.125744
1 0.317034 0.335007 0.484235 0.670015
1 0.74721 0.642113 0.207589 0.614583
0 0.499721 0.329613 0.473772 0.659226
0 0.679688 0.672991 0.362723 0.576637
0 0.59933 0.374907 0.270089 0.564174
2 0.71317 0.533947 0.267857 0.711868
0 0.607143 0.375093 0.388393 0.635231
2 0.389788 0.333984 0.364397 0.608817
3 0.71317 0.533947 0.267857 0.711868
2 0.977121 0.574405 0.0435267 0.19122
3 0.370605 0.331938 0.427316 0.630766
0 0.679129 0.516555 0.210938 0.594866
2 0.325195 0.332031 0.561663 0.664062
0 0.780134 0.512835 0.332589 0.703497
1 0.977121 0.574405 0.0435267 0.19122
0 0.782924 0.531436 0.206473 0.642485
0 0.419643 0.411458 0.141741 0.467262
1 0.499442 0.327753 0.299107 0.611607
3 0.231097 0.563988 0.0405971 0.104911
1 0.419643 0.411458 0.141741 0.467262
3 0.214634 0.531622 0.0372489 0.15253
3 0.973772 0.561384 0.0357143 0.122768
0 0.337333 0.361979 0.253906 0.582589
0 0.74721 0.642113 0.207589 0.614583
0 0.410993 0.315011 0.212612 0.569382
3 0.2274 0.531622 0.046317 0.15997
3 0.213309 0.569941 0.031529 0.0974703
1 0.881697 0.355655 0.206473 0.589286
