2 0.139509 0.456845 0.0973772 0.24628
2 0.136161 0.491816 0.108259 0.370536
3 0.141741 0.459449 0.0881696 0.244048
3 0.420201 0.443452 0.0385045 0.104911
0 0.104074 0.663691 0.166853 0.630952
3 0.422991 0.469866 0.0440848 0.155506
3 0.136161 0.488746 0.103795 0.407924
0 0.136161 0.491816 0.108259 0.370536
3 0.421038 0.444568 0.0507812 0.153274
1 0.136161 0.491816 0.108259 0.370536
1 0.13923 0.457961 0.0998884 0.247768
0 0.135463 0.653274 0.145926 0.651786
0 0.13923 0.457961 0.0998884 0.247768
2 0.130022 0.46875 0.0644531 0.145833
3 0.130022 0.46875 0.0644531 0.145833
1 0.135463 0.653274 0.145926 0.651786
3 0.42327 0.499256 0.0385045 0.184524
3 0.430525 0.440104 0.0485491 0.113839
2 0.137416 0.483259 0.0742188 0.21875
3 0.120536 0.464658 0.0686384 0.199405
2 0.149414 0.471354 0.0638951 0.15253
3 0.416016 0.462798 0.0424107 0.130952
3 0.433315 0.438988 0.0675223 0.270833
2 0.120536 0.464658 0.0686384 0.199405
3 0.149414 0.471354 0.0638951 0.15253
0 0.149623 0.661458 0.243164 0.677083
3 0.430246 0.491071 0.102121 0.358631
1 0.420201 0.443452 0.0385045 0.104911
1 0.421038 0.444568 0.0507812 0.153274
