3 0.978795 0.578125 0.0368303 0.126488
1 0.62221 0.552641 0.203125 0.698289
0 0.325474 0.333705 0.538783 0.663691
0 0.39202 0.334449 0.345424 0.607143
0 0.610491 0.570033 0.258929 0.726004
0 0.629464 0.545573 0.176339 0.658854
0 0.443638 0.35426 0.166295 0.575707
1 0.396205 0.332961 0.362723 0.612351
1 0.443638 0.35426 0.166295 0.575707
2 0.978795 0.578125 0.0379465 0.125744
1 0.624442 0.464193 0.145089 0.546317
1 0.979353 0.577381 0.0379464 0.127232
0 0.979353 0.577381 0.0379464 0.127232
0 0.53125 0.371652 0.22433 0.599702
1 0.31522 0.333891 0.478934 0.667783
1 0.577009 0.585472 0.34375 0.671317
2 0.621094 0.555339 0.228795 0.686942
1 0.57659 0.453869 0.182757 0.620536
3 0.978795 0.585938 0.0424107 0.185268
0 0.503209 0.374721 0.337333 0.644903
1 0.53125 0.371652 0.22433 0.599702
0 0.57659 0.453869 0.182757 0.620536
3 0.621094 0.555339 0.228795 0.686942
2 0.39202 0.334449 0.345424 0.607143
1 0.643415 0.641369 0.18192 0.599702
1 0.544643 0.68378 0.367188 0.547619
2 0.978795 0.585938 0.0424107 0.185268
2 0.324707 0.331101 0.550363 0.662202
1 0.466797 0.406157 0.151228 0.518043
1 0.596959 0.640253 0.229074 0.579613
1 0.907924 0.349609 0.175223 0.623698
0 0.544643 0.68378 0.367188 0.547619
3 0.370675 0.33324 0.419364 0.631138
1 0.601004 0.408854 0.127232 0.53497
3 0.97433 0.558036 0.0379464 0.156994
0 0.420759 0.412667 0.137835 0.469308
0 0.570452 0.560919 0.214007 0.62965
0 0.547991 0.460379 0.292411 0.65067
0 0.466797 0.406157 0.151228 0.518043
1 0.570452 0.560919 0.214007 0.62965
0 0.907924 0.349609 0.175223 0.623698
3 0.231864 0.563988 0.0407366 0.104167
0 0.745536 0.69122 0.408482 0.605655
1 0.467773 0.486049 0.192801 0.41183
1 0.420759 0.412667 0.137835 0.469308
1 0.608119 0.424851 0.26702 0.608631
1 0.977679 0.573289 0.0446428 0.200149
0 0.335658 0.362723 0.246094 0.581845
1 0.508929 0.41397 0.139509 0.544085
0 0.476842 0.319568 0.213728 0.578869
0 0.381417 0.363095 0.208705 0.557292
3 0.212472 0.570685 0.031529 0.0974703
1 0.672433 0.54083 0.157366 0.616257
1 0.503209 0.374721 0.337333 0.644903
3 0.986607 0.59003 0.0267857 0.19122
