1 0.924107 0.516741 0.145089 0.662946
0 0.387905 0.333333 0.362584 0.612351
0 0.329311 0.333333 0.548968 0.663691
0 0.920759 0.533203 0.15067 0.625558
1 0.981585 0.581659 0.0301339 0.297991
2 0.984375 0.58631 0.0267858 0.171131
1 0.984375 0.58631 0.0267858 0.171131
3 0.985491 0.575149 0.0234375 0.125
2 0.981585 0.581659 0.0301339 0.297991
1 0.391671 0.33231 0.378488 0.616629
0 0.441825 0.353888 0.172154 0.566034
0 0.979353 0.567522 0.0357142 0.318824
2 0.923549 0.506603 0.149554 0.671317
1 0.441825 0.353888 0.172154 0.566034
0 0.483817 0.335938 0.264509 0.613095
3 0.984375 0.58631 0.0267858 0.171131
1 0.92048 0.667411 0.15904 0.529762
1 0.9375 0.650298 0.111607 0.467262
0 0.982701 0.575893 0.030134 0.15253
3 0.981585 0.581659 0.0301339 0.297991
1 0.328474 0.331101 0.558454 0.662202
1 0.975447 0.551339 0.0446429 0.480655
2 0.985491 0.575149 0.0234375 0.125
0 0.493722 0.331101 0.458984 0.662202
0 0.975447 0.551339 0.0446429 0.480655
0 0.92048 0.667411 0.15904 0.529762
0 0.939174 0.688616 0.114955 0.456101
2 0.371931 0.331752 0.424665 0.632627
3 0.923549 0.516927 0.146205 0.644717
1 0.985491 0.575149 0.0234375 0.125
3 0.371931 0.331752 0.424665 0.632627
2 0.975447 0.551339 0.0446429 0.480655
1 0.93471 0.420015 0.13058 0.627232
2 0.983817 0.557292 0.0290178 0.115327
0 0.985491 0.573289 0.0267857 0.220238
1 0.907366 0.341146 0.180804 0.619792
0 0.417969 0.411086 0.146763 0.470238
3 0.983817 0.557292 0.0290178 0.115327
3 0.231097 0.569568 0.0378069 0.0952381
3 0.21303 0.576265 0.0276228 0.0892858
0 0.907366 0.341146 0.180804 0.619792
0 0.336286 0.362072 0.250419 0.580915
1 0.902902 0.567336 0.194196 0.68378
0 0.544782 0.334449 0.189453 0.567708
1 0.983817 0.557292 0.0290178 0.115327
1 0.977679 0.64881 0.0424107 0.389881
0 0.932199 0.421689 0.135603 0.635789
0 0.40918 0.315476 0.212891 0.568452
