1 0.936942 0.434617 0.11942 0.404576
2 0.9375 0.440476 0.121652 0.417411
1 0.365513 0.637091 0.0982143 0.621652
0 0.352121 0.645833 0.131696 0.641369
3 0.364676 0.530134 0.0435268 0.143601
3 0.369978 0.536458 0.0591518 0.299851
3 0.369699 0.50372 0.0412946 0.0691964
3 0.364676 0.523066 0.0452009 0.0922619
0 0.364118 0.663691 0.0876116 0.572917
0 0.938616 0.436477 0.117188 0.40532
3 0.36942 0.56622 0.0507812 0.226191
3 0.369141 0.505952 0.0390625 0.136905
3 0.364676 0.589658 0.101004 0.563244
1 0.369699 0.572173 0.0636161 0.39881
1 0.347098 0.696429 0.134487 0.580357
3 0.36077 0.49628 0.0368304 0.0669643
2 0.365513 0.637091 0.0982143 0.621652
1 0.364955 0.529018 0.0574777 0.255952
0 0.922991 0.614211 0.145089 0.604911
3 0.360491 0.499628 0.0379464 0.129464
1 0.929129 0.498326 0.120536 0.562872
3 0.936384 0.434803 0.113839 0.411644
3 0.368304 0.617932 0.0680804 0.476935
1 0.931362 0.614955 0.123884 0.594494
1 0.364676 0.530134 0.0435268 0.143601
1 0.36942 0.56622 0.0507812 0.226191
0 0.369699 0.572173 0.0636161 0.39881
3 0.361049 0.498884 0.0546875 0.262649
3 0.373326 0.557664 0.0457589 0.0907738
0 0.364955 0.529018 0.0574777 0.255952
3 0.352121 0.645833 0.131696 0.641369
0 0.32115 0.697917 0.179129 0.566964
3 0.368583 0.610677 0.0552455 0.266741
0 0.270089 0.677641 0.328125 0.641741
3 0.382254 0.530506 0.0446429 0.159226
3 0.383092 0.527158 0.0357143 0.0825893
