1 0.96317 0.559152 0.0725447 0.594494
0 0.324847 0.332217 0.546735 0.657738
0 0.380929 0.332589 0.374302 0.619048
1 0.384068 0.331101 0.388114 0.622024
0 0.442104 0.354539 0.171596 0.563244
1 0.957589 0.65625 0.0803572 0.55506
0 0.96317 0.568545 0.0736607 0.678385
0 0.484794 0.335565 0.258092 0.611607
2 0.96596 0.545945 0.0680803 0.553943
1 0.442104 0.354539 0.171596 0.563244
0 0.491908 0.331473 0.443638 0.662946
2 0.366629 0.33138 0.433036 0.636347
3 0.212891 0.572917 0.0301339 0.09375
3 0.22719 0.567708 0.0411551 0.103423
3 0.366629 0.33138 0.433036 0.636347
3 0.96596 0.545945 0.0680803 0.553943
3 0.213588 0.534598 0.0354353 0.15625
1 0.940848 0.537388 0.0837053 0.597842
1 0.965402 0.438244 0.0658483 0.460565
3 0.229143 0.565104 0.0634766 0.176339
3 0.224051 0.53125 0.0485491 0.168899
2 0.955915 0.605841 0.0792411 0.678199
0 0.338728 0.359747 0.260603 0.582589
3 0.212891 0.569569 0.0452009 0.139881
0 0.545759 0.333705 0.190848 0.563244
0 0.416853 0.412481 0.155134 0.471168
