1 0.922991 0.538039 0.140625 0.647135
0 0.397321 0.333054 0.348214 0.610677
0 0.324637 0.332217 0.538225 0.663691
0 0.443499 0.353051 0.168806 0.560268
0 0.925781 0.540179 0.139509 0.642857
1 0.401786 0.331845 0.363839 0.613095
1 0.920759 0.664807 0.133929 0.485863
1 0.443499 0.353051 0.168806 0.560268
0 0.482701 0.335938 0.25 0.607143
1 0.982143 0.566964 0.0301339 0.471726
3 0.987165 0.579241 0.0189733 0.12128
3 0.986607 0.578869 0.0189732 0.178571
1 0.986607 0.579241 0.0223215 0.191964
1 0.324847 0.330915 0.5512 0.66183
2 0.986607 0.579241 0.0223215 0.191964
2 0.922991 0.538876 0.141741 0.633557
0 0.491211 0.329892 0.42606 0.658668
2 0.988839 0.581845 0.0212053 0.111607
2 0.982143 0.566964 0.0301339 0.471726
3 0.215611 0.532366 0.0347377 0.15625
2 0.397321 0.333054 0.348214 0.610677
0 0.982143 0.566964 0.0301339 0.471726
1 0.988839 0.581845 0.0212053 0.111607
1 0.985491 0.582031 0.0245536 0.383557
3 0.226284 0.5625 0.0412946 0.109375
3 0.214076 0.569569 0.0294364 0.0997024
3 0.376046 0.331938 0.41197 0.630766
0 0.411412 0.314732 0.20731 0.570685
2 0.324847 0.330915 0.5512 0.66183
3 0.924107 0.535621 0.139509 0.626674
1 0.972098 0.55106 0.0513393 0.579427
3 0.988281 0.601935 0.0178572 0.0974703
0 0.418806 0.411086 0.15067 0.473214
0 0.544643 0.333705 0.188616 0.561756
3 0.986607 0.576451 0.0256697 0.33817
3 0.228167 0.559896 0.0626395 0.171875
0 0.217146 0.522321 0.117048 0.337798
3 0.982143 0.566964 0.0301339 0.471726
3 0.215751 0.529762 0.0523158 0.194941
3 0.214355 0.56622 0.0439453 0.145833
0 0.337612 0.361886 0.247768 0.576823
