1 0.0920759 0.540923 0.146763 0.623512
3 0.978795 0.579241 0.0379465 0.125
0 0.385672 0.332961 0.368164 0.611607
0 0.333775 0.332868 0.527762 0.658668
2 0.0915179 0.535063 0.145368 0.608445
2 0.979353 0.578497 0.0390625 0.125744
0 0.441964 0.35333 0.172991 0.565662
1 0.388463 0.331752 0.386021 0.616257
1 0.979353 0.578497 0.0390625 0.125744
0 0.0894601 0.543062 0.147531 0.579055
0 0.485212 0.335472 0.269531 0.616257
0 0.979353 0.578497 0.0390625 0.125744
3 0.978795 0.58631 0.0424107 0.171875
1 0.441964 0.35333 0.172991 0.565662
0 0.49442 0.331473 0.447545 0.662946
1 0.134138 0.520461 0.16476 0.601935
1 0.104492 0.665551 0.186663 0.493304
0 0.132185 0.522042 0.185407 0.580915
2 0.978795 0.58631 0.0424107 0.171875
2 0.367815 0.331566 0.432896 0.632999
3 0.0894601 0.543062 0.147531 0.579055
1 0.977121 0.574405 0.0435267 0.190476
0 0.146973 0.525391 0.283064 0.62779
3 0.367815 0.331566 0.432896 0.632999
1 0.146973 0.525391 0.283064 0.62779
3 0.973772 0.558408 0.0390625 0.154762
0 0.544085 0.334449 0.200893 0.567708
0 0.417132 0.412667 0.150112 0.466332
0 0.162946 0.602121 0.228237 0.566592
3 0.986886 0.590402 0.0262277 0.139137
1 0.0912388 0.557292 0.131696 0.294643
0 0.410435 0.315104 0.211496 0.571429
1 0.911272 0.34747 0.169643 0.622768
1 0.0744978 0.65439 0.10519 0.530506
0 0.260045 0.706101 0.356027 0.526786
