3 0.978795 0.575893 0.0379465 0.131696
1 0.32115 0.541853 0.154576 0.437128
0 0.422573 0.356027 0.244141 0.59747
0 0.409528 0.330636 0.435407 0.645275
1 0.317801 0.583798 0.195871 0.566034
0 0.422433 0.371652 0.159598 0.56622
0 0.41183 0.452846 0.159598 0.427641
0 0.340123 0.511533 0.168527 0.387649
2 0.322824 0.526042 0.148996 0.43006
0 0.316406 0.550595 0.152902 0.46131
1 0.416295 0.458798 0.146763 0.439546
2 0.979353 0.575149 0.0379464 0.131696
1 0.386161 0.522321 0.110491 0.345238
0 0.317801 0.583798 0.195871 0.566034
1 0.441127 0.35705 0.181362 0.573103
2 0.416295 0.458798 0.146763 0.439546
0 0.274693 0.322545 0.452846 0.645089
1 0.357701 0.515811 0.246652 0.432664
1 0.979353 0.575149 0.0379464 0.131696
0 0.357701 0.515811 0.246652 0.432664
0 0.393555 0.448196 0.253069 0.486049
0 0.294085 0.502976 0.135045 0.485119
0 0.46582 0.334542 0.220145 0.610677
0 0.979353 0.575149 0.0379464 0.131696
1 0.416574 0.512277 0.112165 0.353423
0 0.328195 0.405506 0.267718 0.514881
2 0.386161 0.522321 0.110491 0.345238
0 0.296805 0.632441 0.288086 0.623512
1 0.410714 0.35612 0.324777 0.630022
0 0.489955 0.341053 0.362723 0.636347
0 0.386161 0.522321 0.110491 0.345238
1 0.388951 0.519345 0.0881696 0.251488
2 0.388951 0.519345 0.0881696 0.251488
3 0.978516 0.582217 0.0429688 0.19122
0 0.38058 0.337426 0.194754 0.563244
0 0.416574 0.512277 0.112165 0.353423
2 0.294085 0.502976 0.135045 0.485119
1 0.325614 0.518973 0.137277 0.298363
1 0.416574 0.515997 0.103237 0.238095
1 0.404576 0.327753 0.470982 0.648066
0 0.216239 0.532366 0.108817 0.399554
1 0.296805 0.632441 0.288086 0.623512
2 0.425084 0.351562 0.250279 0.613095
1 0.393555 0.448196 0.253069 0.486049
0 0.375279 0.387928 0.137835 0.506882
3 0.97433 0.558036 0.0379464 0.15625
3 0.32115 0.541853 0.154576 0.437128
0 0.275112 0.685268 0.395647 0.592262
0 0.219308 0.526228 0.0585938 0.365699
2 0.978516 0.582217 0.0429688 0.19122
1 0.294085 0.502976 0.135045 0.485119
2 0.317801 0.583798 0.195871 0.566034
1 0.219308 0.526228 0.0585938 0.365699
0 0.271484 0.389881 0.249442 0.575149
1 0.361119 0.609747 0.331334 0.53497
1 0.371931 0.491443 0.0887277 0.267113
2 0.325614 0.518973 0.137277 0.298363
1 0.282924 0.611421 0.147321 0.553944
2 0.416574 0.512277 0.112165 0.353423
0 0.233538 0.342262 0.195313 0.563988
2 0.416574 0.515997 0.103237 0.238095
0 0.416574 0.515997 0.103237 0.238095
2 0.357701 0.515811 0.246652 0.432664
0 0.388951 0.519345 0.0881696 0.251488
3 0.224051 0.608259 0.0809152 0.43378
3 0.416295 0.458798 0.146763 0.439546
2 0.404576 0.327753 0.470982 0.648066
2 0.371931 0.491443 0.0887277 0.267113
0 0.361119 0.609747 0.331334 0.53497
1 0.977679 0.571429 0.0446428 0.203869
3 0.410714 0.35612 0.324777 0.630022
1 0.375279 0.387928 0.137835 0.506882
0 0.282924 0.611421 0.147321 0.553944
0 0.2899 0.492467 0.251116 0.516555
