2 0.590402 0.443452 0.103795 0.368304
2 0.59654 0.463914 0.078125 0.28125
1 0.587054 0.444196 0.112723 0.392113
0 0.587054 0.444196 0.112723 0.392113
2 0.578683 0.43378 0.0970982 0.292411
3 0.588728 0.438244 0.0959821 0.337798
1 0.592076 0.453125 0.0881696 0.293155
0 0.574777 0.624535 0.167411 0.651228
2 0.567522 0.423084 0.184152 0.500558
2 0.573661 0.412202 0.116071 0.415179
0 0.491071 0.458333 0.341518 0.694941
0 0.567522 0.423084 0.184152 0.500558
3 0.573661 0.412202 0.116071 0.415179
0 0.592076 0.453125 0.0881696 0.293155
1 0.548131 0.447638 0.2274 0.452939
2 0.616629 0.437965 0.148438 0.564546
2 0.59096 0.47433 0.0591517 0.151042
3 0.538504 0.432292 0.162946 0.452381
2 0.592076 0.441964 0.0602679 0.144345
0 0.536133 0.632254 0.284877 0.684896
1 0.491071 0.458333 0.341518 0.694941
