1 0.0879953 0.538876 0.148786 0.541295
3 0.978795 0.577009 0.0379465 0.129464
0 0.396484 0.333705 0.34654 0.602679
0 0.333078 0.334821 0.53139 0.662202
1 0.40053 0.333333 0.36635 0.607143
0 0.443638 0.35426 0.165179 0.559338
2 0.979353 0.576265 0.0379464 0.130208
0 0.0888672 0.539062 0.148717 0.531994
2 0.088065 0.541574 0.146973 0.498698
1 0.443638 0.35426 0.165179 0.559338
1 0.979353 0.576265 0.0379464 0.130208
0 0.483398 0.334542 0.265346 0.616629
0 0.979353 0.576265 0.0379464 0.130208
3 0.978795 0.583333 0.0424107 0.189732
0 0.49442 0.331008 0.448661 0.6609
1 0.319196 0.337054 0.482143 0.674107
3 0.97433 0.557664 0.0379464 0.156994
2 0.396484 0.333705 0.34654 0.602679
0 0.172154 0.517392 0.185268 0.561942
1 0.088065 0.53497 0.134138 0.302083
3 0.0888672 0.539062 0.148717 0.531994
0 0.418806 0.415179 0.136161 0.457589
2 0.977679 0.572173 0.0446428 0.201637
0 0.163923 0.519996 0.305525 0.570127
2 0.331613 0.332217 0.544364 0.664435
3 0.375419 0.33231 0.42327 0.63151
0 0.273786 0.717262 0.479213 0.547619
1 0.109375 0.514881 0.214286 0.581845
1 0.418806 0.415179 0.136161 0.457589
0 0.545201 0.333984 0.198661 0.576079
1 0.977679 0.572173 0.0446428 0.201637
0 0.410714 0.31436 0.205357 0.56622
0 0.236049 0.608259 0.303571 0.49628
1 0.172154 0.517392 0.185268 0.561942
