1 0.539621 0.571336 0.208705 0.534412
3 0.978795 0.578869 0.0379465 0.127232
0 0.379116 0.332589 0.530831 0.657738
0 0.519392 0.51981 0.262556 0.567522
0 0.444755 0.38365 0.34933 0.670201
0 0.470982 0.458333 0.238839 0.619048
2 0.978795 0.577381 0.0390625 0.127976
1 0.978795 0.577381 0.0390625 0.127976
3 0.978516 0.584077 0.0429688 0.170387
2 0.520089 0.521205 0.219866 0.56622
1 0.396275 0.343378 0.421735 0.635417
0 0.978795 0.577381 0.0390625 0.127976
1 0.500558 0.532366 0.223214 0.561756
1 0.470982 0.458333 0.238839 0.619048
0 0.478516 0.345982 0.217076 0.593006
3 0.534598 0.560454 0.256696 0.557664
2 0.976562 0.573661 0.0435267 0.188244
1 0.976562 0.573661 0.0435267 0.188244
0 0.416853 0.37314 0.157924 0.537946
0 0.425502 0.4242 0.236049 0.476004
3 0.973772 0.557664 0.0390625 0.156994
2 0.470982 0.458333 0.238839 0.619048
0 0.448242 0.468378 0.147042 0.521577
1 0.539621 0.663319 0.27567 0.438244
0 0.412667 0.474702 0.0920759 0.329613
2 0.396275 0.343378 0.421735 0.635417
0 0.560826 0.573289 0.231027 0.521577
0 0.415179 0.43378 0.121094 0.440476
1 0.412667 0.474702 0.0920759 0.329613
3 0.230259 0.563616 0.0417132 0.106399
3 0.986049 0.590402 0.0279017 0.186756
3 0.213867 0.530506 0.0359933 0.158482
0 0.508789 0.394717 0.20452 0.574405
3 0.225725 0.529762 0.046875 0.164435
0 0.976562 0.573661 0.0435267 0.188244
3 0.212891 0.56808 0.031808 0.100446
3 0.375837 0.329985 0.575335 0.65997
