3 0.978795 0.577009 0.0368303 0.127976
1 0.416016 0.544364 0.183594 0.476749
0 0.406669 0.475911 0.269252 0.63151
0 0.380441 0.386905 0.415458 0.708333
0 0.424526 0.503162 0.186663 0.487723
1 0.408622 0.477307 0.263114 0.662946
1 0.439174 0.487351 0.176339 0.5625
2 0.979353 0.576265 0.0379464 0.127232
2 0.417969 0.511533 0.203125 0.564732
1 0.979353 0.576265 0.0379464 0.127232
2 0.444057 0.451265 0.187779 0.619792
0 0.291643 0.340216 0.504883 0.680432
0 0.400112 0.555432 0.175223 0.49628
0 0.979353 0.576265 0.0379464 0.127232
0 0.4774 0.422712 0.162388 0.548921
0 0.467355 0.469773 0.11663 0.526228
0 0.445871 0.443824 0.165179 0.588542
0 0.483538 0.365048 0.273996 0.647879
0 0.418248 0.392392 0.204799 0.62593
3 0.978795 0.584821 0.0424107 0.186756
2 0.400112 0.463635 0.314732 0.663505
1 0.37507 0.384952 0.45745 0.722656
1 0.467355 0.469773 0.11663 0.526228
1 0.437081 0.575521 0.266462 0.515625
0 0.34933 0.473121 0.238281 0.611793
3 0.400112 0.463635 0.314732 0.663505
1 0.441685 0.484003 0.151228 0.293899
1 0.392857 0.589286 0.146205 0.482143
0 0.497768 0.339286 0.482143 0.678571
0 0.448521 0.450149 0.123047 0.262649
2 0.978795 0.584821 0.0424107 0.186756
3 0.97433 0.557664 0.0379464 0.15625
3 0.416295 0.509859 0.207589 0.542783
0 0.441685 0.484003 0.151228 0.293899
3 0.212402 0.571429 0.0316685 0.0922619
0 0.469866 0.442336 0.0848214 0.270089
0 0.266462 0.710566 0.420759 0.566964
1 0.87779 0.346726 0.21875 0.630952
1 0.419364 0.529018 0.158482 0.302827
3 0.229283 0.567708 0.0425502 0.104167
3 0.444057 0.451265 0.187779 0.619792
2 0.37507 0.384952 0.45745 0.722656
1 0.4774 0.422712 0.162388 0.548921
0 0.87779 0.346726 0.21875 0.630952
1 0.977679 0.573289 0.0446428 0.203125
1 0.469029 0.471726 0.0965402 0.282738
3 0.37507 0.384952 0.45745 0.722656
3 0.212333 0.569196 0.0563616 0.159226
