3 0.978795 0.577381 0.0368303 0.130208
0 0.475307 0.503627 0.19894 0.721912
1 0.476562 0.570592 0.19308 0.699591
0 0.314314 0.332217 0.518694 0.664435
0 0.45731 0.405599 0.287388 0.703683
0 0.402483 0.357887 0.373605 0.625744
0 0.473772 0.356027 0.215402 0.633929
0 0.433873 0.432013 0.22154 0.515439
2 0.979353 0.576637 0.0379464 0.129464
1 0.46875 0.466146 0.239955 0.734375
1 0.979353 0.576637 0.0379464 0.129464
0 0.434152 0.50093 0.186384 0.480283
0 0.413783 0.476562 0.128348 0.420387
0 0.979353 0.576637 0.0379464 0.129464
0 0.481445 0.639881 0.17327 0.604167
1 0.306152 0.337426 0.464704 0.674851
1 0.434152 0.50093 0.186384 0.480283
2 0.475725 0.502976 0.199219 0.729167
3 0.978795 0.582589 0.0424107 0.177083
1 0.459263 0.650112 0.155134 0.571801
1 0.413783 0.476562 0.128348 0.420387
1 0.433873 0.432013 0.22154 0.515439
0 0.49135 0.57952 0.255022 0.730841
1 0.402483 0.357887 0.373605 0.625744
1 0.47154 0.667039 0.253348 0.573661
0 0.416295 0.34189 0.208705 0.587798
0 0.318569 0.71875 0.499023 0.544643
3 0.47154 0.503627 0.219866 0.714472
0 0.410156 0.485119 0.0892857 0.269345
1 0.43471 0.501116 0.331473 0.533482
3 0.973772 0.557664 0.0379464 0.157738
2 0.978795 0.582589 0.0424107 0.177083
1 0.410156 0.485119 0.0892857 0.269345
0 0.375837 0.38058 0.172433 0.523066
0 0.50558 0.339658 0.427455 0.674851
2 0.313686 0.332031 0.537807 0.664062
0 0.380301 0.432385 0.131696 0.434338
2 0.433873 0.432013 0.22154 0.515439
0 0.387835 0.479167 0.0926339 0.302083
3 0.313686 0.332031 0.537807 0.664062
0 0.419922 0.618304 0.368862 0.574405
1 0.390625 0.489955 0.0647321 0.240327
0 0.426897 0.610863 0.261161 0.497024
1 0.387835 0.479167 0.0926339 0.302083
0 0.4601 0.695871 0.156808 0.542783
0 0.42048 0.549107 0.125 0.418155
1 0.42048 0.549107 0.125 0.418155
2 0.455078 0.402902 0.314174 0.706101
1 0.977121 0.573289 0.0446428 0.200149
3 0.212193 0.572173 0.0281808 0.0930059
0 0.393694 0.701637 0.34096 0.516369
0 0.339844 0.367932 0.223214 0.56994
0 0.585379 0.382627 0.397321 0.684152
0 0.390625 0.489955 0.0647321 0.240327
3 0.455078 0.402902 0.314174 0.706101
1 0.426897 0.608259 0.241071 0.509673
0 0.88058 0.346261 0.21875 0.627418
1 0.905692 0.347377 0.18192 0.623698
2 0.395159 0.357794 0.370396 0.631138
3 0.228516 0.564732 0.0390625 0.104911
