3 0.979353 0.577753 0.0379464 0.127232
0 0.698661 0.550874 0.262277 0.695871
0 0.400391 0.33417 0.34654 0.605469
1 0.701451 0.56343 0.268973 0.72433
0 0.32094 0.333705 0.545619 0.663691
1 0.404018 0.333333 0.368304 0.607887
1 0.444475 0.351842 0.161272 0.565662
0 0.444475 0.351842 0.161272 0.565662
2 0.979353 0.577009 0.0379464 0.125744
1 0.722098 0.665179 0.270089 0.619048
0 0.496791 0.339286 0.256417 0.594494
1 0.979353 0.577753 0.0368304 0.120536
0 0.616071 0.397972 0.22433 0.540365
0 0.979353 0.577009 0.0379464 0.125744
0 0.723214 0.664435 0.28125 0.619048
2 0.698661 0.566034 0.276786 0.719122
1 0.321219 0.331659 0.556222 0.663318
3 0.978516 0.584077 0.0429688 0.186012
2 0.400391 0.33417 0.34654 0.605469
3 0.698661 0.566034 0.276786 0.719122
0 0.489397 0.330357 0.429688 0.660714
0 0.667969 0.461868 0.190848 0.537574
3 0.377232 0.33231 0.418527 0.63151
1 0.667969 0.461868 0.190848 0.537574
3 0.230259 0.565848 0.039481 0.0989583
2 0.321219 0.331659 0.556222 0.663318
3 0.97433 0.55878 0.0379464 0.154762
2 0.9774 0.573661 0.0452008 0.200893
0 0.650112 0.503534 0.256696 0.635789
3 0.2131 0.569196 0.0302734 0.0952381
1 0.616071 0.397972 0.22433 0.540365
1 0.419364 0.411551 0.129464 0.467076
0 0.419364 0.411551 0.129464 0.467076
3 0.213449 0.531994 0.0345982 0.151042
3 0.231864 0.563244 0.0652902 0.181548
0 0.333147 0.36263 0.241071 0.584263
3 0.225446 0.532366 0.0452009 0.155506
1 0.9774 0.573661 0.0452008 0.200893
0 0.383929 0.364583 0.197545 0.554316
0 0.412807 0.314732 0.203404 0.56622
