3 0.979353 0.576265 0.0368304 0.131696
0 0.402623 0.335472 0.349888 0.608817
1 0.243304 0.56622 0.202009 0.674107
0 0.236049 0.549572 0.174665 0.612165
0 0.237723 0.579706 0.25279 0.743862
0 0.334682 0.351842 0.359654 0.671317
0 0.387207 0.328497 0.53139 0.654018
0 0.307199 0.378348 0.24721 0.595238
1 0.404855 0.334077 0.368862 0.619792
1 0.216518 0.602028 0.282366 0.728981
2 0.979353 0.575893 0.0379464 0.130952
0 0.442801 0.353423 0.169085 0.563988
0 0.281599 0.52167 0.316267 0.586124
0 0.486328 0.334077 0.286272 0.622024
1 0.979353 0.575893 0.0379464 0.130952
1 0.442801 0.353423 0.169085 0.563988
0 0.496791 0.331938 0.464007 0.663504
0 0.979353 0.575893 0.0379464 0.130952
1 0.210938 0.656994 0.205357 0.614583
1 0.237653 0.51516 0.157506 0.55599
0 0.250558 0.668341 0.313616 0.63058
1 0.281599 0.52167 0.316267 0.586124
2 0.236049 0.549572 0.174665 0.612165
0 0.285156 0.323196 0.333705 0.558966
0 0.210938 0.656994 0.205357 0.614583
1 0.26144 0.670015 0.343192 0.625744
3 0.978795 0.582961 0.0424107 0.199405
1 0.307199 0.378348 0.24721 0.595238
3 0.974888 0.557292 0.0368303 0.15625
2 0.402623 0.335472 0.349888 0.608817
2 0.241281 0.585007 0.274135 0.743676
1 0.334682 0.351842 0.359654 0.671317
3 0.384626 0.334356 0.418248 0.634859
0 0.295759 0.49256 0.226004 0.544643
0 0.419364 0.414156 0.140067 0.466332
2 0.978795 0.582961 0.0424107 0.199405
3 0.247768 0.568359 0.241071 0.6609
0 0.342076 0.479539 0.183036 0.49628
0 0.381138 0.364304 0.211496 0.563058
0 0.54534 0.33417 0.215123 0.580171
2 0.387207 0.328497 0.53139 0.654018
0 0.578265 0.35612 0.38365 0.665737
0 0.409877 0.314732 0.205915 0.56622
1 0.419364 0.414156 0.140067 0.466332
3 0.986607 0.590402 0.0267857 0.204613
1 0.977679 0.572917 0.0446428 0.209077
