1 0.943638 0.561012 0.110491 0.619048
0 0.395089 0.332868 0.356027 0.608073
0 0.328962 0.332589 0.547433 0.664435
1 0.398438 0.331845 0.373884 0.612351
0 0.442383 0.353051 0.172154 0.561756
0 0.485491 0.333333 0.272321 0.611607
0 0.942522 0.569661 0.112723 0.670201
1 0.442383 0.353051 0.172154 0.561756
1 0.932478 0.642857 0.118304 0.623512
0 0.496094 0.331101 0.458705 0.662202
1 0.319406 0.33631 0.487305 0.672619
2 0.941406 0.569568 0.113839 0.643601
2 0.395089 0.332868 0.356027 0.608073
1 0.958705 0.649554 0.0747767 0.552083
3 0.376116 0.331566 0.420759 0.630022
1 0.94029 0.433222 0.110491 0.541295
2 0.328962 0.331287 0.558594 0.662574
3 0.941406 0.569568 0.113839 0.643601
0 0.929688 0.662016 0.135045 0.598586
0 0.419364 0.413691 0.146763 0.46875
0 0.544643 0.333705 0.199777 0.571429
3 0.212263 0.574405 0.0291574 0.0892857
3 0.231585 0.568452 0.0396205 0.0982143
0 0.411272 0.314453 0.209821 0.56901
1 0.419364 0.413691 0.146763 0.46875
0 0.580357 0.350911 0.379464 0.659784
