3 0.979353 0.576265 0.0368304 0.130952
1 0.415737 0.528739 0.216518 0.729725
0 0.378488 0.340681 0.481864 0.669829
0 0.398438 0.387556 0.348214 0.718936
0 0.416853 0.487909 0.235491 0.74442
1 0.442383 0.465495 0.185547 0.683594
2 0.979353 0.575893 0.0379464 0.130208
1 0.409877 0.637649 0.178013 0.607143
1 0.979353 0.575893 0.0379464 0.130208
0 0.408064 0.354911 0.230748 0.631696
0 0.425921 0.554222 0.184989 0.625186
2 0.426339 0.518601 0.19308 0.672619
0 0.979353 0.575893 0.0379464 0.130208
1 0.396763 0.390718 0.340402 0.709635
3 0.978795 0.583333 0.0424107 0.1875
0 0.355469 0.531529 0.322545 0.737537
0 0.481724 0.43471 0.115792 0.520461
0 0.270368 0.703497 0.410156 0.593006
1 0.375907 0.33817 0.505999 0.676339
3 0.415039 0.52846 0.232422 0.734747
1 0.400112 0.663504 0.267857 0.625372
3 0.97433 0.557292 0.0379464 0.154762
1 0.479074 0.483445 0.0898438 0.53311
2 0.978795 0.583333 0.0424107 0.1875
0 0.388393 0.646577 0.169085 0.608631
0 0.280413 0.357515 0.451451 0.71503
3 0.212123 0.573661 0.0277623 0.0907738
0 0.480608 0.515067 0.0923549 0.553199
1 0.408064 0.354911 0.230748 0.631696
2 0.398438 0.387556 0.348214 0.718936
0 0.402902 0.664807 0.324777 0.637649
1 0.977679 0.572545 0.0446428 0.203869
3 0.22998 0.567708 0.0422712 0.108631
0 0.491908 0.366816 0.246094 0.636905
1 0.355469 0.531529 0.322545 0.737537
1 0.491769 0.478888 0.0700335 0.466332
1 0.351283 0.566313 0.167411 0.611421
1 0.482422 0.482887 0.0697545 0.261161
3 0.986607 0.590216 0.0267857 0.203497
