0 0.172852 0.59747 0.306083 0.78125
3 0.979911 0.579985 0.0379464 0.122768
0 0.313895 0.346726 0.478237 0.686012
0 0.387207 0.334728 0.369559 0.613281
1 0.162005 0.457496 0.187151 0.662388
0 0.22454 0.539342 0.31543 0.751674
1 0.181676 0.498512 0.271694 0.773809
0 0.162005 0.457496 0.187151 0.662388
1 0.164446 0.650112 0.273786 0.664062
0 0.442662 0.354911 0.171596 0.563244
1 0.390695 0.333705 0.388253 0.619048
0 0.252232 0.453683 0.421317 0.792039
2 0.979911 0.579241 0.0379464 0.122768
1 0.979353 0.579985 0.0368304 0.118304
1 0.442662 0.354911 0.171596 0.563244
1 0.314453 0.345238 0.487165 0.690476
0 0.149344 0.494606 0.254883 0.766741
0 0.979911 0.579241 0.0379464 0.122768
0 0.483817 0.335938 0.25558 0.613095
0 0.233329 0.671131 0.434012 0.657738
2 0.173619 0.598586 0.310128 0.78497
3 0.977121 0.578125 0.0446428 0.184524
1 0.203404 0.607515 0.389509 0.780506
3 0.173619 0.598586 0.310128 0.78497
2 0.314453 0.345238 0.487165 0.690476
0 0.243304 0.344494 0.279018 0.623512
0 0.489676 0.331473 0.435826 0.662946
0 0.184256 0.680804 0.248675 0.610119
3 0.314453 0.345238 0.487165 0.690476
2 0.387207 0.334728 0.369559 0.613281
0 0.313407 0.409412 0.364258 0.606771
2 0.977121 0.578125 0.0446428 0.184524
1 0.977121 0.578125 0.0446428 0.184524
0 0.223703 0.33324 0.408622 0.659412
2 0.162005 0.457496 0.187151 0.662388
0 0.545759 0.334449 0.190848 0.567708
0 0.419085 0.412109 0.151786 0.470424
3 0.986328 0.590774 0.0273438 0.175595
1 0.875558 0.3125 0.227679 0.625
3 0.387207 0.334728 0.369559 0.613281
0 0.875558 0.3125 0.227679 0.625
1 0.252232 0.453683 0.421317 0.792039
