3 0.592634 0.465402 0.0602679 0.147321
3 0.59096 0.458333 0.0825892 0.175595
3 0.604353 0.463914 0.0446429 0.136161
2 0.59096 0.461682 0.0747767 0.16369
0 0.59096 0.461682 0.0747767 0.16369
1 0.59096 0.461682 0.0747767 0.16369
3 0.577009 0.454613 0.0658482 0.123512
3 0.608259 0.482143 0.0379465 0.104167
2 0.595982 0.467262 0.0558036 0.139137
0 0.595982 0.467262 0.0558036 0.139137
1 0.595982 0.467262 0.0558036 0.139137
3 0.527902 0.437872 0.129464 0.243304
3 0.616071 0.457589 0.13058 0.383185
3 0.530553 0.439732 0.0906808 0.15625
