1 0.940848 0.540737 0.114955 0.766741
0 0.31257 0.331752 0.543387 0.651972
0 0.393136 0.334449 0.351004 0.607143
0 0.939174 0.577195 0.116071 0.747396
0 0.443638 0.352679 0.169643 0.568452
1 0.396833 0.333333 0.36928 0.611607
1 0.443638 0.352679 0.169643 0.568452
1 0.931362 0.664249 0.127232 0.632812
0 0.484515 0.33631 0.257533 0.615327
1 0.307966 0.331659 0.478934 0.663318
1 0.950893 0.455822 0.0948661 0.628534
1 0.938058 0.370629 0.118304 0.583147
2 0.939174 0.577195 0.116071 0.747396
1 0.952567 0.645275 0.0926339 0.62314
0 0.49442 0.331101 0.43192 0.662202
2 0.393136 0.334449 0.351004 0.607143
2 0.307966 0.331659 0.478934 0.663318
0 0.952567 0.645275 0.0926339 0.62314
3 0.36942 0.332682 0.420759 0.629278
3 0.939174 0.577195 0.116071 0.747396
1 0.903739 0.536458 0.192522 0.78125
3 0.211775 0.575521 0.0295759 0.0900297
3 0.213937 0.532366 0.0369699 0.156994
3 0.228516 0.568452 0.0407366 0.100446
0 0.408203 0.313988 0.208147 0.568452
0 0.419922 0.411923 0.143415 0.472284
0 0.545619 0.333705 0.19894 0.568452
0 0.941406 0.437779 0.109375 0.697359
3 0.224051 0.531994 0.0491071 0.165179
0 0.332589 0.3617 0.248884 0.575707
3 0.229841 0.565476 0.0615234 0.166667
0 0.897879 0.65439 0.160714 0.618304
1 0.897879 0.65439 0.160714 0.618304
0 0.465123 0.405134 0.131138 0.488839
3 0.211844 0.571429 0.0439453 0.136161
