1 0.119699 0.60891 0.182199 0.660156
2 0.670759 0.434152 0.128348 0.436012
0 0.118129 0.626209 0.200684 0.723772
1 0.670759 0.424479 0.125 0.405506
0 0.665179 0.449405 0.138393 0.466518
2 0.119385 0.607887 0.183105 0.639881
3 0.669643 0.424851 0.125 0.401042
0 0.529018 0.459728 0.41183 0.718936
0 0.669643 0.609561 0.162946 0.643973
3 0.121547 0.627976 0.212821 0.715774
2 0.651786 0.414063 0.177455 0.533482
2 0.670759 0.428664 0.112723 0.306362
0 0.542969 0.400205 0.308036 0.641555
0 0.623884 0.455264 0.245536 0.525484
2 0.666853 0.491815 0.113839 0.264881
1 0.650112 0.414435 0.184152 0.517857
0 0.674665 0.624349 0.253348 0.672433
1 0.669643 0.609561 0.162946 0.643973
0 0.624303 0.625837 0.287109 0.723028
