2 0.919085 0.452381 0.107143 0.328869
1 0.367467 0.647694 0.0998884 0.627232
0 0.368583 0.695871 0.112723 0.593378
1 0.366071 0.580357 0.0792411 0.482143
0 0.367188 0.604353 0.0943081 0.52939
3 0.367467 0.542597 0.0714286 0.34933
1 0.919085 0.446429 0.107143 0.325893
3 0.368025 0.53869 0.0591518 0.197173
2 0.367467 0.647694 0.0998884 0.627232
3 0.366071 0.593006 0.0920759 0.516369
3 0.358817 0.488467 0.046317 0.0848214
3 0.366629 0.496652 0.0530134 0.0855655
3 0.366908 0.504464 0.0496652 0.143601
1 0.367746 0.574405 0.0680804 0.266369
3 0.919085 0.453218 0.108259 0.330171
3 0.363002 0.499628 0.0546875 0.210565
0 0.919085 0.451265 0.108259 0.327381
0 0.367467 0.542597 0.0714286 0.34933
3 0.369699 0.528274 0.0558036 0.104911
0 0.371931 0.533575 0.121652 0.467076
1 0.368025 0.507812 0.0641741 0.293155
2 0.366071 0.580357 0.0792411 0.482143
3 0.359933 0.517485 0.0513393 0.116815
1 0.368025 0.53869 0.0591518 0.197173
2 0.367746 0.574405 0.0680804 0.266369
3 0.368583 0.695871 0.112723 0.593378
1 0.367467 0.534226 0.111049 0.473214
1 0.380022 0.623884 0.09375 0.518601
1 0.363002 0.499628 0.0546875 0.210565
3 0.371931 0.533575 0.121652 0.467076
1 0.366908 0.504464 0.0496652 0.143601
3 0.368583 0.464286 0.0390625 0.0543155
3 0.387835 0.52939 0.0306919 0.0677083
0 0.363002 0.499628 0.0546875 0.210565
