2 0.0895299 0.46317 0.113351 0.25372
3 0.588728 0.450149 0.0424107 0.119048
3 0.0871931 0.463914 0.106585 0.255952
3 0.594308 0.44308 0.0345982 0.0974703
1 0.0877511 0.463542 0.115513 0.261905
0 0.0877511 0.463542 0.115513 0.261905
3 0.579241 0.446057 0.0479911 0.105655
3 0.582589 0.447545 0.0837053 0.234375
3 0.578125 0.444196 0.0636161 0.159226
0 0.0719169 0.654948 0.143834 0.612723
3 0.579241 0.449033 0.118304 0.338542
1 0.589286 0.450149 0.0446429 0.122768
0 0.589286 0.450149 0.0446429 0.122768
3 0.102434 0.49442 0.0671736 0.201637
2 0.0892857 0.482143 0.0683594 0.145833
3 0.0892857 0.482143 0.0683594 0.145833
3 0.0758929 0.489211 0.0856585 0.201637
2 0.077567 0.477679 0.116629 0.357887
3 0.59096 0.416295 0.0323661 0.0796131
0 0.582589 0.447545 0.0837053 0.234375
3 0.586496 0.415179 0.03125 0.109375
1 0.582589 0.447545 0.0837053 0.234375
1 0.0719169 0.654948 0.143834 0.612723
2 0.589286 0.450149 0.0446429 0.122768
3 0.0665109 0.475446 0.0639648 0.142113
2 0.100412 0.492932 0.0720564 0.207589
2 0.0770089 0.488839 0.0917969 0.223214
