0 0.314732 0.331194 0.535714 0.654576
0 0.395089 0.333984 0.344866 0.608817
0 0.969308 0.460193 0.0613839 0.787946
1 0.966518 0.419643 0.0669642 0.744048
1 0.973772 0.362072 0.0491072 0.628534
1 0.977121 0.639881 0.0390625 0.607143
0 0.972935 0.593471 0.0541294 0.734189
1 0.972935 0.593471 0.0541294 0.734189
0 0.973772 0.362072 0.0491072 0.628534
0 0.442662 0.353051 0.172712 0.568452
0 0.936942 0.454427 0.122768 0.781622
1 0.875 0.355655 0.215402 0.632441
0 0.962612 0.360491 0.0747767 0.636905
1 0.398019 0.333333 0.360212 0.612351
1 0.442662 0.353051 0.172712 0.568452
0 0.910714 0.360119 0.160714 0.635417
1 0.977121 0.475539 0.0435267 0.660528
0 0.977121 0.639881 0.0390625 0.607143
0 0.942522 0.606678 0.111607 0.739025
0 0.483817 0.336961 0.252232 0.610305
1 0.925223 0.404855 0.149554 0.731957
1 0.316127 0.32859 0.547433 0.65532
1 0.950893 0.459449 0.0904017 0.798363
0 0.977121 0.475539 0.0435267 0.660528
2 0.972935 0.593471 0.0541294 0.734189
2 0.977121 0.639881 0.0390625 0.607143
0 0.886161 0.453125 0.21317 0.803571
0 0.951451 0.513579 0.0870535 0.788318
2 0.969308 0.460193 0.0613839 0.787946
0 0.494699 0.332217 0.432478 0.664435
2 0.373396 0.332217 0.406111 0.627976
3 0.228585 0.568824 0.0422712 0.101935
3 0.212612 0.575149 0.031808 0.0907738
0 0.418527 0.412667 0.149554 0.476749
3 0.316127 0.32859 0.547433 0.65532
1 0.907366 0.320685 0.162947 0.619792
0 0.410296 0.314453 0.214007 0.573475
2 0.973772 0.362072 0.0491072 0.628534
1 0.984096 0.656622 0.031808 0.572173
0 0.872768 0.318545 0.216518 0.615885
1 0.93192 0.526228 0.129464 0.783854
1 0.98298 0.567522 0.0340402 0.597098
0 0.546457 0.334821 0.186105 0.563988
1 0.978795 0.646577 0.0345982 0.296131
3 0.23019 0.565476 0.0641741 0.164434
3 0.395089 0.333984 0.344866 0.608817
0 0.464146 0.405599 0.130859 0.484933
0 0.336775 0.36263 0.242746 0.572359
3 0.212193 0.571429 0.0493862 0.140625
2 0.43471 0.334821 0.271205 0.598214
