0 0.543527 0.672061 0.378348 0.632069
3 0.367467 0.516369 0.0390625 0.077381
3 0.359654 0.521949 0.0345982 0.0818453
3 0.369699 0.5 0.0334821 0.0691964
3 0.368862 0.550595 0.0373884 0.149554
3 0.366629 0.521205 0.046875 0.165179
0 0.530831 0.700893 0.25865 0.50744
3 0.362444 0.523438 0.0412946 0.12872
3 0.358538 0.501116 0.0290179 0.0699405
3 0.359096 0.550223 0.0368304 0.141369
3 0.372768 0.500372 0.0496652 0.21503
3 0.368304 0.553199 0.0535714 0.237351
3 0.371094 0.547247 0.0385045 0.0818453
0 0.532366 0.479911 0.393973 0.657738
0 0.543945 0.381417 0.456752 0.59282
1 0.543527 0.672061 0.378348 0.632069
3 0.36942 0.605655 0.0435268 0.214286
1 0.362165 0.524926 0.0295759 0.0885417
3 0.354353 0.544643 0.0351562 0.0848214
1 0.366629 0.521205 0.046875 0.165179
3 0.38923 0.526414 0.031808 0.0677084
1 0.362444 0.523438 0.0412946 0.12872
1 0.371652 0.50186 0.03125 0.093006
1 0.370536 0.65811 0.0898437 0.479911
3 0.391462 0.528646 0.0424107 0.127232
3 0.358259 0.605097 0.0440848 0.221354
3 0.390067 0.563244 0.0396205 0.151786
