3 0.979353 0.578497 0.0368304 0.125
1 0.163225 0.51237 0.132813 0.516927
0 0.397879 0.334542 0.341518 0.606213
0 0.302386 0.344122 0.467773 0.688244
0 0.173061 0.505022 0.152762 0.52567
2 0.157645 0.521019 0.12221 0.457961
0 0.443778 0.353051 0.168248 0.563244
1 0.401786 0.333333 0.360491 0.611607
2 0.979353 0.577753 0.0379464 0.125
1 0.443778 0.353051 0.168248 0.563244
1 0.185826 0.513114 0.218192 0.525856
1 0.979353 0.577753 0.0379464 0.125
0 0.484096 0.335472 0.259487 0.608817
0 0.140904 0.494792 0.133092 0.575893
0 0.251116 0.422061 0.308594 0.682664
0 0.979353 0.577753 0.0379464 0.125
1 0.306013 0.345238 0.495117 0.690476
1 0.140904 0.494792 0.133092 0.575893
0 0.197893 0.491536 0.253767 0.56157
3 0.978795 0.587798 0.0424107 0.18006
0 0.49442 0.331473 0.440848 0.662946
2 0.140904 0.494792 0.133092 0.575893
2 0.397879 0.334542 0.341518 0.606213
3 0.157924 0.510231 0.124442 0.518229
2 0.306013 0.345238 0.495117 0.690476
2 0.172015 0.498977 0.17327 0.549665
1 0.23019 0.556827 0.18192 0.515811
1 0.158203 0.523066 0.112723 0.308036
3 0.375279 0.33324 0.413504 0.631138
0 0.23019 0.556827 0.18192 0.515811
3 0.973214 0.55878 0.0379464 0.153274
2 0.978795 0.587798 0.0424107 0.18006
0 0.419085 0.413039 0.142299 0.473028
0 0.307966 0.397972 0.324916 0.599888
1 0.977679 0.576265 0.0446428 0.196429
0 0.411551 0.314732 0.211496 0.573661
0 0.139683 0.487165 0.225656 0.594122
0 0.546875 0.334356 0.194196 0.569382
3 0.986607 0.590402 0.0267857 0.190476
1 0.26144 0.419922 0.385045 0.71224
1 0.419085 0.413039 0.142299 0.473028
