3 0.161412 0.450149 0.0393415 0.0982143
3 0.618862 0.462054 0.0390625 0.109375
3 0.158203 0.536086 0.0641741 0.432292
3 0.155552 0.497768 0.0625 0.27753
3 0.166155 0.44122 0.031808 0.0870536
3 0.155971 0.470238 0.0426897 0.126488
3 0.155971 0.44122 0.0401786 0.0870536
3 0.61942 0.472098 0.0747768 0.25744
3 0.629464 0.466518 0.0401786 0.0907738
1 0.158203 0.536086 0.0641741 0.432292
0 0.166574 0.637091 0.125 0.687128
3 0.155692 0.442336 0.046317 0.135417
0 0.158203 0.536086 0.0641741 0.432292
3 0.629464 0.464286 0.046875 0.122768
3 0.155134 0.49442 0.0479911 0.226935
3 0.609933 0.460938 0.0301339 0.0885417
1 0.159319 0.456845 0.0460379 0.114583
1 0.155552 0.497768 0.0625 0.27753
1 0.61942 0.472098 0.0747768 0.25744
1 0.616629 0.470238 0.0390625 0.10119
0 0.155552 0.497768 0.0625 0.27753
0 0.176618 0.667783 0.207589 0.649554
0 0.160435 0.450893 0.0418527 0.103423
3 0.614397 0.479167 0.0401786 0.113095
1 0.166574 0.637091 0.125 0.687128
0 0.137905 0.65904 0.162807 0.637277
0 0.61942 0.472098 0.0747768 0.25744
3 0.608259 0.484747 0.0267857 0.101935
3 0.606585 0.484375 0.0256697 0.0721726
0 0.618304 0.462054 0.0424108 0.113095
3 0.1649 0.422619 0.0329241 0.0580357
2 0.158203 0.536086 0.0641741 0.432292
3 0.610491 0.459077 0.0435267 0.110119
0 0.157645 0.635045 0.0842634 0.609375
2 0.160435 0.450893 0.0418527 0.103423
0 0.15639 0.474702 0.047433 0.153274
1 0.157645 0.635045 0.0842634 0.609375
3 0.163923 0.423363 0.031808 0.101935
2 0.616629 0.470238 0.0390625 0.10119
1 0.155134 0.49442 0.0479911 0.226935
1 0.165318 0.441964 0.0337612 0.0967262
2 0.155552 0.497768 0.0625 0.27753
0 0.155692 0.442336 0.046317 0.135417
3 0.154576 0.440755 0.0711496 0.319382
1 0.155552 0.443824 0.0376674 0.100446
3 0.638393 0.450521 0.0379464 0.0997024
2 0.166574 0.637091 0.125 0.687128
0 0.242188 0.670387 0.333147 0.64881
1 0.164062 0.459449 0.0326451 0.09375
2 0.61942 0.472098 0.0747768 0.25744
