0 0.90067 0.392485 0.188616 0.770089
0 0.893973 0.600819 0.196429 0.776042
0 0.324428 0.333333 0.527483 0.65997
0 0.378767 0.334821 0.351842 0.619792
0 0.928013 0.656994 0.13058 0.65625
0 0.440848 0.350446 0.174107 0.578869
0 0.867467 0.453125 0.265067 0.83631
0 0.860491 0.651228 0.253348 0.652902
1 0.381487 0.334077 0.365374 0.624256
1 0.440848 0.350446 0.174107 0.578869
0 0.782366 0.616536 0.410714 0.722284
1 0.322545 0.331473 0.534598 0.662946
1 0.876674 0.599516 0.237723 0.777158
1 0.90625 0.65811 0.175223 0.665923
1 0.896763 0.344587 0.206473 0.679874
3 0.235491 0.569569 0.0424107 0.102679
2 0.322545 0.331473 0.534598 0.662946
2 0.901228 0.34561 0.19308 0.673363
2 0.378767 0.334821 0.351842 0.619792
2 0.876674 0.599516 0.237723 0.777158
3 0.322545 0.331473 0.534598 0.662946
3 0.237095 0.567336 0.0648716 0.182292
0 0.419643 0.411737 0.162946 0.484561
3 0.896763 0.344587 0.206473 0.679874
0 0.867746 0.342262 0.195313 0.65997
2 0.90625 0.65811 0.175223 0.665923
3 0.876674 0.599516 0.237723 0.777158
3 0.214565 0.573661 0.0340402 0.0952381
3 0.227958 0.577753 0.0357143 0.0930059
0 0.483119 0.34933 0.221261 0.602679
3 0.236049 0.59189 0.0429688 0.093006
3 0.231515 0.537574 0.0498047 0.154018
3 0.378767 0.334821 0.351842 0.619792
3 0.214286 0.537574 0.0424107 0.151786
