1 0.121791 0.551897 0.169922 0.59561
3 0.978795 0.577381 0.0379465 0.127976
0 0.393973 0.334077 0.363839 0.614583
0 0.34389 0.334821 0.526507 0.669643
1 0.397879 0.332961 0.381696 0.619048
0 0.44322 0.353051 0.169364 0.56622
2 0.978795 0.576637 0.0379465 0.12872
1 0.44322 0.353051 0.169364 0.56622
0 0.484096 0.333705 0.273996 0.615327
0 0.121547 0.55199 0.167062 0.568638
2 0.121547 0.55199 0.167062 0.568638
1 0.978795 0.576637 0.0379465 0.12872
0 0.978795 0.576637 0.0379465 0.12872
0 0.496094 0.331566 0.457589 0.659784
1 0.324847 0.343006 0.476423 0.686012
3 0.978516 0.584077 0.0429688 0.1875
2 0.393973 0.334077 0.363839 0.614583
3 0.973772 0.558408 0.0379464 0.154018
3 0.121547 0.55199 0.167062 0.568638
3 0.374023 0.332217 0.42606 0.636161
1 0.120292 0.66276 0.179618 0.445312
2 0.34096 0.334821 0.539062 0.669643
2 0.977121 0.572917 0.0446428 0.198661
1 0.977121 0.572917 0.0446428 0.198661
1 0.155901 0.512184 0.255162 0.628906
0 0.419643 0.411458 0.141741 0.47247
0 0.544643 0.333705 0.196429 0.568452
1 0.419643 0.411458 0.141741 0.47247
0 0.410575 0.314825 0.214565 0.572731
0 0.33231 0.363467 0.258371 0.589286
0 0.579381 0.355748 0.38365 0.65904
1 0.484096 0.333705 0.273996 0.615327
3 0.986607 0.589658 0.0267857 0.193452
0 0.155901 0.512184 0.255162 0.628906
