3 0.978237 0.579241 0.0390625 0.127976
0 0.39202 0.498884 0.288504 0.65997
0 0.337054 0.338542 0.526786 0.672619
1 0.386998 0.555618 0.223214 0.597098
1 0.395368 0.499256 0.290737 0.671131
0 0.426479 0.373047 0.3524 0.664621
0 0.352121 0.44122 0.416295 0.724702
0 0.432338 0.43285 0.23577 0.61942
2 0.978237 0.578869 0.0401786 0.127232
0 0.403599 0.554967 0.212891 0.59096
3 0.976004 0.574777 0.0435268 0.177083
1 0.978795 0.578125 0.0401785 0.129464
0 0.404994 0.343378 0.24135 0.627232
0 0.263951 0.705357 0.424665 0.563988
0 0.978795 0.578125 0.0401785 0.129464
2 0.976004 0.574777 0.0435268 0.177083
0 0.35219 0.593657 0.355887 0.666853
0 0.436663 0.520182 0.201451 0.531064
1 0.35219 0.593657 0.355887 0.666853
2 0.392439 0.499256 0.302176 0.65625
1 0.976004 0.574777 0.0435268 0.177083
1 0.429269 0.550874 0.199498 0.547061
1 0.370605 0.383092 0.427316 0.714472
0 0.489816 0.354911 0.277065 0.61756
1 0.424944 0.6024 0.319754 0.613653
0 0.49442 0.333333 0.484375 0.666667
0 0.267857 0.598958 0.262277 0.537202
3 0.392439 0.499256 0.302176 0.65625
1 0.350167 0.649182 0.172433 0.552827
0 0.424944 0.6024 0.319754 0.613653
2 0.403599 0.554967 0.212891 0.59096
3 0.973214 0.560268 0.0379464 0.129464
1 0.432338 0.43285 0.23577 0.61942
0 0.976004 0.574777 0.0435268 0.177083
2 0.370605 0.383092 0.427316 0.714472
3 0.98577 0.590774 0.0284598 0.172619
1 0.389648 0.663691 0.270926 0.498512
1 0.263951 0.705357 0.424665 0.563988
1 0.405692 0.646205 0.154576 0.50372
3 0.228446 0.562872 0.0475725 0.122024
1 0.32952 0.675223 0.290179 0.561756
0 0.350167 0.649182 0.172433 0.552827
0 0.483538 0.418899 0.166853 0.497768
3 0.336217 0.337426 0.541853 0.674851
3 0.403599 0.554967 0.212891 0.59096
3 0.213518 0.56808 0.0361328 0.104911
0 0.342913 0.343006 0.257255 0.620536
