1 0.934989 0.559152 0.130022 0.643601
0 0.386998 0.333705 0.37221 0.614583
0 0.32659 0.332217 0.547712 0.662202
1 0.936384 0.661458 0.113839 0.543155
1 0.389648 0.332589 0.388114 0.619048
0 0.935268 0.565197 0.127232 0.676153
0 0.441825 0.354818 0.174386 0.565662
0 0.486607 0.334542 0.272321 0.610677
1 0.441825 0.354818 0.174386 0.565662
1 0.326939 0.330357 0.558175 0.660714
0 0.49442 0.331287 0.448661 0.662574
2 0.933594 0.554129 0.13058 0.641741
2 0.386998 0.333705 0.37221 0.614583
3 0.227958 0.565104 0.0429688 0.109375
3 0.370675 0.33231 0.428292 0.63151
2 0.326939 0.330357 0.558175 0.660714
3 0.215332 0.533854 0.0369699 0.158482
3 0.933036 0.559989 0.129464 0.64788
0 0.546736 0.334077 0.201172 0.570685
3 0.213449 0.572173 0.031808 0.0989583
3 0.229632 0.5625 0.0641741 0.172619
0 0.935826 0.662946 0.112723 0.550595
3 0.225167 0.531994 0.0518973 0.173363
0 0.417411 0.409598 0.152902 0.479911
0 0.219308 0.520833 0.119978 0.337798
0 0.580357 0.349051 0.364955 0.638207
