2 0.0738002 0.46317 0.131138 0.295387
2 0.658482 0.42327 0.117188 0.396019
1 0.663504 0.423363 0.102679 0.357887
1 0.0728585 0.459821 0.131627 0.289435
1 0.639509 0.417039 0.122768 0.367559
0 0.0765904 0.473865 0.131417 0.330543
0 0.648438 0.426339 0.129464 0.395089
0 0.09518 0.644903 0.163435 0.632812
2 0.662946 0.454613 0.0825893 0.27753
1 0.672433 0.482236 0.09375 0.496838
2 0.638951 0.39881 0.117188 0.299851
1 0.674107 0.447173 0.0714286 0.392113
1 0.661272 0.489211 0.0848214 0.386905
3 0.0739397 0.463542 0.132813 0.299107
3 0.639509 0.417039 0.122768 0.367559
2 0.674107 0.447173 0.0714286 0.392113
1 0.0782645 0.644345 0.130301 0.622024
2 0.672433 0.482236 0.09375 0.496838
2 0.612723 0.397786 0.165179 0.390439
1 0.661272 0.490699 0.0758928 0.234375
0 0.554688 0.470424 0.36942 0.618676
1 0.675223 0.454241 0.0625 0.279762
3 0.663504 0.423363 0.102679 0.357887
0 0.670759 0.422526 0.0837054 0.396019
1 0.611607 0.434245 0.243304 0.439546
0 0.611607 0.434245 0.243304 0.439546
0 0.661272 0.489211 0.0848214 0.386905
2 0.0961565 0.46131 0.0839146 0.252232
0 0.689732 0.62686 0.175223 0.625744
1 0.554688 0.470424 0.36942 0.618676
2 0.0961217 0.479167 0.0750558 0.147321
3 0.661272 0.489211 0.0848214 0.386905
3 0.661272 0.490699 0.0758928 0.234375
2 0.573661 0.461123 0.305804 0.607515
1 0.677455 0.365699 0.0970983 0.487351
