3 0.979911 0.579613 0.0379464 0.127976
1 0.0692662 0.543899 0.138532 0.778274
0 0.0742536 0.591053 0.141113 0.755394
0 0.395508 0.334542 0.351842 0.613653
0 0.322614 0.333333 0.545619 0.662202
0 0.443359 0.351842 0.171317 0.573103
1 0.398577 0.333333 0.370257 0.618304
2 0.979911 0.578497 0.0379464 0.127232
1 0.0795201 0.661458 0.15904 0.641369
1 0.979911 0.578497 0.0379464 0.127232
1 0.443359 0.351842 0.171317 0.573103
0 0.483956 0.335193 0.261998 0.61756
0 0.979911 0.578497 0.0379464 0.127232
0 0.0654297 0.468843 0.128906 0.62779
1 0.309989 0.335938 0.496094 0.671875
2 0.0719866 0.589844 0.143973 0.763765
1 0.0626046 0.43936 0.120326 0.618304
3 0.979074 0.58631 0.0418527 0.188244
0 0.495117 0.332217 0.438337 0.664435
0 0.171875 0.523717 0.172991 0.586496
2 0.395508 0.334542 0.351842 0.613653
2 0.0654297 0.468843 0.128906 0.62779
0 0.179897 0.516834 0.332171 0.632999
0 0.102016 0.649182 0.151995 0.622768
3 0.373326 0.332496 0.416295 0.634115
3 0.0719866 0.589844 0.143973 0.763765
2 0.321987 0.331101 0.560268 0.662202
3 0.973772 0.557664 0.0379464 0.160714
0 0.0952846 0.535156 0.190569 0.768973
2 0.979074 0.58631 0.0418527 0.188244
0 0.419364 0.411086 0.150112 0.480655
0 0.161691 0.616444 0.216239 0.594494
0 0.411133 0.315104 0.219029 0.578869
3 0.986328 0.590402 0.0273438 0.185268
0 0.212472 0.374907 0.334542 0.687686
0 0.54534 0.33417 0.197266 0.572731
1 0.977679 0.574405 0.0446428 0.203869
1 0.097447 0.502232 0.194894 0.708333
0 0.178362 0.459728 0.24149 0.650484
