2 0.582589 0.431455 0.122768 0.336496
2 0.155134 0.474702 0.107143 0.214286
3 0.153181 0.467634 0.101283 0.212798
1 0.582589 0.430432 0.11942 0.339286
0 0.584263 0.434896 0.125 0.353423
3 0.167969 0.463914 0.0725447 0.19122
2 0.613281 0.450521 0.0691964 0.273066
0 0.155971 0.479167 0.111607 0.240327
1 0.155971 0.479167 0.111607 0.240327
3 0.583147 0.429316 0.123884 0.34747
2 0.166574 0.465402 0.0756138 0.191964
2 0.155413 0.444568 0.111607 0.331101
2 0.627232 0.467262 0.0379464 0.144345
3 0.177455 0.467262 0.0530134 0.142113
2 0.148438 0.502976 0.130859 0.331101
3 0.616629 0.456101 0.0625 0.25
2 0.621094 0.486607 0.0558036 0.216518
3 0.18457 0.451265 0.0446429 0.119048
0 0.5625 0.629929 0.166295 0.649368
3 0.63058 0.464658 0.0379464 0.209821
0 0.13065 0.664249 0.178432 0.600074
3 0.139788 0.470238 0.0711496 0.151786
1 0.613281 0.450521 0.0691964 0.273066
