1 0.0848214 0.545201 0.160156 0.537574
3 0.978795 0.575893 0.0379465 0.133184
0 0.31822 0.33324 0.553292 0.6609
0 0.397879 0.333612 0.344866 0.600632
2 0.0852051 0.540086 0.156041 0.509115
1 0.401786 0.332868 0.363839 0.605097
0 0.444196 0.353051 0.167411 0.560268
2 0.978795 0.574777 0.0390625 0.132441
0 0.0853795 0.539714 0.15904 0.544085
1 0.444196 0.353051 0.167411 0.560268
1 0.978795 0.574777 0.0390625 0.132441
0 0.482422 0.334821 0.257254 0.613839
1 0.308036 0.334263 0.458705 0.668527
0 0.978795 0.574777 0.0390625 0.132441
3 0.978516 0.581473 0.0429688 0.183036
1 0.0205427 0.535714 0.0410854 0.52381
1 0.0854143 0.667411 0.158412 0.46875
0 0.494141 0.331101 0.44029 0.657738
3 0.97433 0.557664 0.0379464 0.155506
2 0.977121 0.572173 0.0435267 0.199405
2 0.397879 0.333612 0.344866 0.600632
3 0.0831124 0.54548 0.157994 0.53404
2 0.309919 0.335565 0.492885 0.671131
0 0.419364 0.41369 0.139509 0.462798
1 0.0860421 0.557106 0.145438 0.293527
3 0.37486 0.331845 0.419922 0.627976
1 0.977121 0.572173 0.0435267 0.199405
2 0.0205427 0.535714 0.0410854 0.52381
0 0.409877 0.313988 0.204799 0.56622
0 0.172294 0.518043 0.17048 0.571057
1 0.419364 0.41369 0.139509 0.462798
0 0.545619 0.334077 0.194475 0.572173
1 0.0176479 0.53311 0.0326451 0.279018
2 0.0654646 0.512556 0.127999 0.641555
1 0.909598 0.350446 0.167411 0.622768
