3 0.577567 0.430804 0.0837054 0.24256
2 0.577567 0.437407 0.0915179 0.296317
1 0.575335 0.446057 0.0948661 0.318452
0 0.575335 0.446057 0.0948661 0.318452
3 0.572545 0.450149 0.0803571 0.342262
2 0.570871 0.415272 0.0747768 0.234933
3 0.592634 0.428943 0.094866 0.292411
3 0.580357 0.410714 0.0602679 0.14881
0 0.568638 0.635324 0.131696 0.675781
3 0.569196 0.430804 0.0602679 0.150298
3 0.547991 0.437872 0.09375 0.326637
1 0.577567 0.420015 0.0758929 0.237351
3 0.548549 0.43378 0.0703125 0.232143
1 0.569196 0.511161 0.0837054 0.467262
3 0.564732 0.403274 0.0591518 0.148065
3 0.575335 0.361235 0.0725447 0.30506
0 0.578683 0.490606 0.106027 0.483073
2 0.580357 0.410714 0.0602679 0.14881
3 0.580357 0.449405 0.0591518 0.139881
2 0.578683 0.490606 0.106027 0.483073
3 0.578125 0.358259 0.046875 0.0877976
