3 0.4149 0.453869 0.0920759 0.200149
2 0.415179 0.454241 0.0959822 0.200149
3 0.431641 0.467262 0.0703125 0.14881
3 0.451172 0.473214 0.0507812 0.109375
3 0.451451 0.47247 0.0680804 0.154018
0 0.41769 0.457589 0.0993304 0.192708
1 0.41769 0.457589 0.0993304 0.192708
2 0.43192 0.467634 0.0719866 0.153274
3 0.414621 0.443452 0.0697545 0.155506
3 0.416295 0.481399 0.0652902 0.155506
3 0.458008 0.451265 0.094029 0.213542
1 0.451451 0.47247 0.0680804 0.154018
1 0.43192 0.467634 0.0719866 0.153274
0 0.43192 0.467634 0.0719866 0.153274
0 0.451451 0.47247 0.0680804 0.154018
