2 0.0926688 0.552083 0.108189 0.46875
2 0.0936105 0.479167 0.0954241 0.30506
0 0.0856585 0.65439 0.13365 0.685268
3 0.496931 0.450893 0.0485491 0.11756
1 0.0864955 0.654018 0.132533 0.688988
3 0.500697 0.466518 0.0767299 0.236607
1 0.0927386 0.554688 0.109724 0.432292
0 0.0927386 0.554688 0.109724 0.432292
3 0.0936105 0.479167 0.0954241 0.30506
2 0.0869141 0.646856 0.134487 0.682478
1 0.0912388 0.485863 0.101283 0.339286
1 0.500697 0.466518 0.0767299 0.236607
3 0.0927386 0.554688 0.109724 0.432292
0 0.0912388 0.485863 0.101283 0.339286
0 0.500697 0.466518 0.0767299 0.236607
1 0.499721 0.455729 0.0485491 0.115327
3 0.476562 0.464286 0.0357143 0.0959822
0 0.498744 0.450149 0.0482701 0.112351
0 0.109096 0.667411 0.218192 0.665179
3 0.493164 0.491071 0.0326451 0.158482
3 0.0856585 0.65439 0.13365 0.685268
2 0.078125 0.454613 0.0770089 0.236607
3 0.476283 0.46131 0.0608259 0.174851
2 0.500697 0.466518 0.0767299 0.236607
3 0.493722 0.411458 0.0382255 0.122024
3 0.493304 0.412202 0.0401786 0.0811012
