1 0.938058 0.519531 0.123884 0.639509
0 0.38916 0.332589 0.366769 0.611607
0 0.32659 0.332868 0.547712 0.658668
0 0.9375 0.542225 0.122768 0.600074
1 0.392439 0.331008 0.382533 0.616257
0 0.441964 0.354167 0.177455 0.563988
0 0.485352 0.334821 0.2726 0.61756
1 0.441964 0.354167 0.177455 0.563988
1 0.318987 0.333333 0.451311 0.666667
1 0.940848 0.660342 0.107143 0.470982
1 0.927455 0.420852 0.135045 0.671689
2 0.938058 0.519531 0.123884 0.639509
0 0.494141 0.332217 0.455915 0.664435
2 0.392439 0.331008 0.382533 0.616257
3 0.373465 0.331101 0.427176 0.631696
2 0.326172 0.330264 0.557478 0.659412
3 0.938058 0.519531 0.123884 0.639509
1 0.914062 0.337426 0.166295 0.62128
0 0.933315 0.36449 0.13337 0.614769
0 0.417969 0.412574 0.148996 0.467262
3 0.212542 0.572173 0.0280413 0.0907738
0 0.941406 0.637277 0.107143 0.491816
0 0.335658 0.36077 0.251116 0.583519
3 0.231236 0.565476 0.0408761 0.101935
0 0.382254 0.359747 0.222098 0.561756
0 0.544643 0.333984 0.195312 0.568638
3 0.214565 0.532738 0.0340402 0.149554
1 0.417969 0.412574 0.148996 0.467262
