1 0.726004 0.485956 0.233259 0.691778
0 0.723214 0.593936 0.252232 0.722842
3 0.363281 0.526042 0.0457589 0.133929
0 0.351562 0.649926 0.131138 0.625744
1 0.364955 0.641741 0.0982143 0.618304
3 0.363839 0.52567 0.0580357 0.22619
3 0.367188 0.5 0.0424107 0.0699404
0 0.694196 0.666667 0.210938 0.645833
0 0.726562 0.440383 0.241071 0.640067
0 0.363839 0.669643 0.0920759 0.568452
2 0.726562 0.452381 0.225446 0.622024
3 0.358817 0.495908 0.0373884 0.0714286
3 0.366629 0.50372 0.0390625 0.129464
3 0.362723 0.589286 0.0982143 0.540179
3 0.368025 0.571801 0.0641741 0.393601
3 0.368025 0.567708 0.0524554 0.226191
3 0.368304 0.525298 0.0513393 0.0930059
3 0.359375 0.499628 0.0368304 0.116815
1 0.347098 0.697917 0.138393 0.575893
1 0.368025 0.571801 0.0641741 0.393601
2 0.725446 0.595796 0.251116 0.719122
1 0.363839 0.52567 0.0580357 0.22619
3 0.727121 0.488188 0.239955 0.687314
1 0.729911 0.662574 0.280134 0.633185
0 0.36942 0.593936 0.111607 0.535342
2 0.364955 0.641741 0.0982143 0.618304
1 0.368025 0.567708 0.0524554 0.226191
1 0.363281 0.526042 0.0457589 0.133929
3 0.353237 0.647321 0.124442 0.63244
0 0.614955 0.410156 0.297991 0.614211
0 0.368025 0.571801 0.0641741 0.393601
0 0.607701 0.401786 0.429688 0.672619
0 0.363839 0.52567 0.0580357 0.22619
0 0.320871 0.699405 0.189732 0.5625
0 0.267578 0.678944 0.333147 0.640625
3 0.371373 0.559152 0.0479911 0.0997024
2 0.347098 0.697917 0.138393 0.575893
