1 0.96317 0.568359 0.0714285 0.647507
0 0.322335 0.332589 0.545061 0.65997
0 0.398158 0.332496 0.339844 0.605841
0 0.443778 0.352679 0.168248 0.561756
1 0.402065 0.331473 0.358817 0.608631
1 0.443778 0.352679 0.168248 0.561756
1 0.956752 0.657366 0.0864955 0.578125
0 0.484096 0.334821 0.263951 0.611607
1 0.96875 0.434989 0.0613839 0.476749
0 0.96317 0.571987 0.0736607 0.686384
1 0.322196 0.329985 0.556501 0.65997
1 0.9375 0.567336 0.102679 0.633185
0 0.496094 0.331845 0.444196 0.663691
2 0.96317 0.571987 0.0736607 0.686384
2 0.398158 0.332496 0.339844 0.605841
2 0.322196 0.329985 0.556501 0.65997
1 0.95173 0.504371 0.0965402 0.656436
3 0.377162 0.330357 0.408622 0.627976
0 0.419364 0.413039 0.138393 0.465588
0 0.409598 0.314825 0.208705 0.569754
3 0.96317 0.571987 0.0736607 0.686384
0 0.544085 0.33417 0.196429 0.572731
3 0.212612 0.572917 0.030692 0.0892857
1 0.419364 0.413039 0.138393 0.465588
3 0.231027 0.56622 0.0407366 0.10119
