1 0.551897 0.735119 0.15625 0.388393
0 0.549107 0.738839 0.160714 0.407738
2 0.959822 0.541202 0.0803571 0.573847
2 0.551897 0.735119 0.15625 0.388393
1 0.958147 0.653832 0.0758928 0.623884
0 0.958147 0.653832 0.0758928 0.623884
1 0.526228 0.737537 0.166295 0.441592
1 0.570731 0.74256 0.219029 0.436012
3 0.551897 0.735119 0.15625 0.388393
2 0.955357 0.519345 0.0703125 0.276786
1 0.958147 0.542783 0.0837053 0.537946
0 0.958147 0.542783 0.0837053 0.537946
3 0.955915 0.520368 0.0792411 0.463728
1 0.552037 0.746094 0.132534 0.278646
0 0.945871 0.622396 0.108259 0.673363
3 0.955357 0.519345 0.0703125 0.276786
