3 0.979911 0.577753 0.0379464 0.129464
1 0.121652 0.543527 0.13058 0.401042
2 0.11928 0.542969 0.12221 0.396205
0 0.392578 0.333612 0.349888 0.608073
0 0.338588 0.334077 0.528181 0.664435
0 0.443778 0.353795 0.166016 0.565476
0 0.122314 0.545759 0.126465 0.404018
1 0.396345 0.332589 0.370257 0.613095
2 0.979911 0.577009 0.0368303 0.127232
1 0.443778 0.353795 0.166016 0.565476
1 0.979911 0.577009 0.0368303 0.127232
0 0.484794 0.337054 0.26144 0.611607
0 0.979911 0.577009 0.0368303 0.127232
1 0.319336 0.341518 0.481864 0.683036
3 0.979074 0.584821 0.0418527 0.1875
3 0.120257 0.543155 0.116908 0.392857
0 0.494699 0.331845 0.441406 0.663691
2 0.392578 0.333612 0.349888 0.608073
1 0.156006 0.543713 0.220354 0.424479
1 0.90625 0.348679 0.180804 0.630022
3 0.973772 0.558408 0.0379464 0.153274
3 0.370396 0.33231 0.422154 0.632999
2 0.336496 0.332589 0.540179 0.665179
2 0.979074 0.584821 0.0418527 0.1875
0 0.419922 0.412481 0.140067 0.471168
2 0.149867 0.521112 0.17627 0.483073
0 0.147914 0.521763 0.185198 0.47433
1 0.0884487 0.553757 0.12221 0.487723
2 0.132952 0.52753 0.114955 0.296875
0 0.094308 0.554316 0.128627 0.471726
0 0.90625 0.348679 0.180804 0.630022
0 0.411412 0.314732 0.210658 0.569941
3 0.986607 0.59096 0.0267857 0.202009
1 0.419922 0.412481 0.140067 0.471168
0 0.546317 0.334821 0.191964 0.567708
0 0.464146 0.405506 0.133091 0.488095
