3 0.978795 0.577009 0.0379465 0.127976
1 0.662946 0.562593 0.243304 0.708147
0 0.403739 0.334821 0.324219 0.602679
0 0.326311 0.332589 0.519252 0.662202
0 0.664062 0.570778 0.258929 0.737909
0 0.445173 0.352307 0.165458 0.568452
1 0.408203 0.333705 0.342076 0.607143
1 0.445173 0.352307 0.165458 0.568452
2 0.979353 0.576265 0.0379464 0.127232
1 0.979353 0.576265 0.0379464 0.127232
0 0.979353 0.576265 0.0379464 0.127232
2 0.664062 0.563523 0.25558 0.700335
3 0.978795 0.582589 0.0424107 0.172619
1 0.314244 0.332775 0.421736 0.665551
3 0.664062 0.563523 0.25558 0.700335
0 0.705357 0.542783 0.243304 0.646577
0 0.49149 0.349702 0.240234 0.58631
2 0.403739 0.334821 0.324219 0.602679
1 0.662388 0.462612 0.165179 0.527158
3 0.97433 0.557664 0.0379464 0.151786
1 0.643555 0.670015 0.302176 0.607887
2 0.977121 0.572917 0.0446428 0.191964
3 0.214216 0.529762 0.0352958 0.15997
3 0.376186 0.33231 0.397182 0.630022
0 0.411551 0.314732 0.211496 0.573661
0 0.623884 0.404111 0.205357 0.542969
0 0.420759 0.412481 0.134487 0.475632
2 0.325893 0.330729 0.533482 0.661458
1 0.977121 0.572917 0.0446428 0.191964
1 0.420759 0.412481 0.134487 0.475632
0 0.332031 0.363095 0.239955 0.581845
0 0.638393 0.670573 0.314732 0.614211
1 0.464146 0.404018 0.140904 0.488839
3 0.223214 0.529018 0.047433 0.165179
1 0.623884 0.404111 0.205357 0.542969
0 0.617188 0.409505 0.301339 0.584263
0 0.381417 0.364955 0.201451 0.557292
3 0.228516 0.561012 0.0424107 0.110863
0 0.488839 0.331752 0.399554 0.654948
0 0.464146 0.404018 0.140904 0.488839
