2 0.390904 0.46875 0.0831474 0.221726
3 0.391741 0.470238 0.0837054 0.221726
3 0.857143 0.44308 0.107143 0.28869
2 0.851562 0.458705 0.125 0.379464
1 0.391462 0.471354 0.0848214 0.219494
0 0.391462 0.471354 0.0848214 0.219494
1 0.851562 0.458705 0.125 0.379464
2 0.859375 0.444941 0.100446 0.278274
0 0.402902 0.680618 0.121094 0.600074
0 0.37779 0.657924 0.137277 0.618676
3 0.381696 0.484375 0.0574777 0.147321
1 0.859375 0.444941 0.100446 0.278274
2 0.384208 0.475446 0.0664062 0.15625
1 0.402902 0.680618 0.121094 0.600074
0 0.857143 0.44308 0.107143 0.28869
3 0.856027 0.455357 0.127232 0.380208
0 0.856027 0.455357 0.127232 0.380208
2 0.401507 0.485119 0.0569197 0.14881
3 0.372768 0.47619 0.0585938 0.181548
