1 0.962612 0.553199 0.0736608 0.426339
0 0.392997 0.333984 0.359096 0.613281
0 0.328683 0.332031 0.540179 0.664062
1 0.96596 0.56064 0.0669643 0.293899
2 0.963728 0.56808 0.0691964 0.442708
1 0.952009 0.516648 0.0926339 0.530692
2 0.96596 0.56064 0.0669643 0.293899
0 0.442941 0.354167 0.171038 0.568452
1 0.396763 0.332961 0.375 0.618304
0 0.963728 0.56808 0.0691964 0.442708
2 0.956473 0.604911 0.0792411 0.565476
1 0.956473 0.604911 0.0792411 0.565476
1 0.946429 0.410249 0.107143 0.707775
0 0.483538 0.337426 0.262835 0.614583
1 0.442941 0.354167 0.171038 0.568452
0 0.956473 0.604911 0.0792411 0.565476
0 0.952009 0.516648 0.0926339 0.530692
0 0.946429 0.410249 0.107143 0.707775
1 0.324916 0.335938 0.4774 0.671875
0 0.492746 0.331287 0.444196 0.662574
0 0.966518 0.667969 0.0636161 0.539062
1 0.914621 0.352307 0.165179 0.637649
0 0.914621 0.352307 0.165179 0.637649
1 0.966518 0.667969 0.0636161 0.539062
2 0.392997 0.333984 0.359096 0.613281
3 0.21596 0.533482 0.0357143 0.157738
1 0.938616 0.568266 0.0904018 0.527158
3 0.226562 0.563988 0.0429688 0.108631
3 0.21317 0.571801 0.0295759 0.0974702
1 0.968192 0.399926 0.0636161 0.622768
3 0.96317 0.558408 0.0703125 0.374256
3 0.375 0.332682 0.421875 0.635231
0 0.968192 0.399926 0.0636161 0.622768
1 0.930804 0.486979 0.114955 0.591518
3 0.224819 0.530506 0.0503627 0.166667
0 0.962612 0.563988 0.0669642 0.293155
2 0.329939 0.331101 0.552176 0.662202
3 0.228795 0.561384 0.0636161 0.167411
0 0.417411 0.411179 0.150112 0.47526
0 0.545898 0.333705 0.195034 0.569941
0 0.383371 0.361235 0.21875 0.560268
3 0.213379 0.568452 0.0425502 0.136905
2 0.952009 0.516648 0.0926339 0.530692
0 0.218192 0.521577 0.118304 0.328869
3 0.958147 0.545015 0.0803572 0.531994
3 0.215681 0.53125 0.0524554 0.1875
0 0.924107 0.441778 0.132812 0.634301
0 0.466099 0.405506 0.129185 0.483631
