0 0.592634 0.681734 0.145089 0.612723
0 0.550363 0.669271 0.254185 0.581101
3 0.371652 0.49814 0.0362723 0.0662202
3 0.364397 0.521577 0.0345982 0.107143
3 0.372489 0.500744 0.0345982 0.107143
3 0.371094 0.526042 0.0396205 0.111607
3 0.372768 0.517857 0.0440848 0.0744048
0 0.490095 0.665365 0.214007 0.56808
1 0.550363 0.669271 0.254185 0.581101
3 0.361049 0.491443 0.03125 0.0677083
1 0.592634 0.681734 0.145089 0.612723
0 0.495536 0.678757 0.328125 0.612723
3 0.371931 0.524926 0.0569196 0.226935
3 0.371094 0.556176 0.0412946 0.174851
3 0.361049 0.49442 0.0323661 0.110119
1 0.490095 0.665365 0.214007 0.56808
2 0.550363 0.669271 0.254185 0.581101
3 0.36077 0.56436 0.0418527 0.18378
1 0.364397 0.521577 0.0345982 0.107143
0 0.552037 0.62593 0.163784 0.456473
3 0.37221 0.56064 0.0675223 0.329613
0 0.359375 0.644066 0.190848 0.671689
0 0.635045 0.667783 0.265625 0.637649
0 0.510603 0.62314 0.170759 0.411458
3 0.385324 0.524182 0.030692 0.0744048
3 0.374163 0.549851 0.0385045 0.0714286
1 0.549665 0.53311 0.0747768 0.231399
