0 0.397461 0.333984 0.3524 0.610305
0 0.320522 0.331101 0.54534 0.65997
1 0.967634 0.575521 0.0613839 0.414435
1 0.969308 0.572173 0.0569197 0.284226
2 0.969308 0.569754 0.0580358 0.33817
0 0.967076 0.587054 0.061384 0.431548
1 0.962612 0.523438 0.0703125 0.579613
0 0.442941 0.35333 0.169922 0.568638
2 0.958705 0.614397 0.0703125 0.553943
1 0.400949 0.332961 0.368862 0.613839
0 0.48577 0.334449 0.272879 0.612351
1 0.442941 0.35333 0.169922 0.568638
0 0.958705 0.614397 0.0703125 0.553943
1 0.948661 0.404948 0.102679 0.713914
0 0.948661 0.404948 0.102679 0.713914
1 0.32115 0.329241 0.557478 0.658482
0 0.493862 0.331194 0.44308 0.662016
0 0.967634 0.684152 0.0580358 0.549851
1 0.963728 0.680804 0.0613839 0.559524
1 0.91183 0.352772 0.169643 0.639695
2 0.96875 0.665923 0.0613839 0.546131
0 0.91183 0.352772 0.169643 0.639695
0 0.969308 0.572173 0.0569197 0.284226
3 0.969308 0.569754 0.0580358 0.33817
2 0.397461 0.333984 0.3524 0.610305
0 0.961496 0.495536 0.0747767 0.563988
0 0.969587 0.394624 0.0608258 0.624442
1 0.956473 0.613467 0.0848214 0.530506
2 0.32115 0.329241 0.557478 0.658482
3 0.376953 0.332496 0.416853 0.632627
1 0.969587 0.394624 0.0608258 0.624442
0 0.545898 0.333798 0.205078 0.566034
0 0.418248 0.410714 0.146205 0.473958
0 0.411551 0.315104 0.208147 0.570685
3 0.23012 0.565104 0.0408761 0.104911
0 0.579241 0.352772 0.368304 0.642671
2 0.957031 0.570312 0.0837053 0.406994
1 0.970982 0.703125 0.0580357 0.494048
