0 0.938616 0.674107 0.118304 0.59375
1 0.938616 0.674107 0.118304 0.59375
2 0.944475 0.670387 0.111049 0.590774
0 0.629464 0.753162 0.147321 0.437128
1 0.636161 0.760417 0.121652 0.388393
0 0.634487 0.738095 0.107143 0.352679
2 0.947545 0.521763 0.103795 0.41183
0 0.959263 0.698475 0.0814732 0.591146
3 0.945312 0.551339 0.0959822 0.330357
1 0.959263 0.698475 0.0814732 0.591146
3 0.943638 0.596726 0.107143 0.470238
1 0.635045 0.727865 0.0904018 0.277902
0 0.898438 0.673735 0.174107 0.584077
2 0.933594 0.594308 0.113839 0.478051
1 0.954241 0.582961 0.0848214 0.485863
3 0.92885 0.675781 0.142299 0.600819
3 0.943638 0.498512 0.0803572 0.215774
