3 0.978795 0.579613 0.0379465 0.125
0 0.282645 0.603051 0.282924 0.770089
0 0.280134 0.491257 0.205357 0.728795
0 0.416853 0.34003 0.329241 0.624256
0 0.337472 0.406808 0.333984 0.692336
1 0.274902 0.454985 0.183454 0.65253
0 0.443917 0.354167 0.172433 0.567708
0 0.404855 0.41676 0.228237 0.505766
2 0.979353 0.578869 0.0390625 0.125744
0 0.244141 0.648624 0.223772 0.652158
1 0.979353 0.578869 0.0390625 0.125744
0 0.316267 0.667411 0.396484 0.64881
1 0.306989 0.475539 0.286691 0.702195
1 0.443917 0.354167 0.172433 0.567708
0 0.484654 0.336217 0.262835 0.616257
1 0.283273 0.602865 0.311802 0.770461
3 0.977121 0.575521 0.0435267 0.186756
0 0.979353 0.578869 0.0390625 0.125744
1 0.436384 0.333333 0.290179 0.608631
0 0.329241 0.408389 0.235491 0.579055
2 0.280134 0.491257 0.205357 0.728795
0 0.494978 0.331845 0.435268 0.663691
0 0.222656 0.525856 0.215402 0.722098
1 0.404855 0.41676 0.228237 0.505766
1 0.409319 0.329241 0.457031 0.658482
0 0.409738 0.493676 0.198382 0.424851
2 0.977121 0.575521 0.0435267 0.186756
0 0.361607 0.608631 0.290179 0.510417
0 0.416853 0.415551 0.148438 0.456845
1 0.977121 0.575521 0.0435267 0.186756
2 0.283273 0.602865 0.311802 0.770461
0 0.219866 0.528274 0.314174 0.763393
1 0.270926 0.647321 0.233259 0.65625
0 0.34096 0.305525 0.220982 0.570499
3 0.283273 0.602865 0.311802 0.770461
0 0.282366 0.328869 0.226004 0.559524
2 0.398507 0.34003 0.386021 0.65253
0 0.375837 0.474702 0.167411 0.400298
3 0.306989 0.475539 0.286691 0.702195
1 0.270647 0.356864 0.147321 0.49163
1 0.384905 0.403274 0.337333 0.59375
1 0.416853 0.415551 0.148438 0.456845
0 0.336775 0.515067 0.193638 0.594866
3 0.986049 0.591518 0.0279017 0.177083
3 0.398507 0.34003 0.386021 0.65253
0 0.270647 0.356864 0.147321 0.49163
0 0.544643 0.334077 0.202009 0.56994
3 0.97433 0.56064 0.0368304 0.127232
0 0.218122 0.669271 0.363979 0.661458
1 0.909598 0.347191 0.174107 0.630022
1 0.409738 0.493676 0.198382 0.424851
