0 0.518415 0.699591 0.117188 0.574033
3 0.541853 0.53311 0.0267857 0.0617559
1 0.518415 0.699591 0.117188 0.574033
3 0.547433 0.531622 0.0256697 0.0572917
3 0.549107 0.542783 0.0267857 0.0520833
3 0.540179 0.547619 0.0323661 0.103423
3 0.53125 0.52567 0.0457589 0.122024
3 0.539621 0.524554 0.0390625 0.0721726
3 0.55692 0.531994 0.0200893 0.0498512
3 0.539062 0.532366 0.0412946 0.157738
3 0.55692 0.532738 0.0245536 0.078869
3 0.5113 0.497396 0.0499442 0.122768
1 0.541853 0.53311 0.0267857 0.0617559
3 0.543527 0.511161 0.03125 0.0907738
3 0.547991 0.513021 0.0223214 0.061756
3 0.537946 0.556548 0.0524554 0.269345
3 0.530273 0.524554 0.0678013 0.247024
3 0.514648 0.495536 0.0365513 0.0892857
0 0.515625 0.640997 0.0859375 0.487351
1 0.540179 0.547619 0.0323661 0.103423
2 0.518415 0.699591 0.117188 0.574033
3 0.520647 0.566592 0.0502233 0.186756
1 0.53125 0.52567 0.0457589 0.122024
1 0.539062 0.532366 0.0412946 0.157738
3 0.516741 0.68471 0.107143 0.588914
1 0.5113 0.497396 0.0499442 0.122768
1 0.547433 0.531622 0.0256697 0.0572917
2 0.541853 0.53311 0.0267857 0.0617559
