0 0.393973 0.620722 0.13058 0.713914
1 0.392578 0.577474 0.107143 0.630766
2 0.392578 0.577474 0.107143 0.630766
0 0.389509 0.540551 0.109933 0.537946
0 0.52846 0.442708 0.383929 0.672619
0 0.351283 0.62593 0.25279 0.727307
0 0.42899 0.48763 0.20452 0.588728
3 0.395647 0.497675 0.111607 0.489769
0 0.425502 0.662202 0.133929 0.616071
0 0.437361 0.626767 0.255859 0.722656
1 0.378906 0.621652 0.182478 0.719494
1 0.38644 0.461961 0.0915179 0.378162
0 0.527344 0.304594 0.444196 0.557478
1 0.427176 0.487537 0.204799 0.614211
3 0.38644 0.461961 0.0915179 0.378162
0 0.399554 0.583984 0.203125 0.623698
2 0.388393 0.481771 0.0926339 0.302827
0 0.361049 0.659226 0.188616 0.629464
1 0.405413 0.65532 0.11942 0.647693
1 0.397879 0.482887 0.0954241 0.296875
