0 0.384766 0.601191 0.325335 0.784226
3 0.979911 0.579985 0.0368303 0.122768
0 0.378558 0.402716 0.385742 0.768973
0 0.339774 0.341518 0.521345 0.674851
1 0.384626 0.601935 0.333426 0.779762
0 0.405413 0.351097 0.258371 0.650484
2 0.979911 0.579241 0.0368303 0.122024
1 0.979911 0.579985 0.0357143 0.116815
0 0.979911 0.579241 0.0368303 0.122024
1 0.378558 0.402716 0.385742 0.768973
2 0.384626 0.601935 0.333426 0.779762
3 0.979074 0.587054 0.0418527 0.186756
3 0.384626 0.601935 0.333426 0.779762
0 0.469587 0.346819 0.211496 0.62779
3 0.224679 0.570685 0.038365 0.146577
3 0.225098 0.571801 0.0587333 0.326637
3 0.212612 0.532366 0.0351562 0.168899
0 0.42606 0.655506 0.240513 0.647321
3 0.212263 0.566964 0.0319475 0.111607
1 0.341239 0.339658 0.539621 0.679316
2 0.378558 0.402716 0.385742 0.768973
3 0.986328 0.591146 0.0273438 0.183036
3 0.973214 0.557292 0.0379464 0.154018
3 0.378558 0.402716 0.385742 0.768973
2 0.979074 0.587054 0.0418527 0.186756
3 0.212193 0.56622 0.046596 0.194941
1 0.977958 0.578125 0.0440848 0.142857
1 0.874442 0.312593 0.226562 0.624814
0 0.286203 0.682106 0.342773 0.597098
0 0.350446 0.346447 0.256138 0.644903
