0 0.249442 0.438058 0.251116 0.698289
1 0.253348 0.466611 0.24442 0.737909
1 0.253418 0.591704 0.204102 0.679688
0 0.253418 0.591704 0.204102 0.679688
3 0.801897 0.423735 0.092634 0.285714
3 0.813616 0.448289 0.0647322 0.235863
0 0.258929 0.653832 0.145089 0.58817
1 0.258929 0.653832 0.145089 0.58817
3 0.785714 0.408575 0.0848214 0.273623
2 0.805246 0.426339 0.108259 0.316964
2 0.248884 0.436756 0.261719 0.699405
1 0.798549 0.415179 0.101562 0.282738
1 0.811384 0.448289 0.0736608 0.259673
3 0.798549 0.422991 0.126116 0.337798
3 0.248884 0.436756 0.261719 0.699405
2 0.815848 0.43378 0.0736607 0.268601
2 0.253418 0.591704 0.204102 0.679688
3 0.819196 0.412202 0.0881696 0.293155
3 0.776786 0.457589 0.0915179 0.261161
0 0.800781 0.42234 0.11942 0.333891
3 0.777344 0.457217 0.0669643 0.197917
2 0.822545 0.452381 0.0502232 0.230655
2 0.828683 0.437593 0.0982142 0.419457
2 0.785714 0.408575 0.0848214 0.273623
2 0.258929 0.653832 0.145089 0.58817
3 0.819196 0.465774 0.0368303 0.139137
3 0.825335 0.487351 0.0357143 0.168155
3 0.823661 0.488839 0.0491072 0.311012
3 0.80971 0.494792 0.0669643 0.3125
3 0.487863 0.312872 0.030971 0.0677083
0 0.220424 0.508185 0.328125 0.769345
3 0.770089 0.509673 0.0803571 0.276042
3 0.487305 0.298828 0.030971 0.0719866
0 0.112235 0.606027 0.21861 0.731399
3 0.813058 0.434896 0.0502232 0.145089
3 0.806362 0.407738 0.0479911 0.139137
3 0.253418 0.591704 0.204102 0.679688
0 0.811384 0.448289 0.0736608 0.259673
3 0.489397 0.315197 0.0401786 0.153088
