0 0.579241 0.648438 0.214286 0.536458
1 0.572126 0.635417 0.231864 0.508929
3 0.366071 0.495536 0.0424107 0.0766369
3 0.36356 0.528646 0.0452009 0.122024
3 0.368304 0.53311 0.0613839 0.228423
3 0.367746 0.573847 0.0691964 0.355283
0 0.537388 0.612723 0.166295 0.406994
3 0.359654 0.498512 0.0340402 0.0974703
1 0.366908 0.642485 0.0987723 0.542411
3 0.362723 0.569941 0.0524554 0.221726
3 0.367188 0.598958 0.0970982 0.436012
1 0.367746 0.573847 0.0691964 0.355283
2 0.575893 0.648438 0.223214 0.536458
0 0.367467 0.646205 0.109375 0.539434
1 0.537388 0.612723 0.166295 0.406994
3 0.575893 0.648438 0.223214 0.536458
3 0.359933 0.500372 0.047433 0.174851
1 0.364676 0.679688 0.140625 0.56622
1 0.363839 0.528646 0.0574777 0.197917
2 0.366908 0.642485 0.0987723 0.542411
0 0.584821 0.659598 0.175223 0.281994
0 0.56808 0.61756 0.170759 0.287202
0 0.602679 0.595238 0.169643 0.450893
1 0.368025 0.568452 0.0574777 0.22619
1 0.600446 0.692708 0.176339 0.558036
1 0.36356 0.528646 0.0452009 0.122024
3 0.388672 0.527158 0.0357143 0.0744047
0 0.367746 0.573847 0.0691964 0.355283
3 0.385045 0.531994 0.047991 0.133929
0 0.351004 0.692708 0.123326 0.549107
0 0.368304 0.53311 0.0613839 0.228423
