1 0.663504 0.568452 0.167411 0.764881
0 0.667411 0.601562 0.194196 0.767113
2 0.658482 0.521577 0.157366 0.662202
0 0.683594 0.663504 0.267857 0.670015
1 0.655692 0.604725 0.237723 0.763765
0 0.644531 0.515718 0.176339 0.678385
0 0.637835 0.65811 0.13058 0.634673
0 0.53125 0.483259 0.388393 0.735863
2 0.667969 0.600818 0.197545 0.770089
3 0.658482 0.521577 0.157366 0.662202
0 0.65625 0.433315 0.148438 0.553013
1 0.655134 0.432571 0.145089 0.547061
3 0.676897 0.602865 0.226562 0.77939
1 0.637835 0.65811 0.13058 0.634673
0 0.569336 0.552176 0.241909 0.708147
