3 0.978237 0.577009 0.0379464 0.129464
1 0.357701 0.548177 0.109375 0.361979
0 0.394252 0.347935 0.34654 0.652344
0 0.330427 0.337054 0.545619 0.674107
0 0.393973 0.458798 0.176897 0.512463
1 0.393973 0.458798 0.176897 0.512463
0 0.44029 0.357794 0.183036 0.579055
1 0.357143 0.471168 0.203125 0.575521
0 0.357143 0.471168 0.203125 0.575521
0 0.370536 0.527158 0.133929 0.383185
1 0.362723 0.538691 0.0887277 0.28497
2 0.978237 0.576637 0.0390625 0.127976
1 0.412946 0.520089 0.0965402 0.329613
0 0.413225 0.482887 0.114397 0.411458
1 0.364955 0.567336 0.157924 0.372768
2 0.367746 0.528646 0.132812 0.395089
1 0.397879 0.344866 0.362723 0.656994
1 0.978795 0.575893 0.0390625 0.130208
1 0.398577 0.5226 0.23856 0.429502
0 0.398577 0.436942 0.2899 0.578497
0 0.336007 0.453218 0.340262 0.593564
0 0.484654 0.338914 0.280692 0.622024
0 0.357143 0.547247 0.0926339 0.383184
0 0.978795 0.575893 0.0390625 0.130208
1 0.44029 0.357794 0.183036 0.579055
1 0.412388 0.521949 0.0864955 0.231399
2 0.393973 0.458798 0.176897 0.512463
0 0.398577 0.5226 0.23856 0.429502
2 0.362723 0.538691 0.0887277 0.28497
3 0.978516 0.582589 0.0429688 0.186756
1 0.398577 0.436942 0.2899 0.578497
1 0.336007 0.453218 0.340262 0.593564
0 0.494559 0.333333 0.468471 0.666667
1 0.328055 0.337054 0.555943 0.674107
1 0.427874 0.480655 0.175502 0.398065
2 0.357143 0.471168 0.203125 0.575521
0 0.364397 0.504464 0.0881697 0.258929
0 0.409877 0.539435 0.0987723 0.296875
2 0.412946 0.520089 0.0965402 0.329613
3 0.357701 0.548177 0.109375 0.361979
2 0.977121 0.572545 0.0446428 0.195685
1 0.347377 0.53311 0.258929 0.423363
2 0.412388 0.521949 0.0864955 0.231399
0 0.347377 0.53311 0.258929 0.423363
2 0.397879 0.344866 0.362723 0.656994
0 0.426897 0.478051 0.183036 0.391369
0 0.440569 0.394438 0.259487 0.556362
3 0.973772 0.558408 0.0379464 0.15625
0 0.90625 0.344773 0.179688 0.630394
2 0.328055 0.337054 0.555943 0.674107
1 0.90625 0.344773 0.179688 0.630394
3 0.382813 0.347098 0.418527 0.684524
1 0.977121 0.572545 0.0446428 0.195685
3 0.230748 0.564732 0.0491071 0.127976
0 0.373605 0.456845 0.0904018 0.252976
3 0.362723 0.538691 0.0887277 0.28497
1 0.371931 0.590588 0.108259 0.27567
3 0.393973 0.458798 0.176897 0.512463
2 0.398577 0.5226 0.23856 0.429502
3 0.232422 0.561942 0.0842634 0.270461
1 0.438058 0.510417 0.122768 0.238095
0 0.374442 0.331845 0.228237 0.600446
