3 0.978795 0.578497 0.0379465 0.127976
1 0.0441546 0.510417 0.086635 0.77381
0 0.31536 0.332682 0.552316 0.65904
0 0.0450614 0.574777 0.0873326 0.749256
0 0.387626 0.334542 0.367606 0.610677
1 0.0533622 0.607887 0.106724 0.735119
1 0.0400739 0.648624 0.0733119 0.634301
1 0.391044 0.333333 0.383092 0.613095
2 0.978795 0.578125 0.0390625 0.127232
0 0.442801 0.355655 0.170201 0.559524
0 0.0455497 0.34003 0.0910993 0.606399
2 0.0447126 0.46224 0.0835658 0.658854
1 0.979353 0.577381 0.0390625 0.12872
0 0.485491 0.335472 0.267857 0.608817
3 0.978516 0.584449 0.0429688 0.167411
1 0.310547 0.334077 0.496094 0.668155
0 0.979353 0.577381 0.0390625 0.12872
1 0.442801 0.355655 0.170201 0.559524
0 0.0604771 0.65439 0.115374 0.627232
2 0.978516 0.584449 0.0429688 0.167411
0 0.498047 0.331845 0.452567 0.663691
1 0.0448521 0.363839 0.085798 0.605655
2 0.36928 0.332496 0.431083 0.631138
0 0.0638951 0.393787 0.125837 0.703497
1 0.977121 0.574777 0.0435267 0.186756
1 0.90625 0.347191 0.180804 0.628534
2 0.0558733 0.607422 0.108119 0.737537
3 0.36928 0.332496 0.431083 0.631138
3 0.0449219 0.497954 0.0864955 0.739211
3 0.973772 0.558036 0.0390625 0.154762
0 0.418806 0.412481 0.145089 0.465216
0 0.90625 0.347191 0.180804 0.628534
3 0.230748 0.565104 0.0418527 0.104167
0 0.106306 0.609561 0.208426 0.736235
0 0.0337612 0.688988 0.062779 0.604167
0 0.197684 0.520461 0.154297 0.466518
0 0.336496 0.3617 0.255022 0.584635
0 0.223214 0.361607 0.433036 0.723214
0 0.271763 0.731957 0.477679 0.53311
0 0.409738 0.313988 0.214007 0.569941
3 0.231864 0.562872 0.0703125 0.188988
2 0.0400739 0.648624 0.0733119 0.634301
0 0.545201 0.335193 0.196429 0.571429
0 0.099993 0.458891 0.193429 0.745908
0 0.46582 0.405413 0.130859 0.477865
