3 0.979353 0.577753 0.0368304 0.129464
1 0.36635 0.512463 0.179129 0.570312
0 0.396973 0.338914 0.483956 0.663691
0 0.382812 0.459914 0.218192 0.669457
0 0.36356 0.527995 0.172433 0.563058
2 0.979353 0.577381 0.0379464 0.12872
0 0.404297 0.521205 0.160156 0.530506
1 0.404297 0.521205 0.160156 0.530506
2 0.366071 0.513021 0.179688 0.584077
0 0.435826 0.366816 0.206473 0.574405
1 0.391462 0.4508 0.256138 0.674293
0 0.283691 0.334449 0.487305 0.668899
1 0.979353 0.577381 0.0379464 0.12872
0 0.979353 0.577381 0.0379464 0.12872
0 0.38058 0.342634 0.256696 0.633929
0 0.485352 0.340774 0.279297 0.610119
0 0.422991 0.407924 0.310268 0.597842
1 0.393136 0.33631 0.488281 0.666667
3 0.979074 0.584077 0.0418527 0.186756
0 0.496094 0.332589 0.493304 0.665179
0 0.449916 0.46689 0.155971 0.481399
0 0.878906 0.346354 0.220982 0.633185
2 0.391462 0.4508 0.256138 0.674293
1 0.446708 0.512277 0.15346 0.485863
3 0.36635 0.512463 0.179129 0.570312
0 0.469727 0.366164 0.152065 0.545945
1 0.333984 0.556548 0.141741 0.535714
2 0.979074 0.584077 0.0418527 0.186756
2 0.404297 0.521205 0.160156 0.530506
1 0.878906 0.346354 0.220982 0.633185
2 0.393136 0.33631 0.488281 0.666667
1 0.400112 0.592634 0.131696 0.466518
1 0.408482 0.52381 0.125558 0.265625
3 0.97433 0.558036 0.0379464 0.157738
3 0.391462 0.4508 0.256138 0.674293
1 0.435826 0.366816 0.206473 0.574405
0 0.271763 0.524089 0.175781 0.550037
1 0.393973 0.372954 0.344866 0.68564
3 0.393136 0.33631 0.488281 0.666667
0 0.284389 0.37407 0.343052 0.683408
0 0.332868 0.530785 0.129464 0.548549
1 0.367467 0.558966 0.144531 0.282366
1 0.42327 0.489211 0.305246 0.506696
1 0.469727 0.366164 0.152065 0.545945
0 0.404297 0.483631 0.138951 0.281994
3 0.212681 0.570685 0.038923 0.111607
0 0.285645 0.520368 0.300363 0.585751
0 0.259487 0.68564 0.257812 0.52753
3 0.986607 0.590402 0.0267857 0.200149
