3 0.979353 0.581101 0.0379464 0.129464
1 0.203125 0.574126 0.253906 0.72526
0 0.390346 0.334449 0.375558 0.611607
0 0.211217 0.571243 0.265625 0.684896
1 0.391811 0.332961 0.393834 0.620536
0 0.441685 0.353051 0.176897 0.563988
2 0.979911 0.581101 0.0390625 0.130208
1 0.979911 0.581101 0.0390625 0.130208
0 0.48577 0.333333 0.267299 0.610119
0 0.288574 0.32952 0.396066 0.608817
0 0.979911 0.581101 0.0390625 0.130208
1 0.441685 0.353051 0.176897 0.563988
3 0.977121 0.576637 0.0435267 0.188988
2 0.202288 0.576823 0.260603 0.727307
3 0.202288 0.576823 0.260603 0.727307
0 0.492188 0.330915 0.444196 0.66183
2 0.977121 0.576637 0.0435267 0.188988
0 0.276716 0.528274 0.378488 0.599702
1 0.977121 0.576637 0.0435267 0.188988
2 0.390346 0.334449 0.375558 0.611607
1 0.251116 0.549944 0.25279 0.630766
1 0.214565 0.68285 0.227679 0.586682
3 0.986049 0.591146 0.0279017 0.171875
0 0.1506 0.563802 0.192104 0.667039
0 0.300293 0.374535 0.271066 0.576823
3 0.370187 0.33324 0.441546 0.626674
0 0.544643 0.33324 0.194196 0.562686
0 0.416295 0.411923 0.155134 0.476748
1 0.276716 0.528274 0.378488 0.599702
3 0.986886 0.592634 0.0262277 0.114583
0 0.409319 0.314639 0.214844 0.573103
0 0.977121 0.576637 0.0435267 0.188988
