0 0.53418 0.549107 0.317801 0.775298
3 0.978795 0.579613 0.0379465 0.125
1 0.534598 0.583705 0.31808 0.750744
0 0.385603 0.350725 0.429688 0.639323
0 0.463728 0.404576 0.361607 0.708705
2 0.979353 0.579241 0.0390625 0.125744
0 0.293108 0.336868 0.498605 0.673735
0 0.48591 0.362351 0.229074 0.601191
1 0.979353 0.579241 0.0390625 0.125744
0 0.49442 0.4601 0.260045 0.628906
3 0.978795 0.586682 0.0424107 0.169643
0 0.979353 0.579241 0.0390625 0.125744
1 0.385603 0.350725 0.429688 0.639323
2 0.532924 0.584635 0.327009 0.74442
3 0.532924 0.584635 0.327009 0.74442
0 0.41197 0.441034 0.276507 0.50186
3 0.214286 0.53125 0.0345982 0.155506
2 0.977121 0.575893 0.0435267 0.191964
0 0.410435 0.377511 0.179129 0.542597
1 0.977121 0.575893 0.0435267 0.191964
1 0.487026 0.668527 0.36077 0.570685
3 0.228795 0.561756 0.0424107 0.110119
0 0.423689 0.509487 0.218471 0.457217
3 0.224958 0.529762 0.0478516 0.164435
3 0.973772 0.558036 0.0379464 0.15253
2 0.385603 0.350725 0.429688 0.639323
1 0.48591 0.362351 0.229074 0.601191
3 0.21303 0.567708 0.0304129 0.0997024
3 0.986886 0.590774 0.0262277 0.140625
3 0.379604 0.35119 0.506417 0.684524
3 0.230678 0.559524 0.0648717 0.173363
0 0.407366 0.482143 0.116629 0.386161
3 0.214216 0.52939 0.0514788 0.182292
1 0.463728 0.403925 0.401786 0.71596
