0 0.101249 0.623419 0.192592 0.742746
0 0.10383 0.495629 0.163435 0.717076
0 0.0637905 0.678571 0.116281 0.642857
1 0.107143 0.62314 0.208147 0.75372
0 0.0274833 0.699405 0.0481306 0.553571
0 0.120013 0.40997 0.143903 0.636905
0 0.0453404 0.698103 0.0867746 0.585938
0 0.140067 0.670015 0.280134 0.65997
2 0.107143 0.62314 0.208147 0.75372
3 0.107143 0.62314 0.208147 0.75372
0 0.0921805 0.727865 0.169434 0.538319
1 0.0274833 0.699405 0.0481306 0.553571
1 0.10383 0.495629 0.163435 0.717076
3 0.178292 0.438244 0.0234375 0.0706845
3 0.170898 0.433036 0.0251116 0.0691964
0 0.141602 0.462147 0.124163 0.656064
1 0.0637905 0.678571 0.116281 0.642857
0 0.0260184 0.703311 0.0407366 0.292783
0 0.167411 0.436849 0.062221 0.455171
3 0.177874 0.468378 0.0239955 0.0721726
