1 0.0932268 0.556455 0.167341 0.562686
3 0.978795 0.578125 0.0368303 0.125
0 0.324289 0.334077 0.546735 0.662202
0 0.394531 0.333426 0.351562 0.608445
1 0.398717 0.332589 0.369978 0.613095
0 0.44322 0.352586 0.168248 0.568638
2 0.979353 0.577753 0.0379464 0.125
1 0.44322 0.352586 0.168248 0.568638
1 0.979353 0.577753 0.0379464 0.125
0 0.0945871 0.553571 0.169085 0.550595
0 0.48298 0.337798 0.258371 0.619048
0 0.979353 0.577753 0.0379464 0.125
1 0.31236 0.336682 0.457868 0.673363
2 0.0945871 0.553571 0.169085 0.550595
1 0.0898089 0.660342 0.161342 0.415923
3 0.978795 0.585938 0.0424107 0.188988
0 0.493583 0.331845 0.444755 0.663691
2 0.394531 0.333426 0.351562 0.608445
3 0.094308 0.556548 0.168248 0.556548
1 0.0979353 0.566964 0.150112 0.287202
2 0.323382 0.331938 0.557478 0.663504
3 0.973772 0.558408 0.0379464 0.15625
2 0.978795 0.585938 0.0424107 0.188988
3 0.373884 0.331845 0.424107 0.631696
0 0.419922 0.411458 0.142299 0.473958
1 0.0258092 0.564174 0.0478516 0.535342
1 0.133405 0.526135 0.171805 0.581659
1 0.906808 0.35119 0.178571 0.623512
0 0.545201 0.33417 0.190848 0.572731
1 0.977679 0.573661 0.0446428 0.199405
1 0.419922 0.411458 0.142299 0.473958
0 0.906808 0.35119 0.178571 0.623512
3 0.986607 0.590774 0.0267857 0.193452
0 0.411272 0.315104 0.210938 0.569941
