2 0.304688 0.456473 0.0904018 0.22619
3 0.304408 0.457589 0.0825893 0.226935
3 0.486886 0.454985 0.0641741 0.188988
3 0.488281 0.453125 0.0837054 0.287202
2 0.488281 0.453125 0.0837054 0.287202
1 0.304967 0.46503 0.0915179 0.263393
1 0.488281 0.453125 0.0837054 0.287202
0 0.304967 0.46503 0.0915179 0.263393
0 0.488281 0.453125 0.0837054 0.287202
3 0.476005 0.444568 0.061384 0.174107
0 0.282924 0.65811 0.164621 0.68378
1 0.486607 0.449777 0.0680804 0.197173
2 0.486607 0.449777 0.0680804 0.197173
3 0.493304 0.463542 0.0535714 0.14881
0 0.486607 0.449777 0.0680804 0.197173
3 0.294085 0.464658 0.0597098 0.144345
1 0.285993 0.658482 0.148438 0.672619
2 0.302734 0.467262 0.0697545 0.153274
2 0.48856 0.441313 0.124442 0.298921
0 0.48856 0.441313 0.124442 0.298921
3 0.48856 0.441313 0.124442 0.298921
0 0.248884 0.667225 0.174665 0.617932
3 0.30385 0.446057 0.0731027 0.157738
