3 0.979353 0.577381 0.0368304 0.127976
1 0.348493 0.541574 0.151786 0.583519
0 0.400949 0.337798 0.482701 0.668155
0 0.354911 0.520461 0.179687 0.62872
0 0.385603 0.448382 0.214286 0.625558
1 0.37779 0.50465 0.241629 0.579985
0 0.407924 0.481027 0.148438 0.47247
0 0.408761 0.364955 0.220424 0.599702
1 0.388114 0.575893 0.15346 0.486607
2 0.979911 0.577381 0.0379464 0.126488
1 0.411551 0.520182 0.118304 0.428385
2 0.357143 0.506975 0.188616 0.554502
1 0.979911 0.577381 0.0379464 0.126488
1 0.342913 0.570778 0.238839 0.673921
0 0.484375 0.336682 0.292411 0.610119
0 0.979911 0.577381 0.0379464 0.126488
0 0.287807 0.336124 0.469029 0.672247
1 0.396973 0.335472 0.486189 0.669829
0 0.255371 0.679688 0.307338 0.604911
2 0.385603 0.448382 0.214286 0.625558
1 0.413225 0.520461 0.0954241 0.241071
3 0.978795 0.585565 0.0424107 0.191964
0 0.413225 0.520461 0.0954241 0.241071
0 0.489676 0.333333 0.431362 0.639137
0 0.440709 0.415179 0.172154 0.502976
0 0.409877 0.544085 0.0915179 0.385045
1 0.373884 0.558408 0.112723 0.261161
0 0.468052 0.3617 0.162109 0.548921
0 0.299037 0.536365 0.182059 0.62965
0 0.410714 0.486235 0.117188 0.281994
0 0.216518 0.637277 0.250558 0.515625
3 0.97433 0.557664 0.0379464 0.156994
0 0.34933 0.344122 0.248884 0.620536
0 0.373605 0.574777 0.18192 0.485863
0 0.377232 0.578497 0.270089 0.567708
0 0.298619 0.534784 0.286691 0.65067
1 0.408761 0.364955 0.220424 0.599702
0 0.439732 0.511533 0.143973 0.435268
3 0.353237 0.504092 0.183594 0.560268
0 0.269531 0.617653 0.233817 0.6516
2 0.396973 0.335472 0.486189 0.669829
0 0.364397 0.527902 0.128906 0.278274
1 0.433036 0.484282 0.178571 0.4109
1 0.410156 0.549107 0.0719866 0.210565
2 0.411551 0.520182 0.118304 0.428385
2 0.978795 0.585565 0.0424107 0.191964
3 0.396973 0.335472 0.486189 0.669829
1 0.375837 0.648066 0.114397 0.436012
2 0.388114 0.575893 0.15346 0.486607
1 0.468052 0.3617 0.162109 0.548921
0 0.436384 0.486328 0.294643 0.451451
0 0.879464 0.345982 0.220982 0.634673
2 0.413225 0.520461 0.0954241 0.241071
1 0.410714 0.486235 0.117188 0.281994
0 0.287319 0.381045 0.322684 0.69029
1 0.879464 0.345982 0.220982 0.634673
3 0.389788 0.440476 0.27846 0.65625
3 0.986607 0.590774 0.0267857 0.197917
