3 0.979353 0.579241 0.0368304 0.124256
1 0.154576 0.523717 0.133929 0.492746
0 0.310896 0.342448 0.478655 0.684896
0 0.384417 0.333798 0.369559 0.610677
2 0.15067 0.52167 0.125 0.461124
0 0.167411 0.511719 0.15904 0.512277
1 0.387905 0.332961 0.388253 0.615327
2 0.979353 0.578869 0.0379464 0.124256
0 0.441546 0.355748 0.17048 0.559338
1 0.183105 0.525112 0.224191 0.512277
1 0.979353 0.579613 0.0368304 0.119048
0 0.147042 0.5266 0.118304 0.434896
0 0.486468 0.334449 0.279297 0.615327
1 0.311802 0.343378 0.503627 0.686756
0 0.979353 0.578869 0.0379464 0.124256
1 0.441546 0.355748 0.17048 0.559338
3 0.978795 0.587798 0.0424107 0.178571
0 0.494838 0.332775 0.45452 0.665551
1 0.145368 0.529018 0.107143 0.302083
1 0.1875 0.543155 0.145647 0.479167
0 0.25272 0.429129 0.319336 0.680432
0 0.200893 0.497117 0.270647 0.556362
1 0.142264 0.535528 0.209891 0.473586
2 0.384417 0.333798 0.369559 0.610677
3 0.15067 0.52167 0.125 0.461124
2 0.311802 0.343378 0.503627 0.686756
2 0.151786 0.526042 0.114397 0.302827
3 0.367746 0.332682 0.438616 0.633743
2 0.180525 0.521391 0.145647 0.492932
2 0.978795 0.587798 0.0424107 0.178571
0 0.417411 0.413691 0.141741 0.46131
0 0.228516 0.555897 0.174107 0.520647
1 0.237653 0.511998 0.334961 0.584635
3 0.973214 0.558408 0.0390625 0.155506
3 0.986328 0.590774 0.0273438 0.181548
0 0.545201 0.334821 0.199777 0.572173
1 0.9774 0.575893 0.0452008 0.197917
0 0.33817 0.3617 0.256138 0.587612
1 0.228516 0.555897 0.174107 0.520647
0 0.583147 0.351562 0.385045 0.655506
