2 0.100167 0.573661 0.118304 0.497024
3 0.62221 0.449405 0.0424108 0.104167
0 0.107143 0.667411 0.179129 0.647321
2 0.0987723 0.482515 0.102121 0.314732
3 0.108817 0.478423 0.0890067 0.267857
0 0.100167 0.573661 0.118304 0.497024
1 0.100167 0.573661 0.118304 0.497024
3 0.617188 0.447545 0.0546875 0.15625
1 0.102679 0.644345 0.151786 0.702381
3 0.0987374 0.571429 0.115025 0.534226
3 0.087786 0.460566 0.0883789 0.244792
3 0.615513 0.460193 0.0446429 0.0997024
3 0.0983538 0.515997 0.102958 0.380208
2 0.087786 0.460566 0.0883789 0.244792
3 0.0768694 0.471726 0.0541295 0.242559
0 0.0731376 0.656622 0.129953 0.633185
3 0.620536 0.456473 0.127232 0.412202
2 0.102679 0.644345 0.151786 0.702381
2 0.0768694 0.471726 0.0541295 0.242559
3 0.632254 0.46131 0.0334821 0.09375
2 0.111328 0.505952 0.0862165 0.261161
0 0.149205 0.636347 0.283064 0.727307
3 0.611049 0.445685 0.0368303 0.10119
1 0.0987723 0.482515 0.102121 0.314732
3 0.613839 0.461682 0.0714286 0.200149
3 0.635045 0.44308 0.0334821 0.102679
2 0.114397 0.492653 0.129464 0.441778
0 0.620536 0.456473 0.127232 0.412202
2 0.113281 0.460193 0.077846 0.231399
