1 0.949777 0.549851 0.0982142 0.572917
0 0.399275 0.33324 0.345424 0.605841
0 0.333008 0.333333 0.532645 0.664435
0 0.443778 0.352307 0.168248 0.565476
1 0.403181 0.33231 0.363281 0.609189
0 0.485491 0.333333 0.27567 0.618304
1 0.443778 0.352307 0.168248 0.565476
2 0.946987 0.555804 0.0993304 0.595238
1 0.950893 0.655878 0.0881696 0.469494
0 0.498605 0.331752 0.451451 0.659412
0 0.948661 0.561756 0.0993303 0.611607
1 0.32101 0.336682 0.471819 0.673363
2 0.399275 0.33324 0.345424 0.605841
3 0.946987 0.555804 0.0993304 0.595238
3 0.376535 0.331473 0.416574 0.631696
0 0.420201 0.412853 0.137835 0.46596
3 0.212542 0.571429 0.0297154 0.0922619
3 0.228516 0.56436 0.0396205 0.104911
2 0.331892 0.331845 0.543806 0.663691
0 0.544085 0.333798 0.206473 0.576451
3 0.213937 0.53311 0.0358538 0.145833
1 0.936942 0.643229 0.102679 0.576637
0 0.579799 0.354167 0.38058 0.666667
0 0.411412 0.313616 0.208426 0.566964
0 0.335658 0.36356 0.243862 0.579427
1 0.420201 0.412853 0.137835 0.46596
1 0.485491 0.333333 0.27567 0.618304
