1 0.940569 0.560547 0.118862 0.633371
0 0.3893 0.332589 0.370954 0.616816
0 0.329171 0.331194 0.539202 0.65904
0 0.939174 0.567522 0.120536 0.68936
1 0.392369 0.331194 0.386021 0.621838
0 0.441964 0.353795 0.177455 0.569941
0 0.485491 0.336682 0.272321 0.619048
1 0.441964 0.353795 0.177455 0.569941
2 0.938616 0.567894 0.11942 0.635045
0 0.492746 0.332217 0.445312 0.664435
0 0.928013 0.666109 0.139509 0.629092
3 0.229143 0.566592 0.0405971 0.106399
2 0.373744 0.331008 0.42885 0.632627
3 0.938616 0.567894 0.11942 0.635045
3 0.373744 0.331008 0.42885 0.632627
1 0.930804 0.666109 0.128348 0.620164
3 0.231027 0.56436 0.063058 0.176339
1 0.959263 0.653646 0.0736607 0.569196
3 0.214216 0.570685 0.0313895 0.10119
0 0.417132 0.411458 0.154576 0.474702
3 0.225446 0.532366 0.046875 0.166667
3 0.215193 0.534226 0.0355748 0.156994
0 0.544643 0.336031 0.198661 0.56901
0 0.409598 0.315476 0.21317 0.572173
