0 0.719866 0.601004 0.25558 0.777158
0 0.707031 0.348121 0.229911 0.662388
0 0.697545 0.451265 0.291295 0.851935
0 0.610491 0.449963 0.368304 0.778646
1 0.717076 0.348958 0.225446 0.665179
0 0.635463 0.331194 0.311663 0.65904
1 0.72154 0.542411 0.252232 0.837798
0 0.561942 0.388579 0.335938 0.669271
0 0.650112 0.603237 0.237723 0.704241
2 0.71875 0.601562 0.257812 0.780506
3 0.71875 0.601562 0.257812 0.780506
2 0.696429 0.342169 0.263393 0.675781
3 0.696429 0.342169 0.263393 0.675781
0 0.537946 0.312035 0.429688 0.578311
1 0.610491 0.449963 0.368304 0.778646
0 0.569336 0.530506 0.32115 0.71131
0 0.726562 0.724702 0.21875 0.528274
