2 0.743304 0.455357 0.145089 0.373512
1 0.743304 0.456473 0.145089 0.368304
0 0.742746 0.460566 0.147321 0.359375
3 0.741071 0.44308 0.149554 0.363095
2 0.72433 0.481027 0.142857 0.298363
0 0.738839 0.631324 0.18192 0.622768
1 0.720424 0.46131 0.228795 0.412946
1 0.72433 0.481027 0.142857 0.298363
0 0.720424 0.46131 0.228795 0.412946
3 0.72433 0.481027 0.142857 0.298363
0 0.733259 0.608817 0.126116 0.535342
0 0.75558 0.675037 0.135045 0.554688
0 0.733259 0.5133 0.183036 0.452567
0 0.595982 0.456473 0.434152 0.603423
1 0.733259 0.608817 0.126116 0.535342
1 0.733259 0.5133 0.183036 0.452567
0 0.709821 0.650856 0.264509 0.671503
2 0.733259 0.5133 0.183036 0.452567
2 0.756138 0.416667 0.114955 0.295387
2 0.720424 0.501116 0.100446 0.241816
