1 0.618862 0.43099 0.205357 0.691592
0 0.631696 0.574405 0.188616 0.739583
1 0.632812 0.583612 0.176339 0.695871
1 0.564593 0.429315 0.30385 0.703869
0 0.612165 0.429967 0.225446 0.689174
0 0.551897 0.474144 0.332589 0.795759
0 0.642857 0.649182 0.15067 0.606399
1 0.37221 0.621838 0.108259 0.649182
3 0.365513 0.526786 0.0396205 0.14881
0 0.37221 0.621838 0.108259 0.649182
0 0.620954 0.663319 0.252511 0.604911
3 0.365792 0.52567 0.0546875 0.281994
3 0.36942 0.501116 0.0396205 0.0677083
1 0.354353 0.661644 0.102679 0.596354
3 0.364676 0.521949 0.0424107 0.09375
0 0.477958 0.530506 0.310826 0.712798
0 0.573661 0.600632 0.273438 0.700521
3 0.365513 0.582403 0.0998884 0.585193
3 0.36942 0.567336 0.046875 0.232887
3 0.369699 0.50372 0.0368304 0.154762
1 0.368583 0.61756 0.0652902 0.510417
3 0.36942 0.571243 0.0613839 0.452753
3 0.361328 0.494048 0.0340402 0.0654762
0 0.354353 0.661644 0.102679 0.596354
0 0.488839 0.417039 0.388393 0.68378
2 0.625 0.4734 0.19308 0.764509
1 0.365792 0.52567 0.0546875 0.281994
3 0.361886 0.497024 0.0345982 0.135417
0 0.464146 0.619234 0.253627 0.69308
1 0.365513 0.526786 0.0396205 0.14881
2 0.37221 0.621838 0.108259 0.649182
3 0.612165 0.429967 0.225446 0.689174
1 0.36942 0.567336 0.046875 0.232887
1 0.49428 0.467169 0.381975 0.750186
0 0.348214 0.674665 0.164621 0.629836
1 0.612165 0.65811 0.176339 0.612351
0 0.365792 0.52567 0.0546875 0.281994
1 0.351004 0.675223 0.152344 0.618304
0 0.36942 0.571243 0.0613839 0.452753
0 0.602121 0.69029 0.174107 0.568824
3 0.631696 0.574405 0.188616 0.739583
0 0.638951 0.473772 0.159598 0.653646
3 0.357701 0.634859 0.131138 0.66183
1 0.371931 0.50372 0.0580357 0.366816
1 0.650112 0.686384 0.146205 0.573661
