2 0.0848563 0.47433 0.089774 0.276786
2 0.0849609 0.509487 0.0990513 0.412574
3 0.739955 0.471726 0.015625 0.0491071
0 0.0808803 0.652902 0.122838 0.670387
1 0.0851004 0.512091 0.100446 0.377604
3 0.735491 0.463542 0.0189732 0.0505952
1 0.0821708 0.65253 0.118025 0.672619
0 0.0851004 0.512091 0.100446 0.377604
3 0.736607 0.487351 0.0212053 0.0572917
3 0.0848563 0.47433 0.089774 0.276786
3 0.731027 0.460193 0.0200893 0.0632441
3 0.0849609 0.509487 0.0990513 0.412574
1 0.0839844 0.46317 0.0904018 0.266369
2 0.0821708 0.65253 0.118025 0.672619
3 0.717634 0.468006 0.0334821 0.09375
3 0.733259 0.47061 0.0279018 0.0744047
0 0.0839844 0.46317 0.0904018 0.266369
3 0.739397 0.471354 0.0279018 0.0877976
3 0.731027 0.488467 0.03125 0.101935
2 0.0878906 0.478423 0.0669643 0.151042
3 0.706473 0.44122 0.032366 0.114583
1 0.739397 0.472098 0.015625 0.0476191
3 0.0808803 0.652902 0.122838 0.670387
2 0.0708008 0.473586 0.0578962 0.150298
3 0.740513 0.494792 0.0200893 0.0625
3 0.727121 0.457217 0.0323661 0.108631
3 0.743304 0.453125 0.0189732 0.061756
