0 0.629464 0.603144 0.251116 0.734189
0 0.627372 0.437407 0.25865 0.698103
1 0.628906 0.443545 0.233259 0.662016
1 0.632812 0.606492 0.264509 0.712612
0 0.570312 0.419922 0.313616 0.68843
2 0.626674 0.471819 0.257812 0.749814
3 0.626674 0.471819 0.257812 0.749814
0 0.490095 0.458798 0.38365 0.722284
0 0.696987 0.455078 0.207589 0.716332
1 0.678571 0.436291 0.166295 0.640811
2 0.620675 0.658668 0.294364 0.643973
3 0.620675 0.658668 0.294364 0.643973
0 0.578265 0.538691 0.25865 0.739583
0 0.689732 0.65811 0.15625 0.584077
0 0.712612 0.413597 0.323661 0.714472
