0 0.394531 0.332961 0.353795 0.611607
0 0.322963 0.331659 0.543806 0.663318
1 0.977121 0.591146 0.0379464 0.372768
2 0.977121 0.591146 0.0379464 0.372768
2 0.977121 0.594308 0.0357142 0.222098
1 0.977121 0.594308 0.0357142 0.222098
1 0.981027 0.49721 0.0357142 0.511533
1 0.39781 0.331752 0.369559 0.616257
0 0.44308 0.354167 0.171875 0.56622
0 0.977679 0.577009 0.0368303 0.380208
2 0.974888 0.580729 0.032366 0.126488
3 0.974888 0.580729 0.032366 0.126488
3 0.976562 0.581473 0.0368303 0.337054
1 0.972656 0.64881 0.0412947 0.525298
3 0.976004 0.582217 0.0357143 0.185268
0 0.981027 0.49721 0.0357142 0.511533
1 0.975447 0.557478 0.0491071 0.569569
0 0.484654 0.334542 0.259487 0.616629
1 0.44308 0.354167 0.171875 0.56622
0 0.975447 0.557478 0.0491071 0.569569
1 0.978237 0.579613 0.0334821 0.138393
1 0.977679 0.644903 0.0334822 0.278646
1 0.912388 0.349702 0.160714 0.636161
1 0.946429 0.351284 0.102679 0.62779
1 0.32373 0.330357 0.552316 0.660714
1 0.972935 0.355655 0.0541294 0.614583
0 0.977121 0.594308 0.0357142 0.222098
0 0.972656 0.64881 0.0412947 0.525298
2 0.981027 0.49721 0.0357142 0.511533
0 0.972935 0.355655 0.0541294 0.614583
0 0.492327 0.332031 0.430525 0.664062
1 0.983817 0.574591 0.0301339 0.457961
0 0.912388 0.349702 0.160714 0.636161
0 0.946429 0.351284 0.102679 0.62779
2 0.394531 0.332961 0.353795 0.611607
3 0.227679 0.569569 0.0390625 0.0974703
3 0.212821 0.574033 0.0291574 0.0922619
2 0.32373 0.330357 0.552316 0.660714
3 0.375 0.331566 0.420759 0.634487
2 0.977679 0.644903 0.0334822 0.278646
3 0.979353 0.548735 0.0368304 0.469494
3 0.229283 0.566592 0.0598493 0.169643
2 0.975447 0.557478 0.0491071 0.569569
0 0.418527 0.413597 0.149554 0.468936
0 0.974888 0.580729 0.032366 0.126488
1 0.878348 0.312221 0.217634 0.62407
3 0.21317 0.534598 0.0340402 0.155506
2 0.972656 0.64881 0.0412947 0.525298
0 0.544503 0.334821 0.196708 0.571429
3 0.21296 0.570685 0.0439453 0.142113
0 0.411691 0.314732 0.205636 0.569941
3 0.223214 0.532738 0.0457589 0.162946
1 0.981585 0.501116 0.0323661 0.293899
0 0.335658 0.361142 0.248884 0.575335
3 0.221889 0.578125 0.0322266 0.093006
0 0.970982 0.671503 0.0580357 0.545387
1 0.983817 0.577381 0.0256697 0.241071
