0 0.540737 0.612072 0.248884 0.719308
1 0.539062 0.659598 0.248884 0.654018
0 0.539481 0.425688 0.291574 0.641183
3 0.356027 0.518229 0.0273438 0.0662202
2 0.537388 0.611607 0.257812 0.712798
3 0.354353 0.49256 0.0234375 0.0617559
3 0.366071 0.491816 0.0262277 0.0602679
3 0.366071 0.513393 0.030692 0.0632441
3 0.537388 0.611607 0.257812 0.712798
0 0.571289 0.684524 0.186663 0.587798
1 0.541992 0.516183 0.279855 0.732515
3 0.365513 0.521949 0.0290179 0.113839
0 0.498605 0.65811 0.22154 0.609375
3 0.353795 0.494048 0.0234375 0.093006
0 0.553571 0.459635 0.202009 0.589658
0 0.53404 0.327846 0.428571 0.638951
3 0.368025 0.493304 0.0284598 0.116071
1 0.56808 0.549386 0.205357 0.606585
