2 0.308036 0.456845 0.0881696 0.224702
3 0.307757 0.458333 0.0809152 0.22619
3 0.489676 0.450149 0.0608259 0.194196
3 0.492746 0.452753 0.078125 0.30506
1 0.492746 0.452753 0.078125 0.30506
1 0.309152 0.465402 0.0892857 0.258185
0 0.492746 0.452753 0.078125 0.30506
0 0.309152 0.465402 0.0892857 0.258185
2 0.490653 0.454241 0.0700335 0.225446
1 0.490792 0.454613 0.0641741 0.198661
3 0.475865 0.444568 0.062779 0.179316
2 0.494699 0.453125 0.0898438 0.284226
0 0.290179 0.659226 0.169643 0.681548
3 0.476005 0.459449 0.0803571 0.219494
0 0.490792 0.454613 0.0641741 0.198661
3 0.306362 0.467262 0.0686384 0.15253
3 0.496094 0.462054 0.0524554 0.150298
0 0.491211 0.440476 0.120257 0.296875
3 0.491211 0.440476 0.120257 0.296875
2 0.306362 0.467262 0.0686384 0.15253
3 0.486189 0.418155 0.0454799 0.143601
1 0.293527 0.65811 0.15067 0.667411
