1 0.807478 0.554688 0.177455 0.408482
3 0.978795 0.576637 0.0379465 0.130208
0 0.400112 0.333798 0.332589 0.601749
0 0.329869 0.333054 0.541155 0.665737
1 0.819197 0.515811 0.212054 0.608259
0 0.443638 0.351563 0.165179 0.563244
0 0.80971 0.548549 0.188616 0.441592
1 0.404576 0.332682 0.350446 0.605469
0 0.827567 0.391276 0.3125 0.721912
0 0.820871 0.501395 0.241071 0.589472
1 0.443638 0.351563 0.165179 0.563244
2 0.978795 0.576265 0.0379465 0.127232
1 0.979353 0.577381 0.0368304 0.122768
0 0.483677 0.334821 0.263672 0.613095
0 0.978795 0.575893 0.0379465 0.127976
2 0.809152 0.553385 0.179688 0.446801
1 0.317104 0.335752 0.479632 0.671503
0 0.848214 0.311756 0.247768 0.618304
3 0.977679 0.584821 0.0446428 0.200149
1 0.827567 0.391276 0.3125 0.721912
0 0.497628 0.331752 0.446708 0.6609
2 0.400112 0.333798 0.332589 0.601749
3 0.376604 0.331938 0.404157 0.629278
3 0.80971 0.548549 0.188616 0.441592
2 0.820871 0.501395 0.241071 0.589472
3 0.212054 0.572917 0.0295759 0.0877976
2 0.328613 0.331473 0.553711 0.662946
0 0.420201 0.41183 0.132813 0.462798
3 0.229004 0.564732 0.0408761 0.101935
1 0.420201 0.41183 0.132813 0.462798
2 0.977679 0.584821 0.0446428 0.200149
3 0.97433 0.558036 0.0357142 0.162946
1 0.792411 0.572359 0.157366 0.298735
1 0.977958 0.571057 0.0440848 0.205357
0 0.334821 0.362723 0.239955 0.578869
3 0.820871 0.501395 0.241071 0.589472
0 0.383371 0.364304 0.205357 0.552641
0 0.413504 0.31436 0.210937 0.571429
0 0.544085 0.335193 0.199777 0.570685
0 0.853795 0.448103 0.207589 0.621652
