3 0.979911 0.577009 0.0379464 0.130952
1 0.35519 0.524275 0.275112 0.699963
0 0.350446 0.524554 0.279018 0.708333
0 0.376674 0.337426 0.506696 0.666667
0 0.437221 0.369606 0.314174 0.668527
0 0.445871 0.376767 0.190848 0.609561
2 0.979911 0.576265 0.0379464 0.127976
0 0.406669 0.390439 0.200056 0.600074
1 0.979911 0.576265 0.0379464 0.127976
0 0.979911 0.576265 0.0379464 0.127976
1 0.336705 0.667597 0.291992 0.557664
2 0.350446 0.524554 0.279018 0.708333
3 0.979074 0.584077 0.0418527 0.1875
3 0.357143 0.52381 0.285156 0.706845
0 0.472377 0.418341 0.114397 0.571057
1 0.334263 0.388207 0.446429 0.735491
0 0.291295 0.51702 0.251116 0.626674
0 0.440988 0.498884 0.205078 0.601935
3 0.97433 0.557292 0.0379464 0.155506
0 0.497768 0.33817 0.478795 0.676339
0 0.287458 0.374628 0.455218 0.749256
2 0.979074 0.584077 0.0418527 0.1875
0 0.481585 0.40625 0.179688 0.545387
1 0.445871 0.376767 0.190848 0.609561
0 0.259696 0.683408 0.247349 0.52753
0 0.4149 0.50865 0.338728 0.627046
1 0.311663 0.64974 0.166853 0.518973
3 0.22719 0.570685 0.0467355 0.181548
0 0.39481 0.497675 0.224888 0.605841
0 0.352958 0.412202 0.217076 0.60119
2 0.378976 0.386068 0.432896 0.7234
1 0.406669 0.390439 0.200056 0.600074
1 0.977958 0.573289 0.0440848 0.199405
3 0.229143 0.565104 0.0712891 0.383185
3 0.214216 0.565476 0.0352958 0.122768
3 0.986607 0.589658 0.0267857 0.197917
0 0.260324 0.581659 0.186942 0.565848
0 0.217564 0.522786 0.1363 0.463356
