1 0.789621 0.544457 0.101563 0.344122
3 0.978795 0.579241 0.0390625 0.129464
0 0.3238 0.331845 0.542132 0.662202
0 0.388602 0.333705 0.367885 0.612351
2 0.792411 0.541481 0.0970982 0.336682
2 0.978795 0.578869 0.0390625 0.127976
0 0.442941 0.356027 0.172154 0.564732
1 0.39209 0.332496 0.383231 0.616257
1 0.979353 0.578497 0.0401786 0.130208
0 0.792411 0.540551 0.0970982 0.335565
3 0.977679 0.574405 0.0435268 0.1875
0 0.485352 0.336031 0.269252 0.61663
0 0.979353 0.578497 0.0401786 0.130208
1 0.318429 0.335938 0.484794 0.671875
1 0.442941 0.356027 0.172154 0.564732
3 0.790737 0.544643 0.0982142 0.337798
1 0.977679 0.574405 0.0435268 0.1875
2 0.977679 0.574405 0.0435268 0.1875
0 0.492188 0.332403 0.440848 0.664807
3 0.214007 0.575521 0.0301339 0.0915179
3 0.226562 0.569196 0.0407366 0.100446
2 0.370536 0.332682 0.435268 0.635231
3 0.370536 0.332682 0.435268 0.635231
3 0.214076 0.572545 0.0450614 0.136905
0 0.415737 0.414528 0.152902 0.465588
3 0.228237 0.56622 0.061942 0.161458
0 0.543387 0.335565 0.211216 0.573661
0 0.407645 0.313616 0.195871 0.559524
3 0.214565 0.536086 0.0351562 0.151786
3 0.986049 0.590774 0.0279017 0.173363
0 0.977679 0.574405 0.0435268 0.1875
3 0.22454 0.533482 0.0470145 0.164435
3 0.221261 0.577381 0.0340402 0.0974703
1 0.90346 0.324963 0.19308 0.649926
0 0.466518 0.405878 0.132812 0.481399
