1 0.0484794 0.569847 0.0952846 0.699591
3 0.979911 0.580357 0.0379464 0.124256
0 0.388672 0.333612 0.357701 0.608073
0 0.326939 0.332217 0.533622 0.657738
0 0.0516183 0.571429 0.0990513 0.741071
1 0.392299 0.33231 0.373884 0.610677
0 0.443778 0.354539 0.17048 0.560268
0 0.0645926 0.650484 0.118862 0.636533
2 0.979911 0.579613 0.0379464 0.125
1 0.979911 0.579613 0.0379464 0.125
1 0.443778 0.354539 0.17048 0.560268
2 0.0472935 0.536272 0.0915179 0.632813
0 0.485491 0.335193 0.256696 0.607143
0 0.979911 0.579613 0.0379464 0.125
1 0.316197 0.333519 0.478097 0.667039
1 0.0645926 0.650484 0.118862 0.636533
3 0.979074 0.588542 0.0418527 0.174851
0 0.192243 0.531343 0.158482 0.458147
0 0.0422712 0.646391 0.077846 0.62686
0 0.492606 0.330729 0.434431 0.661458
2 0.388672 0.333612 0.357701 0.608073
3 0.370117 0.332124 0.418248 0.627418
2 0.326102 0.329706 0.54534 0.65904
3 0.0496652 0.570312 0.0959821 0.685268
0 0.176235 0.614583 0.22454 0.537202
0 0.109166 0.597098 0.212472 0.75372
0 0.180315 0.627232 0.354771 0.589286
2 0.0626395 0.595889 0.123605 0.757626
0 0.418248 0.412574 0.149554 0.470238
0 0.545201 0.334077 0.195312 0.56622
2 0.979074 0.588542 0.0418527 0.174851
3 0.229911 0.565104 0.0435268 0.107143
0 0.181292 0.527809 0.324916 0.512835
3 0.987165 0.590402 0.0256696 0.140625
1 0.907924 0.344494 0.177455 0.634673
0 0.411551 0.314732 0.209263 0.572173
1 0.977958 0.578125 0.0440848 0.194941
2 0.0483398 0.65811 0.0966797 0.655506
3 0.973772 0.559152 0.0379464 0.155506
0 0.907924 0.344494 0.177455 0.634673
