3 0.525112 0.454613 0.0390625 0.135417
0 0.0785435 0.652902 0.126395 0.685268
2 0.0831473 0.565476 0.10798 0.505952
2 0.0842285 0.478795 0.0943778 0.309524
1 0.0800781 0.652623 0.125837 0.688802
3 0.0842285 0.478795 0.0943778 0.309524
1 0.0833217 0.566592 0.108468 0.466518
0 0.0833217 0.566592 0.108468 0.466518
3 0.523577 0.457217 0.0856585 0.322173
3 0.522321 0.453497 0.0714285 0.247768
2 0.0800781 0.652623 0.125837 0.688802
1 0.525112 0.453869 0.0435268 0.140625
2 0.0754743 0.453497 0.0809152 0.243304
3 0.0831473 0.565476 0.10798 0.505952
1 0.0828683 0.488467 0.100167 0.359375
0 0.525112 0.453869 0.0435268 0.140625
1 0.523577 0.457217 0.0856585 0.322173
3 0.520089 0.412574 0.0323661 0.123512
3 0.521763 0.412946 0.0334821 0.0796131
0 0.0828683 0.488467 0.100167 0.359375
0 0.523577 0.457217 0.0856585 0.322173
1 0.522321 0.453497 0.0714285 0.247768
2 0.525112 0.453869 0.0435268 0.140625
3 0.0785435 0.652902 0.126395 0.685268
3 0.0754743 0.453497 0.0809152 0.243304
0 0.522321 0.453497 0.0714285 0.247768
3 0.511161 0.462426 0.0535715 0.12872
0 0.0809152 0.654018 0.16183 0.691964
3 0.50851 0.436756 0.047712 0.113095
3 0.511858 0.461682 0.0744978 0.203869
3 0.520229 0.409226 0.0510603 0.156994
3 0.0961217 0.447173 0.0714286 0.238095
