2 0.942522 0.484933 0.114955 0.461682
0 0.443359 0.728423 0.192522 0.517857
1 0.941406 0.494048 0.117188 0.480655
1 0.939732 0.608352 0.120536 0.647879
1 0.441406 0.722284 0.19308 0.528646
0 0.939732 0.608352 0.120536 0.647879
2 0.941964 0.473958 0.106027 0.301339
0 0.941406 0.494048 0.117188 0.480655
3 0.94029 0.48298 0.11942 0.4641
2 0.446568 0.718564 0.19615 0.53311
1 0.955915 0.609747 0.0848214 0.595982
0 0.445312 0.718564 0.172991 0.295015
3 0.446987 0.715774 0.207589 0.528274
0 0.92048 0.675595 0.15904 0.632441
1 0.941964 0.473958 0.106027 0.301339
2 0.935268 0.615327 0.122768 0.683036
2 0.929688 0.424665 0.138393 0.546503
0 0.957589 0.657924 0.0837053 0.618676
0 0.453544 0.626488 0.20452 0.464286
