0 0.54255 0.675781 0.212891 0.526414
1 0.541155 0.699219 0.201172 0.53311
3 0.368583 0.499256 0.0340402 0.0699405
3 0.361049 0.517857 0.0357143 0.0796131
3 0.367746 0.524182 0.0368304 0.094494
3 0.367188 0.524554 0.0502232 0.15997
3 0.359375 0.497396 0.0295759 0.0677083
3 0.370536 0.553199 0.0401786 0.151042
2 0.544782 0.677455 0.228516 0.52753
3 0.360491 0.551711 0.0379464 0.141369
0 0.543108 0.702381 0.17048 0.278274
3 0.544782 0.677455 0.228516 0.52753
3 0.369978 0.555804 0.0569196 0.252976
3 0.372489 0.548735 0.0396205 0.0803572
1 0.363281 0.521205 0.031808 0.0825893
3 0.360212 0.498512 0.0424107 0.136161
1 0.543108 0.702381 0.17048 0.278274
1 0.368862 0.50186 0.030692 0.0811012
1 0.367188 0.524554 0.0502232 0.15997
