3 0.580357 0.475446 0.0401786 0.10119
3 0.0376674 0.500744 0.0352958 0.0654762
3 0.581473 0.476191 0.0747768 0.184524
3 0.034389 0.511533 0.0336217 0.106399
3 0.0356445 0.506324 0.0425502 0.141369
3 0.56808 0.484375 0.03125 0.093006
3 0.594308 0.47247 0.0435268 0.0848214
3 0.571429 0.464658 0.0357142 0.0818452
3 0.59375 0.469122 0.0513393 0.115327
1 0.580357 0.475074 0.0424107 0.104167
0 0.580357 0.475074 0.0424107 0.104167
0 0.581473 0.476191 0.0747768 0.184524
1 0.581473 0.476191 0.0747768 0.184524
3 0.568638 0.463542 0.046875 0.0959821
3 0.540179 0.477307 0.0502233 0.119792
3 0.539621 0.472098 0.0758928 0.197173
