3 0.979353 0.577009 0.0368304 0.12872
1 0.165876 0.578869 0.177734 0.674107
0 0.40346 0.334077 0.342634 0.607143
0 0.318778 0.343843 0.422712 0.681362
0 0.172503 0.586403 0.225307 0.743862
1 0.17334 0.591146 0.257115 0.74628
0 0.160435 0.555432 0.165737 0.613839
0 0.443638 0.354167 0.169643 0.563988
1 0.407506 0.333333 0.356864 0.612351
2 0.979353 0.576637 0.0379464 0.127976
1 0.443638 0.354167 0.169643 0.563988
1 0.979353 0.576637 0.0379464 0.127976
0 0.485212 0.334077 0.270647 0.618304
2 0.161656 0.578962 0.181152 0.691778
0 0.979353 0.576637 0.0379464 0.127976
1 0.144252 0.655506 0.200893 0.626488
0 0.217913 0.554129 0.303571 0.647694
1 0.324358 0.34375 0.449498 0.68378
0 0.496931 0.331659 0.452567 0.663318
1 0.217913 0.554129 0.303571 0.647694
3 0.978795 0.583333 0.0424107 0.194196
0 0.193569 0.662574 0.308175 0.655506
0 0.144252 0.655506 0.200893 0.626488
3 0.97433 0.558036 0.0379464 0.15625
2 0.407506 0.333333 0.356864 0.612351
1 0.200544 0.664435 0.336635 0.659226
3 0.17334 0.591146 0.257115 0.74628
3 0.166434 0.578962 0.177176 0.65904
0 0.222377 0.546596 0.199777 0.610677
0 0.419085 0.415179 0.137835 0.462798
2 0.324358 0.34375 0.449498 0.68378
3 0.381417 0.333054 0.417969 0.638951
0 0.383092 0.362351 0.205915 0.561012
0 0.102644 0.541295 0.141811 0.59003
0 0.318011 0.402716 0.29255 0.581473
0 0.25865 0.538132 0.180804 0.56064
1 0.419085 0.415179 0.137835 0.462798
0 0.545759 0.334077 0.202009 0.570685
1 0.221261 0.575707 0.1875 0.61942
2 0.978795 0.583333 0.0424107 0.194196
1 0.977679 0.572917 0.0446428 0.206845
0 0.134487 0.526972 0.238281 0.624628
0 0.580357 0.353051 0.38058 0.65625
1 0.184431 0.68378 0.206473 0.587798
3 0.986607 0.589658 0.0267857 0.196429
0 0.255301 0.473586 0.232143 0.606399
