3 0.978795 0.580357 0.0379465 0.124256
0 0.493722 0.527344 0.293806 0.781622
0 0.313965 0.332031 0.537249 0.664062
1 0.511719 0.634673 0.266741 0.642857
0 0.457031 0.410063 0.322545 0.697731
0 0.478097 0.361886 0.20452 0.609561
0 0.518415 0.659226 0.311384 0.644345
0 0.498605 0.455543 0.231585 0.648438
2 0.979353 0.579985 0.0390625 0.125744
1 0.979353 0.579985 0.0390625 0.125744
0 0.430385 0.340774 0.431641 0.65253
1 0.478795 0.474888 0.313616 0.767485
3 0.977121 0.576637 0.0435267 0.188244
0 0.979353 0.579985 0.0390625 0.125744
1 0.31822 0.337054 0.48856 0.674107
1 0.478097 0.361886 0.20452 0.609561
2 0.493862 0.527158 0.297991 0.774554
0 0.427595 0.516555 0.240792 0.532366
0 0.559152 0.540458 0.264509 0.678013
0 0.455357 0.435454 0.207589 0.614211
3 0.493862 0.527158 0.297991 0.774554
0 0.430246 0.612723 0.429688 0.631696
0 0.415318 0.430804 0.182757 0.514137
0 0.418527 0.436291 0.295759 0.550037
1 0.977121 0.576637 0.0435267 0.188244
3 0.228167 0.567708 0.0414342 0.101935
2 0.977121 0.576637 0.0435267 0.188244
2 0.314523 0.331101 0.55399 0.662202
1 0.407366 0.520368 0.112165 0.454799
3 0.214286 0.572917 0.031808 0.0952381
0 0.413923 0.342262 0.23019 0.591518
3 0.314523 0.331101 0.55399 0.662202
0 0.407366 0.520368 0.112165 0.454799
1 0.427595 0.516555 0.240792 0.532366
1 0.498605 0.455543 0.231585 0.648438
3 0.22998 0.565104 0.0640346 0.179316
3 0.986049 0.591518 0.0279017 0.174107
1 0.408203 0.694382 0.384487 0.527902
3 0.215123 0.534226 0.0368304 0.15253
0 0.558594 0.482701 0.383929 0.710193
1 0.405692 0.518973 0.0647321 0.21875
2 0.518415 0.659226 0.311384 0.644345
3 0.214286 0.569941 0.0485491 0.145833
3 0.388672 0.519345 0.0608259 0.197173
3 0.973772 0.561012 0.0368303 0.126488
2 0.460658 0.408761 0.324219 0.701823
3 0.225725 0.53311 0.0491071 0.163691
1 0.875 0.314081 0.229911 0.626302
1 0.415318 0.430804 0.182757 0.514137
1 0.455357 0.435454 0.207589 0.614211
