3 0.359096 0.520461 0.0373884 0.0840774
3 0.366629 0.5 0.0334821 0.0699404
0 0.5512 0.676339 0.359654 0.630952
3 0.364397 0.522321 0.0457589 0.14881
3 0.358259 0.502232 0.0295759 0.0699405
3 0.368583 0.555804 0.0401786 0.15625
0 0.557896 0.700893 0.242466 0.50744
3 0.368304 0.55878 0.0552455 0.235119
3 0.359654 0.552827 0.0368304 0.15625
3 0.369978 0.550595 0.0385045 0.0825893
1 0.5512 0.676339 0.359654 0.630952
1 0.361328 0.523438 0.03125 0.0885417
1 0.364397 0.522321 0.0457589 0.14881
3 0.359375 0.503348 0.0390625 0.135417
3 0.367746 0.607515 0.0485491 0.240327
1 0.367467 0.502604 0.030692 0.0848214
0 0.545759 0.267578 0.427455 0.50651
0 0.547852 0.37128 0.404297 0.56994
3 0.354911 0.545387 0.0357143 0.0930059
3 0.36635 0.610677 0.0669643 0.364955
