0 0.902344 0.596726 0.195312 0.785714
0 0.891183 0.391183 0.203125 0.777158
0 0.752232 0.384022 0.429688 0.727493
0 0.851842 0.528646 0.296317 0.80878
0 0.924665 0.65067 0.146205 0.655506
0 0.833705 0.392485 0.332589 0.78497
0 0.922991 0.345145 0.145089 0.65346
1 0.892578 0.597842 0.214844 0.787946
1 0.898996 0.349609 0.195312 0.671317
0 0.863281 0.665365 0.237723 0.669271
0 0.75279 0.550502 0.454241 0.757627
2 0.892578 0.597842 0.214844 0.787946
1 0.742188 0.383464 0.460938 0.725632
2 0.892857 0.34561 0.207589 0.68378
3 0.892578 0.597842 0.214844 0.787946
0 0.77846 0.621931 0.313616 0.7234
3 0.884487 0.345238 0.228795 0.690476
