0 0.463728 0.490048 0.18192 0.743118
3 0.978795 0.580729 0.0379465 0.125744
0 0.463588 0.59654 0.233538 0.777158
0 0.298549 0.334449 0.481027 0.668899
0 0.428013 0.617839 0.229911 0.664621
0 0.415458 0.518508 0.164062 0.55971
1 0.457031 0.451637 0.166295 0.648809
0 0.457868 0.663318 0.328683 0.673363
0 0.4887 0.471912 0.269252 0.752604
1 0.46038 0.598214 0.256696 0.775298
1 0.415458 0.518508 0.164062 0.55971
2 0.979353 0.579985 0.0390625 0.126488
0 0.421317 0.447359 0.294643 0.706473
0 0.431222 0.440848 0.155413 0.567708
1 0.979353 0.579985 0.0390625 0.126488
1 0.429967 0.621001 0.240513 0.63151
0 0.327288 0.716518 0.472656 0.566964
3 0.978516 0.587054 0.0429688 0.165179
0 0.448661 0.362723 0.170759 0.557292
0 0.400112 0.525856 0.100446 0.495908
0 0.397321 0.687872 0.329241 0.610863
0 0.378348 0.379092 0.359375 0.664435
0 0.979353 0.579985 0.0390625 0.126488
2 0.463728 0.490048 0.18192 0.743118
1 0.400112 0.525856 0.100446 0.495908
1 0.391183 0.527902 0.0809152 0.353423
1 0.431222 0.440848 0.155413 0.567708
2 0.46038 0.598214 0.256696 0.775298
1 0.299456 0.334449 0.508231 0.668899
1 0.391741 0.528646 0.0675223 0.202381
1 0.421317 0.447359 0.294643 0.706473
2 0.977121 0.576265 0.0435267 0.195685
0 0.436942 0.338263 0.354911 0.63151
2 0.415458 0.518508 0.164062 0.55971
3 0.46038 0.598214 0.256696 0.775298
0 0.391183 0.527902 0.0809152 0.353423
0 0.339914 0.632441 0.401646 0.549107
0 0.397321 0.527902 0.0725446 0.219494
1 0.977121 0.576265 0.0435267 0.195685
1 0.909598 0.347563 0.174107 0.626302
3 0.391741 0.528646 0.0675223 0.202381
1 0.470703 0.36356 0.172433 0.56901
1 0.4887 0.471912 0.269252 0.752604
3 0.228237 0.563616 0.0418527 0.105655
3 0.213309 0.571801 0.030971 0.0952381
3 0.462751 0.491071 0.217355 0.724702
0 0.490932 0.449684 0.174386 0.645275
3 0.986049 0.592262 0.0279017 0.181548
3 0.973772 0.558036 0.0390625 0.156994
2 0.299456 0.334449 0.508231 0.668899
2 0.429967 0.621001 0.240513 0.63151
3 0.391183 0.527902 0.0809152 0.353423
0 0.909598 0.347563 0.174107 0.626302
3 0.229841 0.561756 0.0687779 0.184524
3 0.299456 0.334449 0.508231 0.668899
3 0.213797 0.534598 0.0355748 0.149554
3 0.213309 0.568452 0.0499442 0.145833
