1 0.347935 0.521763 0.18471 0.673735
0 0.368583 0.592913 0.250558 0.732329
0 0.34375 0.647694 0.189732 0.640625
1 0.389369 0.556548 0.265904 0.736607
1 0.360212 0.64881 0.217076 0.629464
0 0.46875 0.499442 0.464286 0.667783
0 0.348214 0.520833 0.183594 0.663691
0 0.434849 0.624628 0.371373 0.697173
1 0.319475 0.653274 0.156808 0.636905
2 0.348214 0.520833 0.183594 0.663691
2 0.381975 0.593843 0.273996 0.733445
3 0.381975 0.593843 0.273996 0.733445
3 0.348214 0.520833 0.183594 0.663691
1 0.47433 0.496559 0.5 0.700335
2 0.34375 0.647694 0.189732 0.640625
0 0.512835 0.375 0.43192 0.602679
0 0.308594 0.614211 0.191964 0.731399
