3 0.352958 0.524926 0.03125 0.0758929
3 0.359933 0.518601 0.0345982 0.0773809
1 0.56529 0.709635 0.158482 0.232515
3 0.349609 0.502604 0.0256696 0.0706845
3 0.362723 0.498884 0.0290179 0.0684524
1 0.570871 0.745536 0.185268 0.309524
3 0.354911 0.540923 0.0273438 0.0877976
3 0.351004 0.539062 0.031808 0.0669643
3 0.366629 0.495908 0.0284598 0.0892857
3 0.364676 0.544271 0.0329241 0.0974702
3 0.361886 0.542783 0.0368304 0.0654762
3 0.361049 0.521577 0.0435268 0.151042
1 0.5625 0.687314 0.133929 0.170015
3 0.333426 0.524554 0.0228795 0.0729166
1 0.357422 0.52567 0.0256696 0.0714286
3 0.364955 0.545387 0.0552455 0.230655
0 0.570871 0.745536 0.185268 0.309524
1 0.582589 0.744792 0.131696 0.282738
3 0.353516 0.500372 0.0357143 0.115327
3 0.578683 0.71503 0.138393 0.233631
0 0.56529 0.709635 0.158482 0.232515
