3 0.454939 0.450893 0.0923549 0.21875
3 0.46317 0.457217 0.0669643 0.190476
2 0.450335 0.450521 0.0982143 0.228423
3 0.484933 0.46689 0.0295759 0.126488
3 0.474888 0.455357 0.046317 0.145089
3 0.484933 0.467634 0.0435268 0.168899
1 0.450335 0.450521 0.0982143 0.228423
2 0.462333 0.456845 0.0680804 0.189732
0 0.450335 0.449777 0.0987723 0.21875
1 0.462333 0.456845 0.0680804 0.189732
3 0.478237 0.480655 0.0379464 0.15253
0 0.462333 0.456845 0.0680804 0.189732
3 0.45173 0.483631 0.0725447 0.206101
3 0.455357 0.443452 0.0686384 0.151786
3 0.481585 0.452753 0.141741 0.354167
2 0.484933 0.467634 0.0435268 0.168899
2 0.484933 0.46689 0.0295759 0.126488
3 0.486747 0.442708 0.0588727 0.203869
1 0.484933 0.467634 0.0435268 0.168899
3 0.436663 0.436012 0.0552455 0.14881
