0 0.905134 0.391369 0.183036 0.77381
0 0.893415 0.598028 0.200893 0.774182
0 0.319336 0.334077 0.528739 0.66369
0 0.37772 0.334821 0.350586 0.619792
0 0.441127 0.351191 0.175781 0.581101
0 0.928013 0.655134 0.132812 0.656994
1 0.380511 0.333705 0.365095 0.625744
0 0.848214 0.661644 0.291295 0.676711
1 0.904018 0.344866 0.189732 0.674851
1 0.31808 0.332589 0.535714 0.665179
0 0.77846 0.621652 0.396205 0.710566
1 0.441127 0.351191 0.175781 0.581101
1 0.88058 0.598028 0.233259 0.774182
0 0.874442 0.452009 0.245536 0.819196
3 0.235491 0.569941 0.0435268 0.105655
2 0.904018 0.344866 0.189732 0.674851
2 0.88058 0.598028 0.233259 0.774182
2 0.31808 0.332589 0.535714 0.665179
0 0.40904 0.316964 0.215402 0.581101
2 0.37772 0.334821 0.350586 0.619792
3 0.237165 0.567336 0.0664062 0.182292
3 0.88058 0.598028 0.233259 0.774182
3 0.31808 0.332589 0.535714 0.665179
3 0.215332 0.574405 0.0341797 0.0952381
3 0.898996 0.343006 0.202009 0.682292
1 0.916295 0.533296 0.158482 0.805432
0 0.484375 0.34747 0.226562 0.601191
0 0.417132 0.412295 0.16183 0.484933
3 0.228167 0.576637 0.0364118 0.09375
3 0.37772 0.334821 0.350586 0.619792
