0 0.888393 0.600446 0.209821 0.78125
0 0.320871 0.334449 0.44308 0.668899
0 0.876116 0.342262 0.234375 0.674851
0 0.828125 0.388207 0.337054 0.771205
0 0.852679 0.533854 0.284598 0.795387
0 0.766741 0.341053 0.357143 0.658668
0 0.438058 0.336403 0.205357 0.612909
1 0.372001 0.334728 0.365374 0.628162
1 0.881138 0.601562 0.232143 0.78497
0 0.421875 0.336031 0.320312 0.637463
0 0.916853 0.542039 0.154018 0.781994
1 0.439174 0.352679 0.180804 0.586309
3 0.234724 0.570685 0.0428293 0.102679
2 0.881138 0.601562 0.232143 0.78497
1 0.874442 0.341983 0.247768 0.680618
2 0.322614 0.335565 0.455218 0.671131
3 0.881138 0.601562 0.232143 0.78497
0 0.780134 0.61942 0.388393 0.706101
3 0.322614 0.335565 0.455218 0.671131
3 0.236537 0.568452 0.0626395 0.169643
2 0.874442 0.341983 0.247768 0.680618
3 0.214565 0.574405 0.0329241 0.094494
3 0.874442 0.341983 0.247768 0.680618
0 0.416295 0.410342 0.168527 0.494792
3 0.214076 0.535342 0.039481 0.150298
3 0.226493 0.579613 0.0341797 0.0892857
0 0.340193 0.357887 0.266044 0.590774
0 0.493443 0.354167 0.229632 0.593006
3 0.235003 0.593378 0.0422712 0.0922619
3 0.231027 0.535714 0.0513393 0.15253
