3 0.979353 0.577753 0.0368304 0.127976
1 0.439174 0.545387 0.160714 0.447917
0 0.441964 0.499442 0.176339 0.551711
0 0.32659 0.337054 0.547712 0.674107
0 0.3893 0.382254 0.379883 0.675967
1 0.423131 0.483817 0.202846 0.618676
0 0.402344 0.473121 0.292411 0.634115
2 0.979353 0.577381 0.0379464 0.127232
1 0.455915 0.481306 0.157366 0.576079
2 0.4375 0.533761 0.158482 0.497954
1 0.979353 0.577381 0.0379464 0.127232
0 0.979353 0.577381 0.0379464 0.127232
0 0.504464 0.33817 0.483259 0.676339
0 0.448103 0.352679 0.214286 0.613839
0 0.41755 0.404018 0.168248 0.587798
3 0.978795 0.584077 0.0424107 0.182292
2 0.423131 0.483817 0.202846 0.618676
0 0.498047 0.371838 0.301897 0.672991
0 0.383092 0.48484 0.125 0.531808
1 0.385882 0.55506 0.0965402 0.4375
0 0.272042 0.719494 0.458147 0.55506
1 0.383092 0.48484 0.125 0.531808
3 0.438337 0.533296 0.157924 0.475074
1 0.40346 0.576079 0.254464 0.559152
1 0.45745 0.481027 0.126395 0.294643
0 0.487026 0.420759 0.195592 0.594494
2 0.978795 0.584077 0.0424107 0.182292
1 0.373744 0.380952 0.451172 0.727679
3 0.973772 0.558036 0.0379464 0.154762
0 0.379185 0.39481 0.173549 0.573475
1 0.438337 0.399275 0.308594 0.680618
0 0.385882 0.55506 0.0965402 0.4375
1 0.441685 0.558222 0.147879 0.298735
0 0.344587 0.47926 0.181362 0.529576
0 0.905692 0.344122 0.180804 0.634673
0 0.422712 0.571615 0.198103 0.535342
1 0.431641 0.493304 0.142299 0.293899
1 0.977679 0.573661 0.0446428 0.200893
3 0.232213 0.565476 0.039481 0.102679
0 0.340611 0.509859 0.348912 0.557664
1 0.905692 0.344122 0.180804 0.634673
3 0.212821 0.570312 0.0297154 0.0952381
1 0.487026 0.420759 0.195592 0.594494
0 0.444894 0.455357 0.134766 0.269345
