3 0.2018 0.455729 0.0673828 0.217262
2 0.202916 0.460193 0.0830078 0.25
2 0.198103 0.495071 0.0837054 0.422061
3 0.401786 0.445312 0.0518973 0.139137
3 0.198103 0.495071 0.0837054 0.422061
3 0.197614 0.465774 0.054548 0.139881
3 0.192174 0.460938 0.0525949 0.181548
3 0.401228 0.462426 0.0647321 0.18006
1 0.199777 0.464658 0.0876116 0.255952
0 0.197335 0.499535 0.0924944 0.384859
0 0.186523 0.650949 0.152065 0.698103
1 0.197335 0.499535 0.0924944 0.384859
0 0.199777 0.464658 0.0876116 0.255952
2 0.197614 0.465774 0.054548 0.139881
3 0.209542 0.467262 0.0507812 0.149554
3 0.196777 0.487351 0.0433873 0.110863
2 0.200195 0.485491 0.0577567 0.237351
3 0.188616 0.463542 0.0432478 0.12128
2 0.192174 0.460938 0.0525949 0.181548
0 0.177211 0.672619 0.2756 0.654762
0 0.1393 0.663691 0.190151 0.608631
2 0.209542 0.467262 0.0507812 0.149554
3 0.392857 0.46317 0.0485491 0.136161
1 0.205357 0.459449 0.0647322 0.216518
3 0.410993 0.469494 0.131138 0.330357
1 0.188477 0.650298 0.133092 0.678571
