3 0.302455 0.458705 0.0742188 0.177827
2 0.301339 0.456845 0.0714286 0.178571
3 0.473214 0.464658 0.0535714 0.134673
3 0.474888 0.478423 0.09375 0.296131
1 0.305804 0.468378 0.0753348 0.21875
0 0.305804 0.468378 0.0753348 0.21875
0 0.381557 0.670387 0.252511 0.613095
3 0.486049 0.46689 0.0379464 0.114583
1 0.473772 0.463914 0.0558036 0.139881
1 0.474888 0.478423 0.09375 0.296131
3 0.485212 0.468006 0.0452009 0.184524
0 0.474888 0.478423 0.09375 0.296131
1 0.300502 0.457961 0.0647321 0.165179
0 0.330357 0.680618 0.216518 0.620908
0 0.473354 0.463542 0.0599888 0.143601
0 0.28683 0.662946 0.191406 0.666667
0 0.300502 0.457961 0.0647321 0.165179
3 0.30106 0.478423 0.0574777 0.194941
3 0.472517 0.482887 0.0560826 0.206845
3 0.492746 0.449405 0.0479911 0.12872
