1 0.649554 0.548363 0.121652 0.419643
3 0.978795 0.581473 0.0379465 0.123512
0 0.398438 0.332124 0.350446 0.608073
0 0.323591 0.331008 0.54255 0.6609
0 0.444615 0.353051 0.166574 0.563244
1 0.401786 0.331101 0.368304 0.611607
2 0.650112 0.548735 0.122768 0.418899
2 0.978795 0.581101 0.0390625 0.122768
3 0.978237 0.588542 0.0435267 0.166667
1 0.444615 0.353051 0.166574 0.563244
1 0.978795 0.580729 0.0390625 0.124256
0 0.978795 0.580729 0.0390625 0.124256
0 0.649554 0.547805 0.123884 0.419271
1 0.324986 0.329613 0.556501 0.659226
2 0.976562 0.576637 0.0435267 0.186012
1 0.976562 0.576637 0.0435267 0.186012
0 0.479632 0.348214 0.249442 0.59003
2 0.398438 0.332124 0.350446 0.608073
3 0.650112 0.548735 0.122768 0.418899
3 0.214495 0.533854 0.0352957 0.154762
3 0.226562 0.566592 0.0401786 0.103423
3 0.21303 0.571057 0.0298549 0.0959821
3 0.376535 0.331008 0.416574 0.62965
3 0.986049 0.59189 0.0279017 0.165923
2 0.324986 0.329613 0.556501 0.659226
3 0.973214 0.557664 0.0390625 0.161458
3 0.223563 0.531994 0.0484096 0.16369
3 0.227888 0.563988 0.0598493 0.157738
0 0.417969 0.413691 0.145089 0.46875
0 0.411691 0.31436 0.201172 0.563988
1 0.63058 0.549107 0.203125 0.43006
1 0.46596 0.405413 0.127232 0.468936
0 0.976562 0.576637 0.0435267 0.186012
3 0.986886 0.59375 0.0262277 0.107143
3 0.213379 0.567708 0.0436663 0.133929
0 0.46596 0.405413 0.127232 0.468936
0 0.484096 0.326079 0.405692 0.652158
1 0.908482 0.344494 0.176339 0.634673
3 0.214495 0.53125 0.0525949 0.185268
