3 0.978237 0.576637 0.0379464 0.129464
2 0.471819 0.552827 0.132255 0.342262
1 0.471819 0.552827 0.132255 0.342262
0 0.381557 0.350725 0.42885 0.678013
2 0.448242 0.545387 0.131417 0.306548
1 0.448242 0.545387 0.131417 0.306548
1 0.461077 0.525484 0.163783 0.478795
0 0.459263 0.52381 0.162946 0.440476
0 0.289551 0.339844 0.499023 0.679688
2 0.461077 0.525484 0.163783 0.478795
0 0.405692 0.472656 0.206473 0.47433
0 0.466378 0.544643 0.130859 0.324405
2 0.978795 0.575893 0.0390625 0.129464
1 0.419364 0.532366 0.0965402 0.235863
1 0.978795 0.575893 0.0390625 0.129464
0 0.440848 0.386905 0.197545 0.601935
1 0.405692 0.472656 0.206473 0.47433
1 0.393973 0.52753 0.0686384 0.199405
2 0.418527 0.530506 0.0848214 0.226191
0 0.978795 0.575893 0.0390625 0.129464
1 0.463728 0.547619 0.22433 0.380952
0 0.459821 0.503255 0.251116 0.496466
2 0.405692 0.472656 0.206473 0.47433
1 0.412667 0.508185 0.0987723 0.324405
3 0.978516 0.581473 0.0429688 0.185268
0 0.412667 0.508185 0.0987723 0.324405
0 0.431501 0.537946 0.273158 0.375
3 0.470843 0.552455 0.143136 0.329613
2 0.424665 0.549107 0.118304 0.240327
1 0.373186 0.349702 0.488002 0.699405
0 0.392578 0.527158 0.0825893 0.236607
0 0.419364 0.532366 0.0965402 0.235863
0 0.496652 0.371652 0.414062 0.710566
2 0.393973 0.52753 0.0686384 0.199405
0 0.385603 0.494048 0.100446 0.292411
2 0.976562 0.572173 0.0446428 0.199405
3 0.97433 0.558036 0.0379464 0.153274
3 0.393973 0.52753 0.0686384 0.199405
3 0.394531 0.534598 0.0546875 0.144345
1 0.385603 0.494048 0.100446 0.292411
0 0.421038 0.437872 0.13058 0.444196
3 0.418527 0.530506 0.0848214 0.226191
1 0.386719 0.501488 0.0686384 0.228423
0 0.442243 0.43843 0.150112 0.533854
2 0.412667 0.508185 0.0987723 0.324405
1 0.976562 0.572173 0.0446428 0.199405
2 0.373186 0.349702 0.488002 0.699405
1 0.397461 0.444103 0.390346 0.55971
2 0.409319 0.529762 0.0585938 0.154018
1 0.440848 0.386905 0.197545 0.601935
3 0.424665 0.549107 0.118304 0.240327
3 0.373186 0.349702 0.488002 0.699405
3 0.212054 0.569196 0.030692 0.0915179
0 0.498465 0.45638 0.302176 0.573847
3 0.461077 0.525484 0.163783 0.478795
2 0.463728 0.547619 0.22433 0.380952
3 0.38365 0.548363 0.0719866 0.181548
2 0.394531 0.534598 0.0546875 0.144345
1 0.484235 0.46224 0.214565 0.575521
3 0.231515 0.56622 0.0403181 0.104167
1 0.394531 0.534598 0.0546875 0.144345
