0 0.736049 0.601562 0.257813 0.762649
1 0.733259 0.51051 0.229911 0.706659
1 0.367188 0.628534 0.0965402 0.638765
0 0.366629 0.63058 0.103795 0.633184
0 0.733259 0.466332 0.225446 0.62686
3 0.364397 0.529762 0.0446429 0.158482
3 0.368304 0.539435 0.0608259 0.35119
3 0.364955 0.589658 0.0965402 0.582589
0 0.349051 0.69215 0.136161 0.582961
1 0.367467 0.620722 0.0736607 0.526414
3 0.367746 0.500744 0.0412946 0.0684524
1 0.742188 0.657924 0.283482 0.672247
2 0.734375 0.51051 0.238839 0.700707
2 0.367188 0.628534 0.0965402 0.638765
3 0.363281 0.522693 0.0457589 0.0982143
3 0.367746 0.504464 0.0390625 0.153274
3 0.368025 0.572917 0.0552455 0.247024
3 0.359654 0.49628 0.0357143 0.0669643
1 0.368304 0.539435 0.0608259 0.35119
1 0.349051 0.69215 0.136161 0.582961
3 0.734375 0.51051 0.238839 0.700707
3 0.360491 0.5 0.0368304 0.136161
0 0.367467 0.620722 0.0736607 0.526414
1 0.368025 0.572917 0.0552455 0.247024
1 0.364397 0.529762 0.0446429 0.158482
0 0.368304 0.539435 0.0608259 0.35119
2 0.742188 0.657924 0.283482 0.672247
3 0.361607 0.501116 0.0524554 0.270089
0 0.791295 0.649182 0.219866 0.634673
3 0.742188 0.657924 0.283482 0.672247
0 0.32115 0.643601 0.227121 0.659226
0 0.783482 0.662574 0.339286 0.668899
0 0.623884 0.470052 0.262277 0.649182
0 0.708147 0.68471 0.206473 0.609747
2 0.367467 0.620722 0.0736607 0.526414
1 0.32115 0.643601 0.227121 0.659226
0 0.269043 0.677083 0.33245 0.636905
1 0.383371 0.665551 0.0943081 0.567708
0 0.601562 0.466053 0.387277 0.689918
2 0.368025 0.572917 0.0552455 0.247024
