2 0.382812 0.559245 0.106585 0.524368
0 0.376953 0.630022 0.15625 0.695312
1 0.382812 0.559245 0.106585 0.524368
1 0.382812 0.629836 0.130022 0.694196
0 0.383092 0.561012 0.108817 0.494048
3 0.381417 0.496187 0.104353 0.398996
2 0.385045 0.476191 0.0926339 0.295387
2 0.382533 0.628534 0.136719 0.68936
2 0.371373 0.492467 0.0998884 0.422805
0 0.387974 0.669271 0.26423 0.655506
1 0.353237 0.635882 0.226004 0.704427
2 0.378348 0.441592 0.131138 0.391369
1 0.385045 0.476191 0.0926339 0.295387
3 0.376953 0.630022 0.15625 0.695312
