0 0.0800432 0.652902 0.13065 0.694196
2 0.0878906 0.540644 0.1024 0.481213
2 0.0924944 0.475446 0.0867746 0.292411
3 0.483259 0.447917 0.0580357 0.119048
3 0.0906808 0.459077 0.0750558 0.247768
3 0.476005 0.469494 0.0435268 0.0989583
0 0.0884487 0.543899 0.104911 0.440476
1 0.0884487 0.543899 0.104911 0.440476
1 0.0814732 0.652158 0.128348 0.694196
3 0.490513 0.470238 0.114955 0.296875
3 0.48856 0.464286 0.0920759 0.229167
3 0.0878906 0.540644 0.1024 0.481213
3 0.49149 0.441592 0.0694755 0.170387
1 0.0924944 0.475446 0.0867746 0.292411
2 0.0800432 0.652902 0.13065 0.694196
3 0.0835658 0.478423 0.0797991 0.333333
0 0.490513 0.470238 0.114955 0.296875
0 0.0924944 0.475446 0.0867746 0.292411
0 0.483677 0.447545 0.0672433 0.130208
1 0.490513 0.470238 0.114955 0.296875
1 0.483677 0.447545 0.0672433 0.130208
0 0.48856 0.464286 0.0920759 0.229167
3 0.0968192 0.505208 0.0831473 0.337054
0 0.115653 0.669271 0.231306 0.661458
1 0.48856 0.464286 0.0920759 0.229167
3 0.466518 0.495908 0.0323661 0.12128
1 0.476702 0.468006 0.0532924 0.119792
3 0.0770089 0.451265 0.0675223 0.223214
3 0.0800432 0.652902 0.13065 0.694196
0 0.0846819 0.652251 0.169364 0.695499
2 0.0770089 0.451265 0.0675223 0.223214
