2 0.600446 0.429316 0.111607 0.366071
2 0.101179 0.478423 0.120745 0.290923
3 0.101423 0.462054 0.108259 0.250744
1 0.602679 0.427455 0.112723 0.356399
0 0.100725 0.490978 0.124163 0.363281
0 0.102434 0.645182 0.165109 0.68285
1 0.100725 0.490978 0.124163 0.363281
3 0.100725 0.488839 0.123326 0.40625
0 0.594866 0.440011 0.132812 0.405692
2 0.613281 0.452381 0.0859375 0.282738
3 0.59933 0.43006 0.116071 0.363095
2 0.580218 0.422712 0.174386 0.431362
1 0.0990513 0.456473 0.114397 0.25372
1 0.102434 0.645182 0.165109 0.68285
0 0.561942 0.449312 0.234375 0.446615
1 0.561942 0.449312 0.234375 0.446615
0 0.0990513 0.456473 0.114397 0.25372
0 0.126395 0.673177 0.25279 0.653646
2 0.1137 0.478795 0.132533 0.387649
1 0.59947 0.418155 0.228516 0.380952
0 0.0705915 0.660342 0.139509 0.625744
0 0.493583 0.474702 0.352121 0.651786
2 0.618304 0.486235 0.0636161 0.234375
3 0.122628 0.441964 0.062221 0.133185
3 0.613281 0.452381 0.0859375 0.282738
2 0.102434 0.645182 0.165109 0.68285
3 0.118722 0.470238 0.0650112 0.145089
3 0.131696 0.463542 0.0530134 0.199405
0 0.59947 0.418155 0.228516 0.380952
2 0.580357 0.423456 0.137277 0.304874
2 0.533622 0.434431 0.205078 0.436198
2 0.122628 0.441964 0.062221 0.133185
