2 0.970424 0.44122 0.0580358 0.349702
1 0.970982 0.457589 0.0580357 0.457589
1 0.512835 0.69122 0.11942 0.569941
2 0.969866 0.480469 0.0591518 0.574777
0 0.515067 0.704055 0.13058 0.571056
1 0.970982 0.441964 0.0558035 0.299107
0 0.970982 0.436384 0.0580357 0.376488
0 0.958705 0.611793 0.0825892 0.704985
0 0.969866 0.480469 0.0591518 0.574777
1 0.96317 0.507533 0.0647322 0.548921
3 0.513393 0.504092 0.0714286 0.127232
3 0.514648 0.50372 0.094587 0.260417
2 0.9601 0.457589 0.0797991 0.436756
3 0.970424 0.44122 0.0580358 0.349702
1 0.955636 0.471075 0.0887277 0.544457
0 0.967076 0.345982 0.0658482 0.501488
1 0.958705 0.611793 0.0825892 0.704985
3 0.527902 0.52567 0.0502232 0.125744
1 0.514648 0.50372 0.094587 0.260417
0 0.930804 0.615513 0.138393 0.718378
1 0.9601 0.433408 0.0797991 0.376488
3 0.532924 0.523066 0.0412947 0.0959821
1 0.970424 0.607515 0.0513392 0.613839
1 0.508231 0.584077 0.139788 0.428571
3 0.527483 0.525298 0.0722656 0.226935
0 0.955636 0.471075 0.0887277 0.544457
2 0.51409 0.691964 0.129185 0.601191
3 0.50558 0.528274 0.0758928 0.159226
