1 0.602679 0.543155 0.203125 0.778274
3 0.978795 0.578869 0.0379465 0.126488
0 0.393973 0.334077 0.392857 0.611607
0 0.322684 0.331101 0.562221 0.662202
0 0.590402 0.529762 0.247768 0.775298
1 0.603237 0.652902 0.242188 0.671875
1 0.397182 0.332961 0.408761 0.619048
0 0.469866 0.341518 0.222098 0.591518
2 0.979353 0.578125 0.0379464 0.125744
1 0.979353 0.578125 0.0379464 0.125744
0 0.602121 0.465588 0.180804 0.631324
2 0.601004 0.581101 0.227679 0.758929
0 0.979353 0.578125 0.0379464 0.125744
0 0.519531 0.404762 0.228795 0.614583
3 0.978516 0.585566 0.0429688 0.174107
1 0.318499 0.334821 0.494699 0.669643
0 0.603376 0.65439 0.244141 0.670387
3 0.601004 0.581101 0.227679 0.758929
0 0.465402 0.416388 0.180804 0.540737
2 0.397182 0.332961 0.408761 0.619048
0 0.41769 0.333705 0.211496 0.59003
0 0.462612 0.404576 0.315848 0.607515
1 0.44615 0.359747 0.186942 0.574405
0 0.46596 0.488932 0.21875 0.456659
3 0.973772 0.558408 0.0379464 0.15253
2 0.976562 0.574405 0.0446428 0.196429
3 0.378139 0.333426 0.466936 0.638207
3 0.230818 0.567336 0.0411551 0.101935
2 0.318499 0.334821 0.494699 0.669643
1 0.976562 0.574405 0.0446428 0.196429
3 0.21317 0.573661 0.03125 0.0915179
1 0.519531 0.404762 0.228795 0.614583
1 0.578265 0.454985 0.215123 0.627232
3 0.986328 0.590402 0.0273438 0.182292
0 0.416574 0.419178 0.125558 0.436942
2 0.602121 0.465588 0.180804 0.631324
0 0.907366 0.345145 0.177455 0.623698
3 0.232352 0.56436 0.0659877 0.168899
0 0.466518 0.703869 0.361607 0.486607
