3 0.978795 0.576637 0.0379465 0.12872
1 0.0717076 0.55971 0.114118 0.386533
0 0.398717 0.334356 0.335379 0.603609
0 0.317592 0.335565 0.5512 0.671131
2 0.0736607 0.552455 0.114118 0.392113
1 0.40346 0.333798 0.354911 0.609189
0 0.445173 0.351935 0.166574 0.566964
1 0.445173 0.351935 0.166574 0.566964
2 0.978795 0.575893 0.0390625 0.12872
0 0.0761719 0.558036 0.118025 0.394345
0 0.485073 0.334077 0.261998 0.61756
1 0.978795 0.575893 0.0390625 0.12872
0 0.978795 0.575893 0.0390625 0.12872
3 0.978516 0.580729 0.0429688 0.179316
1 0.301618 0.337426 0.49721 0.674851
0 0.499163 0.331752 0.44029 0.659412
1 0.0849609 0.530506 0.149554 0.459821
2 0.978516 0.580729 0.0429688 0.179316
2 0.398717 0.334356 0.335379 0.603609
3 0.97433 0.557664 0.0379464 0.154018
3 0.0717076 0.55971 0.114118 0.386533
2 0.301618 0.337426 0.49721 0.674851
1 0.976562 0.572173 0.0446428 0.194941
3 0.373814 0.332961 0.410854 0.631696
0 0.42048 0.412574 0.134487 0.465774
1 0.42048 0.412574 0.134487 0.465774
0 0.544643 0.334077 0.204241 0.577381
1 0.907366 0.346447 0.176339 0.62407
0 0.410854 0.314732 0.198382 0.569941
1 0.485073 0.334077 0.261998 0.61756
0 0.581473 0.356864 0.378348 0.661272
0 0.907366 0.346447 0.176339 0.62407
