3 0.978795 0.576637 0.0379465 0.130208
1 0.187395 0.586403 0.262486 0.709635
0 0.402065 0.334728 0.34096 0.608817
0 0.185268 0.575614 0.209821 0.627046
0 0.324358 0.34189 0.395926 0.673363
1 0.19308 0.555246 0.176339 0.594866
1 0.404576 0.334449 0.357143 0.613095
0 0.443359 0.353795 0.169085 0.564732
0 0.214355 0.60026 0.314593 0.707217
2 0.978795 0.575893 0.0390625 0.130208
1 0.443359 0.353795 0.169085 0.564732
1 0.978795 0.575893 0.0390625 0.130208
0 0.276786 0.381045 0.292411 0.574219
1 0.220703 0.654762 0.218192 0.602679
0 0.143938 0.541202 0.222726 0.582775
0 0.484933 0.33417 0.274554 0.623326
2 0.169364 0.550223 0.200335 0.588542
1 0.16769 0.65625 0.210379 0.584821
3 0.978516 0.582217 0.0429688 0.180804
0 0.978795 0.575893 0.0390625 0.130208
0 0.220703 0.654762 0.218192 0.602679
2 0.184849 0.588263 0.278739 0.716332
0 0.495675 0.332217 0.452846 0.664435
1 0.383161 0.328869 0.526088 0.657738
0 0.218471 0.507254 0.194754 0.565848
3 0.184849 0.588263 0.278739 0.716332
3 0.97433 0.557664 0.0379464 0.156994
2 0.404576 0.334449 0.357143 0.613095
1 0.145961 0.565104 0.223703 0.613839
0 0.382254 0.363839 0.207589 0.561012
0 0.335379 0.363467 0.247768 0.598958
2 0.977121 0.572173 0.0435267 0.197917
0 0.419364 0.416295 0.131696 0.462054
0 0.259766 0.551804 0.182478 0.576451
1 0.419364 0.416295 0.131696 0.462054
0 0.294155 0.61849 0.397182 0.587426
0 0.274275 0.370815 0.188058 0.550037
3 0.381487 0.332868 0.413365 0.640811
1 0.977121 0.572173 0.0435267 0.197917
2 0.383161 0.328869 0.526088 0.657738
3 0.169364 0.550223 0.200335 0.588542
0 0.171456 0.694941 0.207868 0.540179
1 0.244071 0.673177 0.356724 0.585194
0 0.544085 0.334728 0.203125 0.576079
0 0.411133 0.314453 0.20452 0.56901
0 0.253906 0.506975 0.320312 0.599144
3 0.986607 0.59003 0.0267857 0.191964
0 0.384487 0.422991 0.158482 0.46875
0 0.234654 0.341518 0.175223 0.492559
