1 0.72433 0.489025 0.242187 0.718378
0 0.722656 0.595145 0.260045 0.74721
1 0.367467 0.63058 0.0976563 0.642113
0 0.354911 0.638393 0.126674 0.64881
3 0.364955 0.527902 0.0446429 0.156994
3 0.369699 0.537202 0.0613839 0.352679
0 0.723772 0.455543 0.239955 0.642485
3 0.365234 0.586868 0.0982143 0.582217
3 0.369141 0.499628 0.0412946 0.0699405
1 0.367467 0.619978 0.0731027 0.521949
3 0.36942 0.503348 0.0390625 0.155506
2 0.726004 0.490141 0.247768 0.71317
1 0.727679 0.661086 0.27567 0.656994
3 0.363839 0.522321 0.0452009 0.0974703
3 0.368304 0.571987 0.0541295 0.245908
3 0.361886 0.494048 0.0362723 0.0684524
0 0.37221 0.591983 0.109933 0.580915
1 0.34933 0.692708 0.136719 0.583333
1 0.369699 0.537202 0.0613839 0.352679
2 0.367467 0.63058 0.0976563 0.642113
3 0.362165 0.497768 0.0368304 0.138393
3 0.726004 0.490141 0.247768 0.71317
0 0.367467 0.619978 0.0731027 0.521949
1 0.368304 0.571987 0.0541295 0.245908
1 0.364955 0.527902 0.0446429 0.156994
0 0.369699 0.537202 0.0613839 0.352679
3 0.363002 0.498512 0.0524554 0.275298
2 0.727679 0.661086 0.27567 0.656994
3 0.727679 0.661086 0.27567 0.656994
0 0.321987 0.645089 0.226563 0.660714
0 0.671317 0.656808 0.159598 0.641741
3 0.354632 0.664249 0.114397 0.606027
0 0.344029 0.726004 0.154576 0.521205
0 0.384766 0.525391 0.146763 0.562314
1 0.36942 0.503348 0.0390625 0.155506
