1 0.921875 0.561105 0.15067 0.593564
0 0.395089 0.332682 0.354911 0.608445
0 0.33252 0.331845 0.539202 0.663691
1 0.398298 0.331473 0.373047 0.611607
0 0.442522 0.352586 0.169643 0.562686
0 0.920759 0.558129 0.154018 0.599516
0 0.484654 0.335565 0.268415 0.613095
1 0.442522 0.352586 0.169643 0.562686
1 0.984933 0.595424 0.0301339 0.493676
1 0.929688 0.646763 0.13058 0.518973
1 0.321987 0.335007 0.477679 0.670015
1 0.977958 0.575149 0.0440848 0.522321
0 0.494699 0.331845 0.452567 0.663691
2 0.921317 0.561663 0.152902 0.579055
2 0.395089 0.332682 0.354911 0.608445
1 0.989397 0.605655 0.0212053 0.223214
3 0.37486 0.330822 0.422154 0.630022
2 0.332171 0.330729 0.549944 0.661458
3 0.921317 0.561663 0.152902 0.579055
3 0.211077 0.576265 0.0276228 0.0848214
1 0.989955 0.610491 0.0200892 0.454613
1 0.984375 0.579613 0.03125 0.236607
1 0.990234 0.602679 0.0195312 0.123512
0 0.419364 0.412574 0.140067 0.462054
2 0.989397 0.605655 0.0212053 0.223214
0 0.335938 0.361142 0.246652 0.576823
1 0.96317 0.553571 0.0647322 0.55506
2 0.984933 0.595424 0.0301339 0.493676
0 0.544643 0.334449 0.19308 0.565476
0 0.411551 0.314732 0.211496 0.567708
1 0.914621 0.417318 0.165179 0.568638
