2 0.947545 0.546689 0.0915178 0.296503
1 0.947545 0.547991 0.092634 0.298363
0 0.387835 0.33324 0.364955 0.613281
0 0.3268 0.334077 0.537249 0.65997
2 0.973214 0.5625 0.0479911 0.241071
1 0.973214 0.5625 0.0479911 0.241071
2 0.988281 0.573289 0.0234375 0.194196
1 0.391741 0.332217 0.382812 0.616816
2 0.987444 0.56901 0.0251116 0.272693
2 0.98577 0.573661 0.0284598 0.142857
1 0.988281 0.573289 0.0234375 0.194196
1 0.987444 0.56901 0.0251116 0.272693
0 0.441964 0.353051 0.169643 0.563988
0 0.486189 0.334077 0.276507 0.613839
0 0.947545 0.546503 0.0915178 0.296875
1 0.441964 0.353051 0.169643 0.563988
1 0.319475 0.334821 0.46038 0.669643
0 0.498047 0.332589 0.46038 0.665179
3 0.947545 0.547247 0.0915178 0.296875
1 0.989397 0.574405 0.0212053 0.139137
2 0.387835 0.33324 0.364955 0.613281
2 0.977679 0.543527 0.0435268 0.146577
0 0.909598 0.396949 0.151786 0.553571
3 0.973214 0.5625 0.0479911 0.241071
0 0.969866 0.561756 0.0513393 0.229167
2 0.326521 0.331566 0.546736 0.66276
3 0.371303 0.331938 0.429269 0.633743
0 0.877232 0.353051 0.220982 0.614583
3 0.231306 0.5625 0.0424107 0.108631
0 0.545759 0.333984 0.202009 0.573103
0 0.418806 0.410714 0.142857 0.468006
3 0.988281 0.573289 0.0234375 0.194196
1 0.418806 0.410714 0.142857 0.468006
0 0.579799 0.355004 0.386161 0.657552
3 0.213239 0.567708 0.0316685 0.100446
1 0.486189 0.334077 0.276507 0.613839
0 0.334821 0.360863 0.253906 0.58631
