1 0.602679 0.472191 0.180804 0.75651
0 0.606585 0.585379 0.175223 0.77567
0 0.599888 0.432943 0.191964 0.681734
0 0.606027 0.663876 0.22433 0.672247
3 0.366071 0.52567 0.0396205 0.142113
1 0.368304 0.622954 0.09375 0.643973
1 0.559012 0.430804 0.269252 0.6875
0 0.356027 0.637835 0.13058 0.664807
3 0.369978 0.500372 0.0390625 0.0677084
3 0.36635 0.524182 0.0535714 0.259673
3 0.365234 0.520833 0.0424107 0.0900297
0 0.493304 0.463449 0.342634 0.742746
1 0.61942 0.603795 0.151786 0.703125
0 0.569754 0.494234 0.273438 0.776414
3 0.370536 0.502976 0.0362723 0.154762
3 0.367188 0.582217 0.093192 0.572173
3 0.369978 0.564732 0.046317 0.229911
3 0.370257 0.569196 0.0602679 0.443452
3 0.362165 0.494792 0.0351562 0.0639881
1 0.369141 0.61756 0.0652902 0.519345
0 0.365234 0.658854 0.0842634 0.587054
2 0.602679 0.47247 0.183036 0.754464
1 0.586356 0.60026 0.238002 0.736979
1 0.36635 0.524182 0.0535714 0.259673
0 0.644531 0.650298 0.132812 0.607143
3 0.362723 0.497768 0.0362723 0.133184
0 0.373326 0.577846 0.0959821 0.609189
1 0.366071 0.52567 0.0396205 0.142113
3 0.597098 0.43099 0.216518 0.682664
2 0.61942 0.603795 0.151786 0.703125
1 0.493304 0.463449 0.342634 0.742746
3 0.35798 0.635045 0.121094 0.661458
1 0.348772 0.691964 0.126116 0.571429
0 0.474888 0.516927 0.248884 0.683408
1 0.631696 0.435733 0.166295 0.641927
0 0.643415 0.560826 0.103795 0.604539
1 0.369978 0.564732 0.046317 0.229911
0 0.573661 0.698475 0.165179 0.56436
0 0.370257 0.531994 0.0563616 0.342262
3 0.606585 0.585379 0.175223 0.77567
2 0.368304 0.622954 0.09375 0.643973
1 0.372768 0.502976 0.0552455 0.358631
1 0.643415 0.560826 0.103795 0.604539
1 0.570452 0.368304 0.202846 0.570684
