1 0.901228 0.546317 0.0859375 0.300223
3 0.979911 0.576265 0.0357143 0.13244
0 0.392578 0.334542 0.349888 0.606213
0 0.325753 0.334077 0.538225 0.66369
2 0.978795 0.576637 0.0368303 0.130208
1 0.902902 0.49907 0.106027 0.486979
0 0.905134 0.376953 0.152902 0.644903
2 0.905692 0.557292 0.0915178 0.308036
0 0.902344 0.495443 0.106027 0.454055
0 0.902902 0.550967 0.09375 0.255952
1 0.980469 0.575521 0.0345983 0.12872
0 0.443778 0.352679 0.167132 0.563244
1 0.397112 0.33324 0.368722 0.608817
0 0.487165 0.332589 0.27567 0.612351
1 0.443778 0.352679 0.167132 0.563244
1 0.888393 0.537946 0.101563 0.386905
0 0.500558 0.331473 0.447545 0.655506
1 0.905134 0.376953 0.152902 0.644903
3 0.904576 0.553199 0.0870535 0.252976
2 0.902902 0.49907 0.106027 0.486979
2 0.983817 0.577381 0.0279018 0.166667
0 0.980469 0.575521 0.0345983 0.12872
1 0.317034 0.335193 0.482003 0.670387
2 0.962054 0.574033 0.0625 0.228423
2 0.392578 0.334542 0.349888 0.606213
0 0.885045 0.358073 0.228795 0.715402
2 0.324637 0.332031 0.549386 0.664062
3 0.371233 0.332961 0.418248 0.631696
1 0.959822 0.550967 0.0636161 0.235863
0 0.544224 0.33417 0.210659 0.575707
3 0.228446 0.566592 0.038644 0.100446
0 0.579799 0.348958 0.382812 0.655506
0 0.419922 0.411551 0.138951 0.462612
3 0.97154 0.584449 0.0424108 0.158482
3 0.902344 0.495443 0.106027 0.454055
1 0.895089 0.469122 0.207589 0.490327
2 0.888393 0.537946 0.101563 0.386905
1 0.487165 0.332589 0.27567 0.612351
3 0.212751 0.571057 0.0298549 0.0952381
3 0.213239 0.532366 0.0344587 0.15253
3 0.963728 0.55506 0.0602679 0.228423
0 0.410156 0.31436 0.205357 0.56622
0 0.333705 0.361979 0.247768 0.584821
0 0.895089 0.469122 0.207589 0.490327
3 0.223284 0.532366 0.0422712 0.154018
3 0.230259 0.563988 0.0651507 0.180804
