3 0.299665 0.480655 0.0368304 0.0989583
3 0.388393 0.480655 0.030692 0.0803571
3 0.382812 0.468006 0.0279018 0.0751488
3 0.391741 0.489211 0.0262277 0.0751488
1 0.299944 0.483631 0.0379464 0.0989583
1 0.387835 0.479911 0.0340402 0.0848214
0 0.299944 0.483631 0.0379464 0.0989583
0 0.387835 0.479911 0.0340402 0.0848214
3 0.339007 0.482887 0.0641741 0.09375
3 0.298549 0.477307 0.0502232 0.158482
3 0.390625 0.466518 0.0262277 0.0610119
2 0.299944 0.483631 0.0379464 0.0989583
2 0.387835 0.479911 0.0340402 0.0848214
3 0.292132 0.463914 0.0273438 0.0758929
3 0.325056 0.487351 0.0675223 0.115327
3 0.339565 0.456101 0.0373884 0.0855655
3 0.472656 0.231957 0.0122768 0.0420387
