3 0.75 0.439732 0.0870536 0.210565
2 0.354911 0.458333 0.0987723 0.258185
3 0.35798 0.453497 0.0898438 0.249256
2 0.751116 0.436012 0.0904018 0.210566
2 0.354074 0.507999 0.107143 0.373884
0 0.751116 0.436012 0.0904018 0.210566
1 0.75 0.438988 0.0904018 0.208333
0 0.367188 0.522321 0.120536 0.404762
0 0.389509 0.652716 0.204241 0.694568
0 0.357422 0.46689 0.0987723 0.269345
1 0.357422 0.46689 0.0987723 0.269345
3 0.366908 0.517113 0.116071 0.443452
1 0.367188 0.522321 0.120536 0.404762
3 0.742746 0.436756 0.0725447 0.158482
3 0.757812 0.437128 0.0691965 0.156994
2 0.365792 0.485491 0.0876116 0.247768
3 0.381696 0.469866 0.0820312 0.231399
0 0.453823 0.643787 0.349051 0.712426
3 0.727121 0.443824 0.0558036 0.151786
3 0.382254 0.472842 0.112723 0.319196
0 0.378348 0.633929 0.143415 0.610119
2 0.347656 0.468378 0.0647321 0.151786
3 0.347656 0.468378 0.0647321 0.151786
3 0.772879 0.43936 0.0602679 0.174851
0 0.751674 0.661458 0.165179 0.677083
1 0.365792 0.6516 0.185268 0.684896
3 0.748884 0.483538 0.100446 0.375186
