0 0.605469 0.680432 0.0970982 0.601935
0 0.545201 0.668899 0.200893 0.587798
3 0.372489 0.497768 0.0340402 0.0647321
0 0.512277 0.674851 0.158482 0.550595
3 0.364118 0.521577 0.0334821 0.111607
3 0.373326 0.500372 0.0323661 0.106399
3 0.371931 0.525298 0.0357143 0.115327
1 0.605469 0.680432 0.0970982 0.601935
3 0.373605 0.517113 0.0407366 0.0744048
3 0.361328 0.491071 0.0301339 0.0662203
1 0.545201 0.668899 0.200893 0.587798
0 0.499861 0.665923 0.301618 0.623512
1 0.512277 0.674851 0.158482 0.550595
3 0.372768 0.524182 0.0524554 0.227679
1 0.585379 0.547619 0.045759 0.270833
3 0.361328 0.493676 0.031808 0.110119
3 0.371373 0.55878 0.0385045 0.180804
3 0.552455 0.530506 0.0613839 0.22247
1 0.552455 0.530506 0.0613839 0.22247
1 0.583705 0.540179 0.0345982 0.232143
3 0.520508 0.529762 0.0817523 0.232143
0 0.356027 0.64481 0.179129 0.676153
1 0.553571 0.53497 0.094866 0.237351
3 0.583705 0.540179 0.0345982 0.232143
3 0.360491 0.566964 0.0401786 0.1875
1 0.520508 0.529762 0.0817523 0.232143
1 0.591518 0.592262 0.0647322 0.409226
3 0.561942 0.529018 0.0357143 0.119792
3 0.385324 0.523065 0.0290179 0.0773809
1 0.364118 0.521577 0.0334821 0.111607
2 0.615513 0.663876 0.116071 0.612723
0 0.584821 0.678571 0.237723 0.633929
3 0.518415 0.497396 0.0703125 0.174851
