2 0.551758 0.43378 0.107422 0.297619
2 0.275949 0.460565 0.0898438 0.186756
3 0.27567 0.460938 0.0831473 0.19122
3 0.552455 0.434896 0.107143 0.297619
2 0.539621 0.453125 0.0792411 0.259673
0 0.274554 0.46503 0.09375 0.191964
1 0.551339 0.433873 0.108259 0.295945
1 0.274554 0.46503 0.09375 0.191964
0 0.551339 0.433873 0.108259 0.295945
3 0.539621 0.453125 0.0792411 0.259673
2 0.280134 0.465402 0.0680804 0.153274
3 0.286551 0.450149 0.0647321 0.146577
2 0.532924 0.438616 0.0569197 0.149554
3 0.288504 0.472098 0.0970982 0.279762
3 0.513393 0.438988 0.0502232 0.221726
3 0.510603 0.438244 0.032366 0.130952
2 0.525112 0.47061 0.0457589 0.148066
2 0.285714 0.475074 0.114955 0.273066
2 0.513393 0.438988 0.0502232 0.221726
2 0.552455 0.458705 0.0691964 0.151042
