0 0.617746 0.397972 0.25558 0.605841
0 0.544643 0.452102 0.38058 0.676153
1 0.648438 0.418062 0.129464 0.515067
1 0.617746 0.397972 0.25558 0.605841
2 0.618304 0.426618 0.227679 0.622954
2 0.649554 0.383185 0.141741 0.547619
0 0.639509 0.412016 0.162946 0.559896
0 0.495954 0.386998 0.383092 0.593564
1 0.540179 0.459821 0.393973 0.6875
1 0.671875 0.379743 0.133929 0.548549
1 0.65625 0.493676 0.0959821 0.459077
0 0.546317 0.315476 0.364955 0.523809
1 0.660156 0.49814 0.0758929 0.255208
2 0.597796 0.396484 0.333426 0.623698
0 0.651228 0.457961 0.114955 0.456845
2 0.651228 0.457961 0.114955 0.456845
