1 0.854353 0.43285 0.258929 0.580729
1 0.363839 0.674851 0.093192 0.568452
0 0.365513 0.654018 0.103795 0.599702
0 0.850447 0.427734 0.263393 0.568638
3 0.362165 0.52939 0.046317 0.134673
1 0.856027 0.628348 0.222098 0.598958
3 0.362723 0.529018 0.0580357 0.21503
0 0.871094 0.700707 0.257812 0.553944
3 0.357422 0.496652 0.0385045 0.0714286
3 0.36635 0.497768 0.0429688 0.0706845
3 0.366629 0.579799 0.0658482 0.388021
2 0.853795 0.426525 0.261161 0.551711
1 0.366071 0.626488 0.0731027 0.46131
3 0.366629 0.574405 0.0546875 0.230655
2 0.365792 0.652902 0.0965402 0.604911
3 0.365792 0.502604 0.0396205 0.127232
0 0.347098 0.685268 0.15067 0.607143
3 0.358259 0.501116 0.0368304 0.111607
3 0.364118 0.594866 0.0965402 0.512649
1 0.350167 0.686198 0.143973 0.603795
3 0.366908 0.527902 0.0518973 0.0967262
3 0.367746 0.50372 0.0580357 0.28497
3 0.853237 0.428664 0.266741 0.556362
1 0.362723 0.529018 0.0580357 0.21503
1 0.361607 0.575149 0.0558036 0.230655
0 0.366071 0.626488 0.0731027 0.46131
1 0.362165 0.52939 0.046317 0.134673
3 0.356027 0.674851 0.109933 0.577381
0 0.362723 0.529018 0.0580357 0.21503
2 0.868862 0.625186 0.220982 0.541295
1 0.367746 0.50372 0.0580357 0.28497
1 0.382812 0.674107 0.0943081 0.544643
2 0.366071 0.626488 0.0731027 0.46131
1 0.366908 0.613839 0.0613839 0.275298
2 0.366629 0.574405 0.0546875 0.230655
