2 0.0850656 0.456845 0.125628 0.293155
2 0.646763 0.43006 0.103795 0.350446
1 0.650112 0.431176 0.102679 0.349702
1 0.0825893 0.453125 0.131138 0.287946
0 0.0825893 0.453125 0.131138 0.287946
2 0.616629 0.428478 0.147321 0.376674
0 0.650112 0.431176 0.102679 0.349702
3 0.0848214 0.456938 0.127511 0.297433
3 0.645089 0.433036 0.107143 0.359375
2 0.650112 0.481771 0.0837053 0.328125
0 0.101842 0.636347 0.177176 0.614211
2 0.665737 0.461682 0.0647322 0.267113
2 0.665179 0.456845 0.078125 0.344494
1 0.616629 0.428478 0.147321 0.376674
0 0.553571 0.464658 0.34933 0.603423
1 0.100167 0.635417 0.159598 0.623512
2 0.581892 0.454055 0.260324 0.582961
2 0.615513 0.396577 0.106027 0.28869
2 0.642299 0.486607 0.0814732 0.251488
2 0.665737 0.399275 0.0959822 0.442522
1 0.612165 0.439732 0.232143 0.400298
0 0.484933 0.473586 0.412946 0.698661
