1 0.693638 0.560454 0.166295 0.396949
3 0.979353 0.577009 0.0368304 0.12872
0 0.397042 0.333426 0.34654 0.605469
0 0.320592 0.332589 0.544085 0.662202
2 0.69308 0.55971 0.160714 0.398438
1 0.401228 0.33231 0.362723 0.609189
0 0.443778 0.351842 0.167132 0.562686
2 0.979353 0.577009 0.0379464 0.127976
1 0.443778 0.351842 0.167132 0.562686
1 0.979353 0.577009 0.0379464 0.127976
0 0.979353 0.577009 0.0379464 0.127976
1 0.321498 0.330357 0.55678 0.660714
1 0.668527 0.567894 0.212054 0.468378
0 0.485491 0.334542 0.260045 0.609189
0 0.69308 0.55971 0.160714 0.398438
3 0.979074 0.582217 0.0418527 0.188988
1 0.712054 0.574033 0.22433 0.453125
3 0.214634 0.531994 0.0344587 0.156994
2 0.397042 0.333426 0.34654 0.605469
3 0.692522 0.561756 0.166295 0.40625
3 0.227609 0.564732 0.0403181 0.104167
3 0.212472 0.571057 0.0276228 0.093006
0 0.496373 0.329985 0.451451 0.65997
3 0.97433 0.557292 0.0379464 0.157738
2 0.321498 0.330357 0.55678 0.660714
3 0.374581 0.33138 0.413783 0.628906
2 0.977679 0.572173 0.0446428 0.203125
3 0.22998 0.562128 0.0623605 0.173363
0 0.42048 0.41369 0.139509 0.462798
3 0.214565 0.529762 0.0507812 0.190476
0 0.410854 0.313988 0.206194 0.56622
1 0.42048 0.41369 0.139509 0.462798
3 0.212472 0.567708 0.0404576 0.135417
1 0.977679 0.572173 0.0446428 0.203125
0 0.218192 0.521949 0.115513 0.34003
0 0.663504 0.56436 0.256696 0.485863
3 0.22147 0.575149 0.0313895 0.0922619
