0 0.518415 0.700893 0.128348 0.572917
3 0.540179 0.531994 0.0301339 0.0684524
3 0.546875 0.530134 0.0279018 0.0565476
1 0.518415 0.700893 0.128348 0.572917
3 0.527902 0.520089 0.046875 0.119792
3 0.548549 0.542039 0.0267857 0.048363
3 0.540737 0.546503 0.0334822 0.0997024
3 0.53404 0.519717 0.0401785 0.0796131
3 0.510045 0.49256 0.0502232 0.11756
3 0.558036 0.530878 0.0223215 0.0483631
3 0.558594 0.531994 0.0279018 0.0877976
3 0.538504 0.52939 0.0491071 0.171131
3 0.512277 0.489955 0.0368303 0.0952381
1 0.540179 0.531994 0.0301339 0.0684524
3 0.545201 0.508185 0.0256696 0.0669643
3 0.541295 0.507441 0.0357143 0.0922619
3 0.527344 0.518229 0.0725446 0.248512
3 0.521205 0.558408 0.0457589 0.170387
3 0.539062 0.553944 0.0569196 0.281994
