1 0.726562 0.486607 0.229911 0.678571
0 0.728237 0.591983 0.25 0.702939
1 0.366071 0.643043 0.0970982 0.612723
0 0.353237 0.649926 0.127232 0.62128
3 0.36356 0.530506 0.0485491 0.146577
3 0.364397 0.529762 0.0613839 0.249256
3 0.368583 0.5 0.0440848 0.0721726
3 0.363839 0.591146 0.0982143 0.542411
0 0.727679 0.441871 0.235491 0.634115
1 0.348493 0.696429 0.137835 0.575893
3 0.367746 0.578125 0.0675223 0.409226
2 0.726004 0.455543 0.225446 0.618676
3 0.367746 0.504092 0.0412946 0.139881
1 0.367746 0.578125 0.0675223 0.409226
3 0.368025 0.573103 0.0563616 0.239211
3 0.360212 0.495908 0.0390625 0.0714286
0 0.700893 0.668527 0.219866 0.640625
2 0.366071 0.643043 0.0970982 0.612723
3 0.369141 0.527902 0.0530134 0.0989583
2 0.728237 0.591983 0.25 0.702939
0 0.363839 0.591146 0.0982143 0.542411
1 0.732701 0.664062 0.280134 0.627232
3 0.360491 0.5 0.0396205 0.127232
3 0.727679 0.488839 0.235491 0.672619
1 0.364397 0.529762 0.0613839 0.249256
1 0.368025 0.573103 0.0563616 0.239211
0 0.367746 0.578125 0.0675223 0.409226
1 0.36356 0.530506 0.0485491 0.146577
0 0.321708 0.698847 0.185826 0.56064
3 0.353237 0.649926 0.127232 0.62128
0 0.364397 0.529762 0.0613839 0.249256
2 0.348493 0.696429 0.137835 0.575893
0 0.631138 0.467448 0.231027 0.624628
3 0.732701 0.664062 0.280134 0.627232
2 0.367746 0.578125 0.0675223 0.409226
0 0.270089 0.679874 0.329799 0.640253
2 0.368025 0.573103 0.0563616 0.239211
0 0.608259 0.404948 0.416295 0.639509
