3 0.978237 0.576637 0.0379464 0.129464
1 0.0926688 0.528553 0.161761 0.639323
0 0.32394 0.334077 0.547433 0.657738
0 0.388393 0.332961 0.359375 0.607143
0 0.0949707 0.528646 0.164411 0.625744
1 0.39195 0.331752 0.382394 0.610305
0 0.443359 0.353144 0.169085 0.563058
2 0.978795 0.575893 0.0390625 0.130208
1 0.443359 0.353144 0.169085 0.563058
2 0.0949707 0.528646 0.164411 0.625744
1 0.978795 0.575893 0.0390625 0.130208
0 0.483119 0.336682 0.263672 0.612351
1 0.307896 0.335938 0.498047 0.671875
0 0.978795 0.575893 0.0390625 0.130208
3 0.978516 0.581845 0.0429688 0.184524
0 0.146729 0.515439 0.199289 0.632813
0 0.151646 0.518136 0.303292 0.642299
0 0.496512 0.331938 0.455636 0.663504
1 0.0933663 0.647135 0.167062 0.545015
1 0.146729 0.515439 0.199289 0.632813
3 0.973772 0.558036 0.0379464 0.15625
2 0.976562 0.572917 0.0446428 0.198661
2 0.388393 0.332961 0.359375 0.607143
2 0.307896 0.335938 0.498047 0.671875
1 0.151646 0.518136 0.303292 0.642299
3 0.0902623 0.537946 0.157924 0.581845
3 0.307896 0.335938 0.498047 0.671875
1 0.976562 0.572917 0.0446428 0.198661
0 0.419085 0.412574 0.138951 0.462798
0 0.105748 0.667039 0.208705 0.514137
3 0.388393 0.332961 0.359375 0.607143
0 0.152379 0.593006 0.248814 0.595238
1 0.419085 0.412574 0.138951 0.462798
0 0.410714 0.315476 0.208705 0.566964
1 0.878906 0.348307 0.214286 0.626302
