1 0.641741 0.543155 0.116071 0.425595
3 0.978237 0.579613 0.0379464 0.125744
0 0.395647 0.333798 0.350446 0.606213
0 0.324289 0.332217 0.543387 0.664435
0 0.444057 0.354167 0.164342 0.55878
1 0.399275 0.332589 0.368862 0.608631
2 0.978795 0.579613 0.0390625 0.125744
1 0.444057 0.354167 0.164342 0.55878
1 0.978795 0.578869 0.0390625 0.127232
2 0.642299 0.546503 0.113839 0.424851
3 0.978516 0.585194 0.0429688 0.163691
0 0.978795 0.578869 0.0390625 0.127232
0 0.641741 0.543155 0.116071 0.425595
1 0.317522 0.336124 0.479911 0.672247
2 0.976562 0.574405 0.0435267 0.184524
3 0.227121 0.567708 0.0424107 0.103423
2 0.395647 0.333798 0.350446 0.606213
3 0.213937 0.572173 0.0302734 0.0944941
1 0.618862 0.534412 0.103795 0.419271
0 0.485073 0.351935 0.226283 0.576637
1 0.976562 0.574405 0.0435267 0.184524
3 0.641741 0.543155 0.116071 0.425595
3 0.228864 0.564732 0.0623605 0.161458
0 0.482282 0.34933 0.327846 0.618304
3 0.214844 0.535342 0.0357143 0.15253
3 0.373744 0.332124 0.41769 0.628906
1 0.905692 0.346354 0.183036 0.630952
2 0.324079 0.331101 0.552734 0.662202
3 0.973772 0.558408 0.0390625 0.154018
0 0.418248 0.412202 0.140067 0.468006
3 0.22433 0.532738 0.0491071 0.15997
1 0.465402 0.407087 0.128348 0.467076
3 0.213937 0.568824 0.0431083 0.129464
3 0.986049 0.591146 0.0279017 0.171131
0 0.905692 0.346354 0.183036 0.630952
1 0.647879 0.562128 0.103795 0.295387
0 0.410714 0.313988 0.204241 0.565476
3 0.221261 0.575893 0.0334821 0.0967262
0 0.381975 0.363467 0.208147 0.553571
1 0.418248 0.412202 0.140067 0.468006
0 0.465402 0.407087 0.128348 0.467076
1 0.665737 0.561012 0.108259 0.419643
0 0.976562 0.574405 0.0435267 0.184524
