3 0.978795 0.576637 0.0379465 0.129464
1 0.0783691 0.550409 0.119489 0.378348
0 0.398996 0.332589 0.337054 0.602679
0 0.326521 0.33324 0.543387 0.665365
2 0.0770089 0.546503 0.115792 0.381696
1 0.40346 0.331845 0.357143 0.607143
0 0.443917 0.351191 0.165737 0.563988
2 0.978795 0.575521 0.0390625 0.12872
1 0.443917 0.351191 0.165737 0.563988
0 0.486328 0.330636 0.27846 0.621466
0 0.0788225 0.551339 0.118304 0.391369
1 0.978795 0.575521 0.0390625 0.12872
0 0.499163 0.331101 0.453683 0.657738
0 0.978795 0.575521 0.0390625 0.12872
3 0.978795 0.581101 0.0424107 0.177827
1 0.312779 0.33631 0.488281 0.672619
1 0.0568848 0.528553 0.0954939 0.448847
2 0.977121 0.572545 0.0435267 0.19494
2 0.398996 0.332589 0.337054 0.602679
3 0.0788225 0.551339 0.118304 0.391369
3 0.973772 0.557664 0.0379464 0.155506
2 0.0568848 0.528553 0.0954939 0.448847
2 0.325474 0.332217 0.554408 0.664435
1 0.977121 0.572545 0.0435267 0.19494
1 0.0390625 0.53683 0.0546875 0.417411
3 0.376046 0.331101 0.413086 0.631696
0 0.567522 0.352214 0.280134 0.622954
1 0.90625 0.349795 0.180804 0.626302
1 0.103237 0.549851 0.206473 0.404762
0 0.419643 0.413039 0.132813 0.462612
0 0.90625 0.349795 0.180804 0.626302
0 0.41183 0.314825 0.204241 0.569754
1 0.486328 0.330636 0.27846 0.621466
1 0.419643 0.413039 0.132813 0.462612
0 0.333984 0.363095 0.233817 0.578869
0 0.383929 0.363095 0.197545 0.553571
