0 0.562919 0.651414 0.20452 0.531994
1 0.573661 0.671875 0.198661 0.595238
3 0.367467 0.497396 0.0418527 0.0744047
3 0.371373 0.532366 0.046317 0.125744
3 0.368025 0.502232 0.0379464 0.107143
3 0.371652 0.531622 0.0591518 0.220982
3 0.369699 0.56622 0.0641741 0.340774
3 0.363839 0.520089 0.046317 0.0982143
3 0.358817 0.494048 0.0345982 0.0699405
1 0.534598 0.65997 0.178571 0.522321
1 0.364397 0.658854 0.0904018 0.546875
3 0.360212 0.497768 0.0329241 0.10119
3 0.363281 0.569941 0.0485491 0.216518
3 0.388393 0.529018 0.0329241 0.0654762
0 0.369699 0.643601 0.111607 0.555059
1 0.366071 0.618304 0.0714286 0.433036
2 0.563477 0.651042 0.220145 0.535714
3 0.385324 0.532738 0.0435268 0.109375
3 0.367746 0.588728 0.0876116 0.480283
0 0.515625 0.645089 0.21875 0.526786
1 0.368025 0.677083 0.144531 0.565476
3 0.563477 0.651042 0.220145 0.535714
1 0.371652 0.531622 0.0591518 0.220982
3 0.390904 0.556176 0.0267857 0.0625
3 0.374721 0.553943 0.0457589 0.09375
1 0.364676 0.527902 0.0412946 0.123512
3 0.360491 0.499256 0.046317 0.181548
3 0.385603 0.53125 0.0714286 0.228423
1 0.374721 0.596354 0.116071 0.462054
1 0.513951 0.645089 0.290179 0.552083
2 0.368304 0.639881 0.101004 0.556548
0 0.371652 0.531622 0.0591518 0.220982
0 0.366071 0.618304 0.0714286 0.433036
1 0.363281 0.569941 0.0485491 0.216518
0 0.352121 0.691406 0.116629 0.551711
0 0.563477 0.662388 0.174386 0.292783
3 0.361328 0.610491 0.0546875 0.274554
