0 0.556222 0.688802 0.213449 0.592634
1 0.556362 0.681548 0.229911 0.589286
3 0.365234 0.52567 0.0385045 0.127232
3 0.371373 0.497768 0.0368304 0.0654762
3 0.371931 0.500372 0.0368304 0.134673
3 0.371094 0.531622 0.0424107 0.153274
2 0.556362 0.681548 0.229911 0.589286
3 0.37221 0.53125 0.0591518 0.308036
3 0.365513 0.52381 0.0535714 0.25
1 0.366629 0.662574 0.0837054 0.549851
0 0.361328 0.645089 0.141183 0.645833
3 0.370536 0.563988 0.046317 0.21875
3 0.36077 0.492932 0.031808 0.0639881
1 0.361328 0.645089 0.141183 0.645833
3 0.373047 0.522321 0.0457589 0.0840774
3 0.55692 0.684896 0.25 0.595982
0 0.510184 0.664435 0.221819 0.604167
3 0.361328 0.495908 0.0340402 0.118304
0 0.366629 0.662574 0.0837054 0.549851
1 0.510742 0.664062 0.212891 0.598958
1 0.371652 0.566964 0.063058 0.413691
3 0.366071 0.583333 0.109375 0.553571
1 0.365234 0.52567 0.0385045 0.127232
1 0.365513 0.52381 0.0535714 0.25
