1 0.0396903 0.471912 0.0668248 0.508557
0 0.0393066 0.625465 0.0776367 0.720796
0 0.037772 0.44122 0.0734515 0.491816
1 0.0393066 0.625465 0.0776367 0.720796
2 0.0383998 0.47619 0.0727539 0.546131
1 0.0470145 0.515346 0.0800781 0.641927
0 0.0611049 0.621838 0.12221 0.714658
2 0.0393066 0.625465 0.0776367 0.720796
0 0.0470145 0.515346 0.0800781 0.641927
0 0.0326451 0.690662 0.0583147 0.59189
1 0.0412598 0.472842 0.0614537 0.304315
0 0.078683 0.692708 0.138951 0.592262
1 0.0611049 0.621838 0.12221 0.714658
1 0.034389 0.617932 0.0556641 0.631696
3 0.0383998 0.47619 0.0727539 0.546131
0 0.11356 0.629371 0.227121 0.730841
0 0.0514788 0.727679 0.0929129 0.537202
3 0.0393066 0.625465 0.0776367 0.720796
1 0.0599888 0.506975 0.0906808 0.517299
1 0.0298549 0.54362 0.0597098 0.60026
2 0.0611049 0.621838 0.12221 0.714658
