3 0.266741 0.485119 0.0418527 0.0967262
3 0.400391 0.477679 0.0301339 0.0788691
3 0.263951 0.502232 0.046317 0.167411
3 0.40346 0.46875 0.0262277 0.0691964
1 0.265067 0.481399 0.0407366 0.0900297
3 0.26423 0.473958 0.0345982 0.0825893
0 0.266741 0.485119 0.0424107 0.0967262
3 0.396763 0.488095 0.030692 0.0833333
1 0.401786 0.475818 0.031808 0.0796131
3 0.397321 0.462054 0.0239955 0.0654762
0 0.260045 0.706101 0.111607 0.561012
0 0.400949 0.478423 0.0334821 0.0818453
3 0.273438 0.49442 0.0396205 0.0877976
1 0.263951 0.502232 0.046317 0.167411
1 0.259766 0.682106 0.0859375 0.561384
3 0.257533 0.462054 0.0301339 0.0647322
2 0.266741 0.485119 0.0424107 0.0967262
0 0.263951 0.502232 0.046317 0.167411
3 0.415737 0.482143 0.0329241 0.0870536
