1 0.523996 0.569382 0.274554 0.715402
3 0.978795 0.577753 0.0368303 0.127232
0 0.382743 0.342541 0.429827 0.640811
0 0.514509 0.525112 0.28125 0.670015
0 0.452009 0.379185 0.340402 0.676153
0 0.290458 0.338542 0.50279 0.677083
2 0.979353 0.576637 0.0379464 0.127976
0 0.480887 0.34747 0.23019 0.601934
1 0.979353 0.576637 0.0379464 0.127976
2 0.513532 0.524089 0.265346 0.666109
1 0.385742 0.341518 0.442801 0.644345
0 0.979353 0.576637 0.0379464 0.127976
3 0.978795 0.582589 0.0424107 0.174107
3 0.523438 0.564825 0.284598 0.679874
1 0.479632 0.673177 0.297433 0.552455
0 0.524972 0.633557 0.252511 0.615327
0 0.40611 0.416016 0.260324 0.505766
0 0.276228 0.728981 0.483259 0.53311
2 0.978795 0.582589 0.0424107 0.174107
0 0.879464 0.344773 0.21875 0.628906
1 0.483119 0.395926 0.229074 0.612909
2 0.385742 0.341518 0.442801 0.644345
1 0.452009 0.379185 0.340402 0.676153
3 0.973772 0.559152 0.0379464 0.153274
0 0.415179 0.373605 0.167411 0.541481
3 0.376325 0.34189 0.50851 0.672619
3 0.232143 0.563616 0.0424107 0.107143
1 0.879464 0.344773 0.21875 0.628906
1 0.977679 0.572917 0.0446428 0.194196
0 0.479632 0.673177 0.297433 0.552455
0 0.456334 0.429036 0.175502 0.573475
1 0.496652 0.689174 0.210938 0.50558
3 0.212891 0.567708 0.0340402 0.10119
1 0.407924 0.518601 0.0569197 0.224702
0 0.414062 0.425595 0.122768 0.459077
