2 0.296875 0.454241 0.0881696 0.225446
3 0.296596 0.459449 0.078683 0.209077
3 0.297712 0.464286 0.0898438 0.285714
3 0.476005 0.443824 0.0502232 0.166667
3 0.475307 0.459821 0.0638951 0.206101
1 0.297712 0.465774 0.0909598 0.269345
0 0.282645 0.660342 0.151228 0.679315
0 0.297712 0.465774 0.0909598 0.269345
3 0.288783 0.466518 0.0580357 0.143601
3 0.484235 0.461961 0.152065 0.449591
3 0.479353 0.460658 0.108259 0.328683
2 0.29548 0.46875 0.0675223 0.151786
1 0.285435 0.65811 0.134487 0.667411
3 0.488421 0.46689 0.0432478 0.167411
3 0.469587 0.398066 0.0407366 0.0877976
3 0.4887 0.46689 0.0661273 0.301339
3 0.287946 0.44122 0.0641741 0.150298
2 0.287946 0.44122 0.0641741 0.150298
0 0.484235 0.461961 0.152065 0.449591
1 0.476842 0.444568 0.0608259 0.184524
