3 0.473214 0.479167 0.0401786 0.101935
3 0.183315 0.491071 0.0276228 0.0751488
3 0.474888 0.481771 0.0580357 0.133929
3 0.183873 0.5 0.0359933 0.133929
1 0.473772 0.480655 0.0407366 0.100446
0 0.473772 0.480655 0.0407366 0.100446
1 0.474888 0.481771 0.0580357 0.133929
0 0.474888 0.481771 0.0580357 0.133929
3 0.484096 0.476935 0.0429688 0.0982143
2 0.473772 0.480655 0.0407366 0.100446
1 0.183873 0.5 0.0359933 0.133929
1 0.185547 0.5 0.0298549 0.0907738
3 0.464286 0.469494 0.0396205 0.0944941
1 0.183873 0.487723 0.0248326 0.0677083
0 0.183873 0.5 0.0359933 0.133929
2 0.474888 0.481771 0.0580357 0.133929
3 0.184291 0.494141 0.0644531 0.483445
0 0.183315 0.491071 0.0276228 0.0751488
