3 0.224609 0.466518 0.0390625 0.119048
3 0.624442 0.459821 0.047991 0.108631
3 0.621094 0.468378 0.0345982 0.0885417
3 0.627232 0.469494 0.0736607 0.266369
3 0.225446 0.473958 0.046875 0.181548
1 0.627232 0.469494 0.0736607 0.266369
1 0.224609 0.466518 0.0401786 0.120536
0 0.627232 0.469494 0.0736607 0.266369
0 0.224888 0.46503 0.0390625 0.119048
3 0.639509 0.452753 0.0390625 0.103423
1 0.625 0.459077 0.0491071 0.115327
3 0.622768 0.481027 0.0435268 0.125744
0 0.625 0.459077 0.0491071 0.115327
2 0.224888 0.46503 0.0390625 0.119048
3 0.234933 0.468006 0.0357143 0.10119
3 0.615513 0.449033 0.0334821 0.0848214
3 0.638951 0.450149 0.0491071 0.147321
0 0.62221 0.686198 0.101562 0.550223
1 0.621094 0.468378 0.0345982 0.0885417
3 0.224051 0.422247 0.03125 0.14881
3 0.219099 0.482515 0.0350168 0.114583
2 0.627232 0.469494 0.0736607 0.266369
1 0.225446 0.473958 0.046875 0.181548
3 0.235491 0.449405 0.031808 0.119792
0 0.619978 0.694941 0.141741 0.610119
2 0.625 0.459077 0.0491071 0.115327
