2 0.158482 0.459821 0.0923549 0.233631
3 0.154018 0.460566 0.0876116 0.235863
0 0.126569 0.662946 0.151995 0.639881
3 0.414342 0.438616 0.0345982 0.119792
3 0.4149 0.473586 0.0390625 0.201637
0 0.15639 0.469122 0.0976563 0.293899
1 0.156808 0.460566 0.0959821 0.241815
3 0.414621 0.440104 0.0479911 0.202381
1 0.138393 0.651228 0.142857 0.643973
2 0.150112 0.512091 0.11942 0.407366
0 0.119001 0.674107 0.231306 0.651786
2 0.158343 0.446801 0.0722656 0.154018
3 0.404018 0.473214 0.0301339 0.173363
3 0.425781 0.438244 0.0418527 0.12872
0 0.149833 0.625744 0.106027 0.566964
2 0.145089 0.440848 0.0636161 0.14881
3 0.145089 0.440848 0.0636161 0.14881
3 0.4149 0.40067 0.0379464 0.0736607
3 0.425502 0.479167 0.0518973 0.198661
2 0.136998 0.65439 0.155134 0.676339
3 0.160854 0.469866 0.0703125 0.15253
3 0.417411 0.514137 0.0513393 0.266369
2 0.15053 0.489955 0.0887277 0.322917
1 0.414342 0.438616 0.0345982 0.119792
