3 0.978795 0.577381 0.0368303 0.127976
1 0.366908 0.539249 0.208147 0.728051
0 0.403041 0.384022 0.272042 0.68285
0 0.43471 0.336682 0.410714 0.653274
0 0.447126 0.362723 0.174944 0.60119
0 0.376953 0.500093 0.21875 0.712612
0 0.344308 0.326172 0.41183 0.588728
2 0.978795 0.576637 0.0379465 0.12872
1 0.347656 0.636533 0.223214 0.604911
0 0.484235 0.342262 0.26144 0.622024
1 0.978795 0.576637 0.0379465 0.12872
0 0.416574 0.436942 0.16183 0.614211
0 0.370536 0.344866 0.202009 0.593006
0 0.978795 0.576637 0.0379465 0.12872
1 0.338379 0.662202 0.322126 0.595238
3 0.978237 0.587054 0.0435267 0.190476
1 0.402902 0.385231 0.303571 0.696801
2 0.371931 0.538691 0.223772 0.720238
1 0.447126 0.362723 0.174944 0.60119
0 0.452009 0.496931 0.195313 0.537388
0 0.354911 0.404855 0.260603 0.608445
1 0.401786 0.538319 0.178571 0.616816
0 0.364397 0.636905 0.225446 0.613095
3 0.371931 0.538691 0.223772 0.720238
0 0.515765 0.734375 0.443917 0.504464
1 0.40339 0.333705 0.462193 0.654018
0 0.470006 0.406622 0.116909 0.534226
1 0.452009 0.496931 0.195313 0.537388
2 0.978237 0.587054 0.0435267 0.190476
1 0.330915 0.559803 0.167411 0.630394
0 0.273438 0.691964 0.424665 0.583333
0 0.432617 0.507068 0.313337 0.567708
0 0.438337 0.629464 0.404576 0.650298
1 0.880022 0.350539 0.214286 0.626302
3 0.973772 0.55878 0.0379464 0.15625
0 0.880022 0.350539 0.214286 0.626302
1 0.977121 0.573661 0.0446428 0.200893
2 0.406808 0.381138 0.279018 0.684152
1 0.353237 0.459077 0.160714 0.566964
0 0.26702 0.341518 0.18192 0.573661
0 0.353237 0.459077 0.160714 0.566964
1 0.392299 0.649182 0.195871 0.587054
1 0.432617 0.507068 0.313337 0.567708
1 0.438337 0.629464 0.404576 0.650298
3 0.402902 0.385231 0.303571 0.696801
