3 0.490095 0.43564 0.0544085 0.206101
3 0.488002 0.442336 0.0664062 0.328125
2 0.488002 0.4375 0.0697545 0.293155
3 0.479074 0.430804 0.0507812 0.221726
1 0.490374 0.446429 0.0638951 0.261905
0 0.488002 0.442336 0.0664062 0.328125
3 0.49135 0.438988 0.047433 0.147321
2 0.490513 0.43564 0.0569196 0.207589
3 0.483119 0.40625 0.0493862 0.141369
3 0.495396 0.403274 0.0594308 0.25372
1 0.492467 0.440848 0.0853795 0.3125
3 0.478795 0.360119 0.0351562 0.0825893
0 0.490513 0.43564 0.0569196 0.207589
3 0.476842 0.399926 0.0407366 0.181548
3 0.494838 0.46503 0.0482701 0.140625
3 0.483956 0.360863 0.0566406 0.274554
3 0.476283 0.465402 0.0708705 0.322917
3 0.482143 0.364118 0.0390625 0.163877
0 0.470982 0.643229 0.167411 0.713542
0 0.486468 0.488188 0.078404 0.510231
0 0.502372 0.65532 0.178292 0.659598
0 0.480608 0.665179 0.112444 0.602679
1 0.484933 0.414807 0.0502232 0.201637
1 0.493304 0.456101 0.0535714 0.1875
1 0.486468 0.488188 0.078404 0.510231
3 0.486468 0.488188 0.078404 0.510231
3 0.493025 0.403646 0.0385045 0.125
3 0.471819 0.354167 0.0301339 0.0796131
