2 0.944754 0.464658 0.110491 0.323661
2 0.0697545 0.478051 0.121373 0.293899
1 0.945033 0.467634 0.109933 0.327381
1 0.0711496 0.478423 0.123605 0.298363
3 0.0717076 0.475446 0.116071 0.290923
0 0.0738002 0.485119 0.124721 0.332589
0 0.945033 0.467634 0.109933 0.327381
0 0.0694057 0.630766 0.128209 0.607515
3 0.944754 0.464658 0.110491 0.323661
2 0.957031 0.452381 0.0825892 0.28125
1 0.0692313 0.62872 0.11656 0.616071
2 0.0692313 0.62872 0.11656 0.616071
0 0.943359 0.626488 0.113281 0.602679
1 0.946987 0.627976 0.106027 0.622024
0 0.0916574 0.685268 0.174665 0.610119
2 0.962612 0.490048 0.0647321 0.38151
2 0.0469099 0.476191 0.0758231 0.276786
