1 0.191406 0.559896 0.21875 0.703125
3 0.978795 0.579613 0.0390625 0.12872
0 0.335379 0.334821 0.520089 0.668155
0 0.396345 0.333984 0.359096 0.608817
0 0.196359 0.547712 0.232282 0.691778
0 0.442522 0.354167 0.174107 0.566964
2 0.978237 0.579241 0.0390625 0.127232
1 0.399275 0.332217 0.376674 0.616816
0 0.279646 0.389695 0.365932 0.690848
1 0.978795 0.578497 0.0401785 0.129464
3 0.976562 0.575149 0.0435267 0.18006
2 0.195452 0.5359 0.219587 0.710938
0 0.485212 0.336031 0.261719 0.61663
0 0.978795 0.578497 0.0401785 0.129464
0 0.242467 0.503906 0.325893 0.757069
1 0.442522 0.354167 0.174107 0.566964
1 0.320243 0.353888 0.459961 0.704427
2 0.976562 0.575149 0.0435267 0.18006
3 0.190569 0.563058 0.231585 0.707217
1 0.217564 0.642857 0.183175 0.528274
1 0.976562 0.575149 0.0435267 0.18006
0 0.492188 0.331101 0.445312 0.662202
2 0.334891 0.334821 0.526646 0.669643
0 0.22154 0.462054 0.226004 0.605655
0 0.295829 0.515997 0.362584 0.612351
0 0.254743 0.541202 0.190848 0.628906
0 0.545201 0.333333 0.197545 0.573661
2 0.396345 0.333984 0.359096 0.608817
3 0.334891 0.334821 0.526646 0.669643
1 0.214844 0.668341 0.267299 0.532366
0 0.271763 0.383092 0.240513 0.604353
0 0.415179 0.412202 0.154018 0.469494
3 0.973772 0.56064 0.0379464 0.127976
0 0.409319 0.313988 0.200335 0.565476
0 0.976562 0.575149 0.0435267 0.18006
3 0.986049 0.590402 0.0279017 0.18378
0 0.298549 0.530413 0.237165 0.585007
