1 0.58817 0.446894 0.183036 0.656808
0 0.58803 0.5851 0.181083 0.557478
0 0.58817 0.446894 0.183036 0.656808
1 0.589286 0.5891 0.172991 0.577753
0 0.601562 0.675595 0.1875 0.574405
1 0.564732 0.561012 0.126116 0.447917
2 0.591518 0.447545 0.176339 0.656994
0 0.564732 0.561012 0.126116 0.447917
1 0.604353 0.501488 0.139509 0.558036
1 0.561384 0.561012 0.118304 0.276786
1 0.538644 0.43099 0.150391 0.587426
0 0.56808 0.657924 0.136161 0.523438
1 0.631138 0.437314 0.157366 0.613467
2 0.589286 0.5891 0.172991 0.577753
1 0.589286 0.550967 0.157366 0.286458
0 0.561384 0.561012 0.118304 0.276786
3 0.588728 0.448289 0.203125 0.664434
0 0.606585 0.553664 0.131696 0.499814
0 0.538644 0.43099 0.150391 0.587426
0 0.589286 0.550967 0.157366 0.286458
1 0.611607 0.600632 0.128348 0.501116
1 0.612723 0.365234 0.152902 0.516555
2 0.561384 0.561012 0.118304 0.276786
2 0.564732 0.561012 0.126116 0.447917
1 0.501674 0.451916 0.305804 0.678013
1 0.53418 0.534226 0.0901227 0.46875
0 0.53418 0.570685 0.0756138 0.419643
1 0.592634 0.68936 0.148438 0.537946
1 0.53404 0.543155 0.0647321 0.279762
2 0.589286 0.550967 0.157366 0.286458
