0 0.551897 0.677083 0.204241 0.604167
1 0.550223 0.671317 0.207589 0.582961
2 0.550223 0.671317 0.207589 0.582961
3 0.362444 0.522321 0.0340402 0.127976
0 0.518834 0.664435 0.30385 0.633929
3 0.369141 0.492932 0.0323661 0.0632441
3 0.361607 0.517113 0.0357143 0.0833333
3 0.368862 0.495908 0.0323661 0.134673
3 0.367467 0.526786 0.0373884 0.154018
3 0.546317 0.673735 0.231027 0.585566
3 0.359375 0.490699 0.0290179 0.0662202
3 0.359933 0.493676 0.0301339 0.118304
3 0.362723 0.520461 0.0518973 0.27381
1 0.518834 0.664435 0.30385 0.633929
0 0.356027 0.638114 0.159598 0.682106
3 0.371094 0.517485 0.0401786 0.0803572
1 0.364955 0.654762 0.0876116 0.568452
3 0.369141 0.563244 0.0412946 0.216518
1 0.356027 0.638114 0.159598 0.682106
3 0.370257 0.495908 0.0552455 0.323661
0 0.385045 0.638393 0.140067 0.638393
1 0.385045 0.638393 0.140067 0.638393
