2 0.913504 0.457589 0.108259 0.320685
1 0.366908 0.639602 0.103237 0.671689
0 0.366908 0.639323 0.106585 0.664807
1 0.913504 0.461217 0.108259 0.308222
3 0.370536 0.538691 0.0697545 0.404762
1 0.368583 0.571615 0.0758929 0.523438
3 0.371094 0.534226 0.0524554 0.195684
3 0.367467 0.588821 0.0998884 0.621466
2 0.366908 0.639602 0.103237 0.671689
3 0.358538 0.485491 0.0418527 0.0825893
3 0.913504 0.457961 0.109375 0.322917
3 0.368025 0.50372 0.0457589 0.151042
3 0.367188 0.495908 0.0479911 0.0811012
3 0.361607 0.493304 0.0396205 0.140625
1 0.365513 0.528646 0.0647321 0.366816
0 0.913504 0.461217 0.108259 0.308222
3 0.373047 0.527158 0.0479911 0.0877976
3 0.363281 0.497768 0.0530134 0.270089
0 0.368583 0.571615 0.0758929 0.523438
0 0.378906 0.529948 0.144531 0.538319
0 0.382812 0.700893 0.126116 0.584821
1 0.370257 0.567894 0.0591518 0.257068
3 0.389788 0.529762 0.0284598 0.0595238
3 0.374163 0.530692 0.131696 0.548735
3 0.366908 0.460193 0.0401786 0.0632441
1 0.364397 0.524554 0.0507812 0.204613
0 0.365513 0.528646 0.0647321 0.366816
3 0.384766 0.533482 0.0452009 0.154018
3 0.356585 0.460566 0.0345982 0.129464
3 0.352121 0.459821 0.03125 0.0602679
3 0.371094 0.460193 0.0424107 0.149554
1 0.382812 0.700893 0.126116 0.584821
1 0.378906 0.529948 0.144531 0.538319
3 0.359933 0.516741 0.0452009 0.109375
3 0.364397 0.573289 0.0574777 0.268601
1 0.368025 0.50372 0.0457589 0.151042
2 0.368583 0.571615 0.0758929 0.523438
3 0.368862 0.691964 0.113839 0.598214
1 0.361607 0.493304 0.0396205 0.140625
3 0.389788 0.553199 0.0284598 0.0729167
