1 0.0894252 0.563244 0.139509 0.416667
3 0.979353 0.577753 0.0379464 0.127232
0 0.393694 0.333426 0.348772 0.608445
0 0.333147 0.333798 0.535714 0.665737
2 0.0862165 0.558036 0.135324 0.427083
0 0.442243 0.355283 0.171317 0.559524
1 0.398298 0.332589 0.36635 0.612351
2 0.979353 0.576637 0.0390625 0.127232
0 0.0904018 0.562686 0.140067 0.416295
1 0.979353 0.576637 0.0390625 0.127232
1 0.442243 0.355283 0.171317 0.559524
0 0.483677 0.337798 0.260324 0.613839
3 0.978516 0.582217 0.0429688 0.168155
0 0.979353 0.576637 0.0390625 0.127232
1 0.315151 0.338914 0.496931 0.677827
0 0.154297 0.530041 0.308594 0.489025
0 0.492746 0.332403 0.449777 0.664807
1 0.145159 0.528553 0.210798 0.477121
1 0.0780901 0.569754 0.111119 0.300967
2 0.978516 0.582217 0.0429688 0.168155
2 0.393694 0.333426 0.348772 0.608445
3 0.0904018 0.562686 0.140067 0.416295
3 0.973772 0.558036 0.0390625 0.150298
1 0.977121 0.573289 0.0446428 0.188988
0 0.418527 0.413039 0.146763 0.467076
2 0.315151 0.338914 0.496931 0.677827
3 0.375279 0.331938 0.421317 0.633743
1 0.878348 0.347098 0.216518 0.633185
0 0.146066 0.565104 0.19615 0.436756
1 0.0345982 0.540179 0.0518973 0.4375
0 0.40904 0.314453 0.215402 0.573475
0 0.545898 0.33417 0.188337 0.569754
1 0.418527 0.413039 0.146763 0.467076
3 0.986328 0.589658 0.0273438 0.189732
0 0.878348 0.347098 0.216518 0.633185
