0 0.577009 0.683408 0.246652 0.59003
3 0.371373 0.495536 0.0396205 0.0758929
1 0.569196 0.678013 0.257812 0.581473
3 0.364676 0.523438 0.0424107 0.12128
3 0.373047 0.529762 0.0457589 0.123512
3 0.372489 0.500744 0.0518973 0.221726
3 0.364955 0.521577 0.0569196 0.224702
3 0.36077 0.488839 0.0340402 0.0714286
3 0.370257 0.557292 0.0485491 0.197917
2 0.575893 0.679688 0.253348 0.595982
3 0.369978 0.562128 0.0636161 0.328125
3 0.361607 0.492932 0.0362723 0.113839
0 0.533622 0.693452 0.187221 0.565476
3 0.388393 0.526414 0.0357143 0.0751488
3 0.575893 0.679688 0.253348 0.595982
1 0.36635 0.670015 0.0909598 0.530506
3 0.385045 0.529018 0.0440848 0.122024
0 0.517439 0.675409 0.29548 0.604539
3 0.384487 0.530506 0.0742188 0.215774
3 0.365513 0.579799 0.0982143 0.510045
1 0.378906 0.668899 0.136161 0.592262
1 0.372489 0.500744 0.0518973 0.221726
1 0.369978 0.562128 0.0636161 0.328125
