3 0.979911 0.579241 0.0379464 0.126488
1 0.710938 0.577102 0.165179 0.699963
0 0.716518 0.588542 0.220982 0.764881
0 0.395089 0.332682 0.350446 0.608445
0 0.331124 0.333054 0.543108 0.665737
0 0.709821 0.551525 0.159598 0.635045
0 0.733259 0.66183 0.323661 0.664435
1 0.398996 0.331473 0.36942 0.611607
1 0.72154 0.593564 0.243304 0.771205
0 0.442801 0.352307 0.166853 0.561012
2 0.979911 0.578497 0.0379464 0.125
1 0.442801 0.352307 0.166853 0.561012
1 0.979911 0.579241 0.0368303 0.119792
0 0.979911 0.578497 0.0379464 0.125
1 0.330287 0.331845 0.554827 0.663691
2 0.710379 0.577381 0.164063 0.690476
2 0.395089 0.332682 0.350446 0.608445
1 0.733259 0.66183 0.323661 0.664435
3 0.979353 0.58631 0.0412946 0.182292
3 0.21296 0.575521 0.0283203 0.0848214
0 0.484794 0.338635 0.246931 0.592076
2 0.72154 0.593564 0.243304 0.771205
3 0.377093 0.331008 0.415458 0.62965
1 0.684152 0.544085 0.152902 0.614211
3 0.22998 0.567336 0.0400391 0.100446
2 0.330287 0.331845 0.554827 0.663691
3 0.710379 0.577381 0.164063 0.690476
3 0.72154 0.593564 0.243304 0.771205
2 0.977679 0.575893 0.0446428 0.199405
0 0.3351 0.362072 0.246094 0.583891
3 0.212263 0.572545 0.0492467 0.143601
0 0.419643 0.412574 0.136161 0.459077
0 0.41197 0.313988 0.211775 0.568452
3 0.223005 0.574405 0.0322266 0.0915179
1 0.708147 0.456101 0.138393 0.440476
3 0.231864 0.565104 0.0691964 0.196429
1 0.419643 0.412574 0.136161 0.459077
3 0.97433 0.55878 0.0368304 0.153274
0 0.484933 0.328869 0.436384 0.654018
