3 0.978795 0.577753 0.0368303 0.127232
1 0.0828334 0.546875 0.114467 0.358631
0 0.314244 0.33324 0.545619 0.6609
0 0.398996 0.334449 0.339286 0.602679
2 0.0813337 0.542411 0.114676 0.369048
0 0.444336 0.353144 0.167132 0.566034
1 0.403041 0.333705 0.359096 0.607887
1 0.444336 0.353144 0.167132 0.566034
2 0.979353 0.577009 0.0379464 0.127232
0 0.48577 0.333984 0.271763 0.616257
1 0.979353 0.577753 0.0368304 0.12128
0 0.0834612 0.546689 0.113211 0.367932
0 0.979353 0.577009 0.0379464 0.127232
0 0.500698 0.331566 0.453962 0.66276
1 0.30678 0.334821 0.486886 0.669643
3 0.978795 0.585194 0.0424107 0.19122
3 0.0813337 0.542411 0.114676 0.369048
2 0.398996 0.334449 0.339286 0.602679
1 0.90625 0.347005 0.183036 0.630394
2 0.314662 0.330729 0.555943 0.661458
3 0.973772 0.558408 0.0379464 0.158482
0 0.90625 0.347005 0.183036 0.630394
2 0.978795 0.585194 0.0424107 0.19122
3 0.314662 0.330729 0.555943 0.661458
1 0.0566406 0.524368 0.0951451 0.457217
0 0.420759 0.412109 0.138393 0.468936
0 0.411133 0.314081 0.200056 0.569754
0 0.545201 0.334077 0.207589 0.575149
0 0.580497 0.353888 0.38365 0.66276
3 0.398996 0.334449 0.339286 0.602679
1 0.420759 0.412109 0.138393 0.468936
1 0.9774 0.574405 0.0452008 0.206845
2 0.0566406 0.524368 0.0951451 0.457217
1 0.48577 0.333984 0.271763 0.616257
