1 0.0420968 0.548642 0.0809849 0.55599
3 0.978795 0.577753 0.0368303 0.127232
0 0.399833 0.334728 0.339844 0.601376
0 0.31522 0.334821 0.550363 0.666667
0 0.0432129 0.547526 0.0809849 0.56715
0 0.444754 0.352307 0.165179 0.565476
1 0.404297 0.33417 0.358817 0.605469
1 0.0546875 0.595517 0.109375 0.605097
2 0.978237 0.577753 0.0379464 0.126488
1 0.444754 0.352307 0.165179 0.565476
0 0.484933 0.333798 0.265625 0.616629
1 0.978795 0.577009 0.0379465 0.127976
0 0.0546875 0.595517 0.109375 0.605097
2 0.0410156 0.534412 0.0792411 0.577009
0 0.978795 0.577009 0.0379465 0.127976
1 0.303571 0.337798 0.496652 0.675595
0 0.498744 0.331938 0.444475 0.65904
3 0.978516 0.583333 0.0429688 0.186012
1 0.0437361 0.664062 0.0782645 0.470982
1 0.907366 0.348958 0.178572 0.623512
0 0.907366 0.348958 0.178572 0.623512
2 0.399833 0.334728 0.339844 0.601376
3 0.0426897 0.543899 0.077846 0.511905
2 0.977121 0.573661 0.0446428 0.200893
1 0.0448521 0.5625 0.0724051 0.302083
0 0.186733 0.518136 0.197963 0.505394
2 0.314662 0.333333 0.563756 0.666667
3 0.375488 0.333054 0.413086 0.63151
3 0.973214 0.559524 0.0379464 0.156994
0 0.420759 0.413225 0.136719 0.46224
0 0.545061 0.333705 0.206752 0.578125
1 0.977121 0.573661 0.0446428 0.200893
0 0.582031 0.355004 0.378348 0.657552
1 0.420759 0.413225 0.136719 0.46224
0 0.187081 0.514044 0.356864 0.549293
0 0.412667 0.31436 0.200335 0.56622
1 0.0972029 0.546596 0.193429 0.582403
0 0.333147 0.363839 0.243304 0.585566
2 0.0523856 0.595982 0.104771 0.620536
