1 0.146449 0.643694 0.206543 0.705171
2 0.673549 0.433129 0.127232 0.413504
0 0.147879 0.661458 0.228795 0.672619
1 0.672991 0.425688 0.127232 0.407552
0 0.672991 0.425688 0.127232 0.407552
0 0.53125 0.456008 0.41183 0.695126
3 0.672991 0.432664 0.129464 0.414434
2 0.146729 0.643043 0.217704 0.707961
1 0.148438 0.520926 0.196987 0.490885
0 0.670759 0.605562 0.155134 0.5984
3 0.146729 0.643043 0.217704 0.707961
2 0.649554 0.41583 0.180804 0.523996
0 0.648438 0.415923 0.191964 0.509673
3 0.0541295 0.505952 0.0280413 0.168899
3 0.0569196 0.503348 0.0270647 0.129464
0 0.548549 0.401972 0.311384 0.618676
2 0.147949 0.551804 0.191825 0.519903
2 0.668527 0.489583 0.113839 0.274554
0 0.147949 0.551804 0.191825 0.519903
2 0.0541295 0.505952 0.0280413 0.168899
