0 0.522879 0.601749 0.404018 0.77567
3 0.977679 0.582217 0.0401786 0.125
0 0.4488 0.383743 0.481864 0.738467
0 0.331752 0.336682 0.575335 0.673363
0 0.521205 0.445499 0.372768 0.802455
3 0.975447 0.577753 0.0446429 0.176339
0 0.567941 0.343378 0.399833 0.663691
2 0.978237 0.581845 0.0412946 0.127232
1 0.451032 0.383464 0.48856 0.737537
1 0.978795 0.581845 0.0401785 0.119792
2 0.975447 0.577753 0.0446429 0.176339
0 0.978237 0.581845 0.0412946 0.127232
1 0.975447 0.577753 0.0446429 0.176339
1 0.523019 0.603423 0.407087 0.769345
0 0.549526 0.65253 0.284877 0.654762
3 0.230818 0.570685 0.0422712 0.100446
2 0.451032 0.383464 0.48856 0.737537
1 0.334263 0.335938 0.592634 0.671875
3 0.370536 0.56622 0.0407366 0.11756
3 0.214774 0.576637 0.0330636 0.0892857
2 0.523019 0.603423 0.407087 0.769345
3 0.451032 0.383464 0.48856 0.737537
3 0.379185 0.540923 0.0530134 0.147321
0 0.63058 0.617374 0.429687 0.765253
0 0.429478 0.686756 0.433454 0.599702
3 0.523019 0.603423 0.407087 0.769345
3 0.232213 0.568452 0.0657087 0.178571
0 0.975447 0.577753 0.0446429 0.176339
3 0.371652 0.570312 0.0290179 0.0758929
3 0.379185 0.547247 0.0368304 0.100446
3 0.985491 0.592634 0.0290178 0.171131
3 0.223214 0.578125 0.0362723 0.0952381
3 0.214146 0.573289 0.0538504 0.139881
2 0.334263 0.335938 0.592634 0.671875
3 0.972656 0.561012 0.0390625 0.127976
3 0.228306 0.537946 0.0478516 0.153274
3 0.375558 0.594866 0.0357143 0.12128
3 0.37221 0.567336 0.0680804 0.267113
0 0.645089 0.338914 0.359375 0.642857
3 0.214007 0.538318 0.0401786 0.147321
3 0.374163 0.594866 0.0273438 0.0572917
