3 0.978795 0.577381 0.0379465 0.126488
1 0.210379 0.524647 0.111607 0.468564
0 0.407924 0.334077 0.332589 0.607143
0 0.339914 0.335379 0.497628 0.670759
0 0.208705 0.511719 0.106027 0.473586
2 0.208566 0.513951 0.104632 0.492932
0 0.442801 0.352307 0.172433 0.565476
1 0.442801 0.352307 0.172433 0.565476
1 0.41183 0.333333 0.34933 0.611607
2 0.979353 0.576637 0.0379464 0.126488
0 0.485073 0.333333 0.273158 0.61756
0 0.287458 0.381417 0.302316 0.671689
1 0.979353 0.576637 0.0379464 0.126488
0 0.499163 0.33138 0.453683 0.65718
0 0.979353 0.576637 0.0379464 0.126488
3 0.978237 0.583333 0.0435267 0.18378
0 0.314174 0.412202 0.210938 0.577381
1 0.20752 0.526042 0.0938895 0.303571
1 0.341867 0.334077 0.524972 0.668155
1 0.188616 0.549107 0.109375 0.438988
3 0.973772 0.557292 0.0379464 0.154018
3 0.208705 0.520833 0.102121 0.447917
2 0.977121 0.572173 0.0446428 0.194941
1 0.242746 0.521391 0.211496 0.492932
0 0.258371 0.487537 0.124442 0.513021
2 0.41183 0.333333 0.34933 0.611607
0 0.190848 0.497954 0.227679 0.518973
2 0.20752 0.526042 0.0938895 0.303571
0 0.419085 0.412202 0.143415 0.473958
0 0.277623 0.385417 0.163504 0.581845
0 0.385603 0.365699 0.193638 0.561012
1 0.977121 0.572173 0.0446428 0.194941
0 0.544643 0.334356 0.204241 0.576823
1 0.193429 0.53032 0.212472 0.481027
0 0.583147 0.353516 0.382812 0.657552
1 0.419085 0.412202 0.143415 0.473958
3 0.385324 0.33231 0.411272 0.637463
2 0.341867 0.334077 0.524972 0.668155
3 0.218401 0.481213 0.137974 0.540551
0 0.300502 0.473772 0.141741 0.478051
1 0.485073 0.333333 0.273158 0.61756
0 0.233538 0.35147 0.188058 0.582775
0 0.344866 0.4734 0.131138 0.434152
1 0.250279 0.521391 0.112723 0.492932
0 0.222028 0.402065 0.132952 0.572359
