3 0.540318 0.455357 0.0957031 0.215774
2 0.538644 0.455357 0.103516 0.226934
3 0.540876 0.451265 0.10798 0.342262
2 0.540876 0.451265 0.10798 0.342262
1 0.541295 0.452381 0.109375 0.300595
0 0.541295 0.452381 0.109375 0.300595
1 0.540039 0.455729 0.0973773 0.215774
0 0.540039 0.455729 0.0973773 0.215774
3 0.543527 0.484747 0.0758928 0.185268
3 0.544643 0.446429 0.0736607 0.151786
3 0.512695 0.442708 0.0717076 0.19122
3 0.53111 0.465402 0.0672433 0.150298
3 0.560268 0.468378 0.0669643 0.16369
3 0.530134 0.421131 0.0848215 0.232143
