3 0.444755 0.444941 0.0574777 0.106399
3 0.438337 0.456101 0.045759 0.110863
3 0.448661 0.452009 0.078683 0.204613
3 0.462891 0.456101 0.046875 0.0751488
3 0.466797 0.444941 0.0446429 0.0751488
3 0.462333 0.456473 0.0569196 0.129464
0 0.448661 0.452009 0.078683 0.204613
1 0.448661 0.452009 0.078683 0.204613
1 0.447266 0.445685 0.0625 0.114583
0 0.447266 0.445685 0.0625 0.114583
3 0.449637 0.458705 0.10519 0.238839
1 0.440569 0.456473 0.0485491 0.107143
0 0.440569 0.456473 0.0485491 0.107143
3 0.451172 0.412946 0.0491072 0.127232
0 0.449637 0.458705 0.10519 0.238839
0 0.462333 0.456473 0.0569196 0.129464
