0 0.94029 0.603144 0.111607 0.760975
0 0.932757 0.455729 0.134487 0.795387
0 0.950893 0.356399 0.0948661 0.635417
0 0.920201 0.353423 0.159598 0.638393
0 0.888951 0.399554 0.222098 0.772321
1 0.933036 0.604353 0.126116 0.749628
0 0.895647 0.605283 0.208705 0.749256
0 0.953125 0.656622 0.0859375 0.642113
0 0.965123 0.310268 0.0697544 0.620536
2 0.93192 0.60333 0.126116 0.750186
0 0.838728 0.451451 0.322545 0.77567
0 0.971261 0.379929 0.0574777 0.634487
0 0.838728 0.61449 0.302455 0.757627
1 0.930804 0.456101 0.138393 0.821429
0 0.921038 0.604353 0.157924 0.773438
3 0.939174 0.602679 0.113839 0.767857
0 0.955915 0.468936 0.0881696 0.669271
0 0.859933 0.349702 0.210938 0.563244
2 0.930804 0.456101 0.138393 0.821429
1 0.950893 0.356399 0.0948661 0.635417
