3 0.330078 0.46131 0.0959821 0.205357
2 0.498326 0.436756 0.120536 0.280506
3 0.497349 0.436012 0.111328 0.268601
2 0.32952 0.457589 0.0954241 0.209821
1 0.498326 0.436756 0.120536 0.280506
0 0.329799 0.469494 0.0993304 0.224702
1 0.329799 0.469494 0.0993304 0.224702
0 0.498326 0.436756 0.120536 0.280506
3 0.333705 0.457961 0.077567 0.155506
3 0.477121 0.433036 0.102679 0.249256
3 0.508371 0.48949 0.107143 0.381138
0 0.38923 0.662946 0.326451 0.657738
2 0.504604 0.48763 0.13923 0.425037
3 0.527902 0.46503 0.0591518 0.21131
0 0.492606 0.647972 0.220145 0.681734
2 0.476842 0.434524 0.121094 0.250744
3 0.481724 0.453497 0.0611049 0.138393
1 0.488281 0.62221 0.142857 0.59189
3 0.320312 0.445685 0.0714286 0.151786
3 0.337333 0.483259 0.0697545 0.142113
