3 0.980469 0.580357 0.0379464 0.123512
0 0.559152 0.596726 0.273438 0.785714
0 0.527483 0.474144 0.308873 0.780878
0 0.398856 0.347098 0.427734 0.635417
0 0.467634 0.396205 0.370536 0.673363
0 0.289481 0.338542 0.505859 0.677083
1 0.557478 0.597284 0.28125 0.784598
0 0.472238 0.487165 0.236328 0.614955
0 0.50279 0.61356 0.376116 0.676153
2 0.980469 0.579241 0.0368303 0.122768
1 0.980469 0.579241 0.0368303 0.122768
1 0.400391 0.345889 0.44029 0.641555
1 0.525112 0.475446 0.320312 0.77381
0 0.980469 0.579241 0.0368303 0.122768
0 0.600586 0.650298 0.20173 0.653274
1 0.467215 0.395926 0.375837 0.681362
2 0.557478 0.597284 0.28125 0.784598
0 0.567383 0.442615 0.226841 0.666853
3 0.979074 0.587054 0.0418527 0.180059
1 0.600586 0.650298 0.20173 0.653274
0 0.52846 0.656622 0.196429 0.637649
3 0.229911 0.569568 0.0396205 0.0989583
0 0.422712 0.408854 0.270647 0.501488
3 0.557478 0.597284 0.28125 0.784598
0 0.626116 0.612351 0.334821 0.775298
2 0.525112 0.475446 0.320312 0.77381
1 0.907924 0.344122 0.183036 0.635417
2 0.387486 0.345517 0.499581 0.663132
3 0.214495 0.574777 0.0308315 0.0900297
3 0.525112 0.475446 0.320312 0.77381
0 0.449777 0.46317 0.129464 0.509673
1 0.50279 0.61356 0.376116 0.676153
3 0.973772 0.556548 0.0379464 0.15625
3 0.231585 0.56622 0.061942 0.155506
3 0.387486 0.345517 0.499581 0.663132
3 0.986328 0.591518 0.0273438 0.180804
0 0.907924 0.344122 0.183036 0.635417
3 0.223703 0.577009 0.0341797 0.0967262
0 0.415458 0.475167 0.0881696 0.336868
2 0.467355 0.395926 0.395647 0.679874
2 0.979074 0.587054 0.0418527 0.180059
3 0.214216 0.571429 0.0498047 0.136161
0 0.41769 0.427827 0.120536 0.470238
1 0.415458 0.475167 0.0881696 0.336868
1 0.472238 0.487165 0.236328 0.614955
1 0.977958 0.576265 0.0440848 0.206101
3 0.467355 0.395926 0.395647 0.679874
3 0.22719 0.537202 0.0450614 0.150298
3 0.987723 0.593006 0.0245536 0.105655
1 0.289481 0.338542 0.505859 0.677083
