1 0.934152 0.460752 0.131696 0.533854
2 0.931362 0.430525 0.137277 0.470796
0 0.922433 0.610863 0.152902 0.739583
0 0.928013 0.466053 0.138393 0.554502
0 0.935826 0.662202 0.117188 0.616071
2 0.925223 0.519438 0.133929 0.69029
2 0.955915 0.426339 0.0825892 0.465774
1 0.922433 0.611049 0.140625 0.730283
1 0.90346 0.437965 0.158482 0.545201
3 0.931362 0.430525 0.137277 0.470796
1 0.955915 0.426339 0.0825892 0.465774
1 0.90346 0.523903 0.13058 0.609933
0 0.900391 0.420015 0.199219 0.518601
1 0.923549 0.434896 0.131696 0.299107
2 0.923549 0.434896 0.131696 0.299107
0 0.90346 0.523903 0.13058 0.609933
