2 0.564732 0.426711 0.126116 0.313244
3 0.244699 0.462054 0.0887277 0.205357
2 0.245815 0.460938 0.0926339 0.207589
1 0.564174 0.427083 0.127232 0.311756
1 0.245536 0.470238 0.0954241 0.244048
0 0.245536 0.470238 0.0954241 0.244048
0 0.564174 0.427083 0.127232 0.311756
3 0.564174 0.427083 0.127232 0.311756
3 0.250837 0.469866 0.0703125 0.151786
2 0.254185 0.463542 0.107701 0.346726
3 0.254185 0.463542 0.107701 0.346726
0 0.217076 0.651879 0.212612 0.693266
2 0.243862 0.456101 0.077567 0.153274
3 0.244141 0.422619 0.0719866 0.220982
2 0.542969 0.453125 0.09375 0.257441
2 0.544503 0.448289 0.11635 0.333333
