1 0.651228 0.551153 0.138393 0.354539
3 0.978795 0.577009 0.0368303 0.127232
0 0.391183 0.333333 0.361607 0.612351
0 0.324289 0.333333 0.545619 0.662202
2 0.652344 0.554129 0.136161 0.353051
1 0.395159 0.33231 0.379325 0.616629
2 0.979353 0.576637 0.0379464 0.126488
0 0.442662 0.353888 0.168248 0.563058
1 0.979353 0.577381 0.0357142 0.12128
1 0.442662 0.353888 0.168248 0.563058
0 0.979353 0.576637 0.0379464 0.126488
1 0.319266 0.335565 0.483119 0.671131
0 0.652344 0.552827 0.136161 0.358631
0 0.483817 0.338542 0.258929 0.613839
3 0.979074 0.584077 0.0418527 0.19122
1 0.636719 0.552827 0.207589 0.372024
3 0.652344 0.554129 0.136161 0.353051
2 0.391183 0.333333 0.361607 0.612351
0 0.489676 0.330357 0.439174 0.660714
3 0.373326 0.331938 0.428571 0.633743
2 0.324149 0.331101 0.554827 0.662202
3 0.212333 0.569941 0.0301339 0.0922619
3 0.97433 0.558408 0.0379464 0.154018
1 0.905692 0.347842 0.184152 0.631696
2 0.979074 0.584077 0.0418527 0.19122
3 0.228516 0.564732 0.0412946 0.104911
3 0.212751 0.532366 0.0354353 0.154018
0 0.419085 0.414714 0.134487 0.460751
1 0.977679 0.575149 0.0446428 0.147321
0 0.905692 0.347842 0.184152 0.631696
3 0.222447 0.532366 0.0445034 0.15625
1 0.419085 0.414714 0.134487 0.460751
0 0.334542 0.361607 0.252232 0.588542
3 0.230469 0.562872 0.0675223 0.197173
3 0.212123 0.566964 0.0478516 0.148066
