0 0.910714 0.344215 0.177455 0.680618
0 0.91183 0.601191 0.167411 0.775298
0 0.327079 0.332217 0.52553 0.662202
0 0.388672 0.334449 0.339844 0.62128
0 0.936384 0.648066 0.11942 0.662202
0 0.869699 0.609375 0.260603 0.772321
0 0.442522 0.35119 0.172991 0.585566
1 0.392229 0.333054 0.357282 0.625558
1 0.442522 0.35119 0.172991 0.585566
1 0.910714 0.344215 0.177455 0.680618
3 0.231236 0.576265 0.0425502 0.0982143
1 0.319615 0.335193 0.441127 0.670387
3 0.21589 0.582961 0.0302734 0.0818452
3 0.233538 0.573661 0.0580357 0.14881
3 0.217913 0.595982 0.03125 0.0602679
0 0.86942 0.451451 0.247768 0.793527
0 0.959263 0.655878 0.0736607 0.649554
2 0.392229 0.333054 0.357282 0.625558
1 0.910714 0.601191 0.169643 0.782738
3 0.229143 0.59375 0.0433873 0.0788691
3 0.222935 0.584449 0.0373884 0.0855655
2 0.910714 0.344215 0.177455 0.680618
3 0.215681 0.579613 0.0418527 0.109375
0 0.48284 0.342262 0.230748 0.615327
2 0.325614 0.331101 0.53404 0.662202
3 0.368931 0.332682 0.404994 0.642671
2 0.910714 0.601191 0.169643 0.782738
0 0.420201 0.411086 0.151786 0.488839
1 0.940848 0.660714 0.116071 0.678571
3 0.228446 0.539807 0.0509207 0.154762
3 0.910714 0.344215 0.177455 0.680618
3 0.215681 0.540551 0.0379464 0.15253
0 0.334263 0.361235 0.257813 0.59003
0 0.383929 0.361514 0.222098 0.568638
1 0.420201 0.411086 0.151786 0.488839
0 0.823103 0.669457 0.340402 0.661086
3 0.910714 0.601191 0.169643 0.782738
0 0.862165 0.345145 0.200893 0.648996
0 0.926897 0.483817 0.137277 0.666295
