3 0.434989 0.444568 0.0446429 0.104911
3 0.49149 0.473586 0.0371094 0.0855655
3 0.439732 0.46131 0.0558036 0.104911
3 0.483259 0.482143 0.0401785 0.0922619
3 0.486886 0.464286 0.0429688 0.0758929
3 0.447824 0.460938 0.0736608 0.173363
3 0.482422 0.481771 0.0518973 0.113839
3 0.500558 0.460938 0.0401786 0.0736607
1 0.436105 0.455357 0.0424108 0.101935
1 0.447824 0.460938 0.0736608 0.173363
0 0.438895 0.446429 0.0513393 0.104911
0 0.447824 0.460938 0.0736608 0.173363
3 0.49986 0.485119 0.0281808 0.0744048
1 0.49149 0.473214 0.0426898 0.0952381
0 0.49149 0.473214 0.0426898 0.0952381
3 0.45452 0.46503 0.104353 0.145089
3 0.462612 0.473214 0.0970982 0.213542
3 0.502093 0.461682 0.0571986 0.107887
0 0.434989 0.454985 0.0385045 0.0989583
