1 0.74442 0.547061 0.13058 0.569569
3 0.978795 0.579613 0.0379465 0.125
0 0.323451 0.330357 0.542829 0.660714
0 0.39202 0.332124 0.349888 0.608073
0 0.44322 0.353795 0.168248 0.561012
2 0.978795 0.579613 0.0390625 0.125
1 0.395926 0.331101 0.365513 0.611607
0 0.74442 0.546689 0.132812 0.56436
1 0.748326 0.548363 0.208705 0.575893
1 0.978795 0.578869 0.0390625 0.125
1 0.44322 0.353795 0.168248 0.561012
0 0.978795 0.578869 0.0390625 0.125
3 0.979074 0.584821 0.0418527 0.167411
1 0.32373 0.329985 0.552316 0.65997
2 0.74442 0.546689 0.132812 0.56436
0 0.485212 0.337798 0.261719 0.604911
0 0.768973 0.542876 0.233259 0.613653
2 0.976562 0.574405 0.0435267 0.181548
2 0.39202 0.332124 0.349888 0.608073
1 0.976562 0.574405 0.0435267 0.181548
0 0.494001 0.329985 0.458426 0.65997
3 0.74442 0.546689 0.132812 0.56436
2 0.32373 0.329985 0.552316 0.65997
0 0.72433 0.552362 0.214286 0.600632
3 0.37207 0.330636 0.418806 0.630394
0 0.41769 0.414062 0.144531 0.46131
1 0.751116 0.535342 0.107143 0.28497
0 0.410017 0.31436 0.211217 0.573661
3 0.973772 0.558036 0.0379464 0.155506
3 0.986328 0.590402 0.0273438 0.171875
3 0.211565 0.568824 0.0299944 0.0967262
0 0.976562 0.574405 0.0435267 0.181548
0 0.523438 0.733817 0.412946 0.478795
1 0.717076 0.591518 0.139509 0.586309
