0 0.826451 0.600446 0.331473 0.787202
0 0.854911 0.391927 0.27567 0.781622
0 0.31829 0.333333 0.554269 0.663691
0 0.388532 0.333798 0.3524 0.613653
1 0.392439 0.332589 0.371373 0.616816
0 0.442801 0.352028 0.170201 0.569754
1 0.853237 0.392113 0.283482 0.782738
1 0.442801 0.352028 0.170201 0.569754
1 0.830357 0.657552 0.337054 0.68192
1 0.308733 0.334821 0.489676 0.669643
2 0.853237 0.392113 0.283482 0.782738
2 0.830357 0.657552 0.337054 0.68192
3 0.233817 0.570685 0.0385045 0.0974703
2 0.388532 0.333798 0.3524 0.613653
0 0.486607 0.335938 0.260045 0.601191
3 0.830357 0.657552 0.337054 0.68192
3 0.853237 0.392113 0.283482 0.782738
2 0.308733 0.334821 0.489676 0.669643
0 0.840402 0.720238 0.283482 0.559524
3 0.368862 0.331938 0.417411 0.633743
3 0.2274 0.578497 0.0329241 0.0885417
3 0.235491 0.567708 0.0625 0.15997
0 0.42048 0.412295 0.144531 0.473028
3 0.214844 0.572917 0.0329241 0.0952381
0 0.334542 0.361235 0.248326 0.584821
0 0.798549 0.462798 0.301339 0.776786
0 0.224051 0.357515 0.440848 0.71503
1 0.42048 0.412295 0.144531 0.473028
