0 0.555804 0.681362 0.223214 0.613467
1 0.547433 0.678943 0.25558 0.601935
3 0.363281 0.520833 0.0357143 0.118304
3 0.369141 0.494048 0.0340402 0.0662203
0 0.517299 0.651786 0.200893 0.577381
3 0.36942 0.497396 0.0345982 0.125744
3 0.368583 0.524926 0.0407366 0.140625
3 0.359375 0.491443 0.0295759 0.0669643
0 0.598772 0.673363 0.141741 0.607143
2 0.54841 0.674851 0.229074 0.59375
3 0.363281 0.518601 0.0524554 0.236607
3 0.359933 0.49442 0.031808 0.112351
3 0.370815 0.497396 0.0558036 0.276042
3 0.371094 0.516741 0.0435268 0.0825893
1 0.527344 0.633557 0.186384 0.497768
3 0.547433 0.678943 0.25558 0.601935
1 0.364397 0.65997 0.094308 0.561012
2 0.485212 0.501116 0.0797991 0.200149
0 0.35519 0.643043 0.161272 0.669271
3 0.368862 0.556548 0.0440848 0.203869
1 0.495536 0.571429 0.138393 0.400298
2 0.524554 0.610863 0.212054 0.494048
1 0.49721 0.670201 0.200893 0.582217
3 0.515765 0.49814 0.093471 0.188244
1 0.49442 0.53497 0.111607 0.297619
2 0.49442 0.53497 0.111607 0.297619
1 0.35519 0.643043 0.161272 0.669271
3 0.485212 0.501116 0.0797991 0.200149
3 0.360212 0.563988 0.0446429 0.197917
