1 0.625 0.529018 0.113839 0.409226
3 0.978795 0.579985 0.0379465 0.127232
0 0.391113 0.332961 0.366211 0.616071
0 0.328544 0.331845 0.543806 0.663691
1 0.63058 0.584077 0.155134 0.522321
1 0.39495 0.331845 0.384208 0.620536
0 0.444336 0.353423 0.168248 0.565476
2 0.979353 0.579241 0.0390625 0.12872
2 0.632812 0.531064 0.127232 0.411086
1 0.979353 0.579241 0.0390625 0.12872
1 0.444336 0.353423 0.168248 0.565476
0 0.62221 0.532366 0.117188 0.426339
0 0.979353 0.579241 0.0390625 0.12872
3 0.977121 0.574405 0.0435267 0.186756
1 0.538086 0.44122 0.122489 0.4375
1 0.320173 0.333333 0.453404 0.666667
0 0.487444 0.357422 0.228237 0.581287
1 0.615513 0.488095 0.0948661 0.305804
2 0.977121 0.574405 0.0435267 0.186756
1 0.635603 0.520833 0.113839 0.299107
2 0.373396 0.331566 0.427316 0.634487
3 0.214774 0.532738 0.0364118 0.157738
0 0.484375 0.354911 0.335938 0.619792
1 0.593192 0.506138 0.135045 0.416295
1 0.977121 0.574405 0.0435267 0.186756
3 0.212751 0.574033 0.0287388 0.0944941
3 0.225725 0.567336 0.0401786 0.103423
3 0.62221 0.532366 0.117188 0.426339
1 0.468192 0.407738 0.129464 0.469494
3 0.373396 0.331566 0.427316 0.634487
0 0.63058 0.584077 0.155134 0.522321
3 0.986049 0.590774 0.0279017 0.169643
1 0.647879 0.635231 0.126116 0.485491
0 0.538086 0.44122 0.122489 0.4375
3 0.2274 0.56436 0.0597098 0.15625
0 0.468192 0.407738 0.129464 0.469494
1 0.613839 0.518229 0.209821 0.40997
2 0.63058 0.584077 0.155134 0.522321
3 0.21296 0.570312 0.0400391 0.125744
1 0.645647 0.561012 0.106027 0.278274
0 0.908482 0.348214 0.176339 0.632441
0 0.417411 0.411551 0.15067 0.47154
1 0.59375 0.424107 0.155134 0.4375
0 0.336984 0.362258 0.25014 0.579055
0 0.411133 0.314825 0.214565 0.572731
3 0.214774 0.53125 0.0514788 0.173363
3 0.973772 0.56064 0.0379464 0.129464
3 0.987165 0.592634 0.0256696 0.110119
