0 0.532924 0.663691 0.191964 0.550595
1 0.532366 0.663876 0.190848 0.556176
3 0.369141 0.502232 0.0357143 0.0721726
3 0.361049 0.519717 0.0373884 0.0803571
3 0.369141 0.524926 0.0379464 0.0922619
3 0.368862 0.524926 0.0513393 0.145089
3 0.37221 0.548363 0.0401786 0.137649
3 0.358259 0.498512 0.030692 0.0721726
2 0.532366 0.663876 0.190848 0.556176
3 0.373326 0.545387 0.0401786 0.0736607
3 0.37221 0.552455 0.0580357 0.249256
3 0.361328 0.549479 0.0362723 0.133185
3 0.532924 0.663691 0.191964 0.550595
3 0.385882 0.535342 0.046875 0.12128
3 0.388393 0.53125 0.0357143 0.0803571
0 0.541434 0.671131 0.159319 0.290179
1 0.541434 0.671131 0.159319 0.290179
3 0.390346 0.561012 0.03125 0.0610119
1 0.404576 0.683594 0.146205 0.537574
1 0.567522 0.688988 0.159598 0.532738
1 0.36356 0.522693 0.0329241 0.0833333
3 0.386998 0.564732 0.0507813 0.147321
0 0.567522 0.688988 0.159598 0.532738
3 0.385882 0.536458 0.0792411 0.194196
