3 0.978795 0.578125 0.0368303 0.127976
1 0.602679 0.55506 0.132812 0.410714
0 0.399554 0.335472 0.347098 0.601376
0 0.325405 0.335007 0.543387 0.670015
1 0.403041 0.334821 0.368025 0.607887
1 0.442941 0.357887 0.166574 0.56622
0 0.603237 0.555432 0.132812 0.405506
0 0.442941 0.357887 0.166574 0.56622
2 0.979353 0.577381 0.0379464 0.127976
1 0.979353 0.577381 0.0379464 0.127976
0 0.979353 0.577381 0.0379464 0.127976
2 0.603237 0.555432 0.132812 0.405506
3 0.978516 0.584077 0.0429688 0.184524
1 0.608259 0.556362 0.205357 0.417039
0 0.493164 0.324963 0.446708 0.649926
0 0.496373 0.35705 0.279576 0.599888
1 0.37486 0.328497 0.551618 0.656994
1 0.611049 0.565662 0.126116 0.297247
2 0.403041 0.334821 0.368025 0.607887
1 0.525112 0.458705 0.159598 0.487351
3 0.607701 0.559152 0.141741 0.393601
2 0.978516 0.584077 0.0429688 0.184524
1 0.421596 0.414062 0.126116 0.458333
3 0.973772 0.558036 0.0379464 0.156994
3 0.377372 0.333612 0.428292 0.636347
1 0.46596 0.412574 0.15067 0.494792
0 0.421596 0.414062 0.126116 0.458333
2 0.324707 0.333333 0.560407 0.666667
1 0.633371 0.572173 0.141741 0.389881
1 0.977121 0.573289 0.0446428 0.200893
0 0.525112 0.458705 0.159598 0.487351
0 0.46596 0.412574 0.15067 0.494792
0 0.574637 0.545573 0.214565 0.417783
1 0.467494 0.458054 0.118583 0.40532
3 0.211426 0.568824 0.0302734 0.0974703
3 0.229841 0.564732 0.03976 0.106399
0 0.330915 0.364955 0.232143 0.581845
0 0.383929 0.367094 0.186384 0.545573
