1 0.852121 0.550409 0.205357 0.690848
3 0.978795 0.578125 0.0368303 0.132441
0 0.858259 0.546317 0.212054 0.657366
0 0.390067 0.331752 0.360491 0.610305
0 0.331752 0.331659 0.538504 0.663318
0 0.871094 0.674851 0.210938 0.608631
1 0.871094 0.674851 0.210938 0.608631
1 0.978795 0.578125 0.0368303 0.137649
2 0.978795 0.578125 0.0368303 0.137649
1 0.393973 0.330357 0.373884 0.613839
0 0.44308 0.354167 0.171875 0.557292
0 0.484654 0.33417 0.257254 0.605469
1 0.44308 0.354167 0.171875 0.557292
0 0.979353 0.577753 0.0379464 0.131696
2 0.851562 0.553106 0.220982 0.676525
1 0.331403 0.330357 0.549247 0.660714
3 0.976283 0.588728 0.047433 0.274926
3 0.215402 0.530506 0.0357143 0.162946
3 0.851562 0.553106 0.220982 0.676525
0 0.49135 0.329799 0.443638 0.659598
2 0.373186 0.330822 0.421038 0.63151
0 0.883371 0.412946 0.19308 0.653274
3 0.226772 0.5625 0.0431082 0.113095
3 0.373186 0.330822 0.421038 0.63151
3 0.213797 0.569196 0.0294364 0.102679
1 0.941406 0.351935 0.117188 0.630952
0 0.976283 0.588728 0.047433 0.274926
1 0.978237 0.565476 0.0435267 0.241071
3 0.986328 0.59189 0.0273438 0.195685
0 0.894531 0.543341 0.159598 0.600818
0 0.920759 0.358352 0.147321 0.607701
3 0.228795 0.559896 0.0608259 0.166667
3 0.223703 0.528274 0.070452 0.206845
0 0.416295 0.412574 0.151786 0.462798
0 0.544085 0.333612 0.191964 0.569382
0 0.381138 0.360863 0.223214 0.557292
1 0.883371 0.412946 0.19308 0.653274
0 0.220145 0.521949 0.101004 0.314732
3 0.214286 0.565848 0.0396205 0.134673
1 0.90625 0.331752 0.180804 0.576079
