3 0.530553 0.476935 0.078404 0.175595
3 0.527762 0.476191 0.108538 0.241815
3 0.541853 0.463914 0.0546875 0.153274
3 0.511161 0.477679 0.077009 0.144345
2 0.524414 0.473586 0.119699 0.241815
0 0.519113 0.678944 0.134766 0.59747
3 0.523298 0.468006 0.119699 0.351191
3 0.52846 0.482143 0.0625 0.139137
1 0.526786 0.485863 0.108259 0.297619
3 0.541853 0.469494 0.0982143 0.313988
0 0.52553 0.490327 0.11635 0.27381
1 0.530273 0.476935 0.0800781 0.181548
2 0.530273 0.476935 0.0800781 0.181548
1 0.540737 0.462054 0.0591518 0.163691
1 0.519113 0.678944 0.134766 0.59747
3 0.506836 0.476562 0.0499442 0.112351
2 0.541853 0.469494 0.0982143 0.313988
0 0.530273 0.476935 0.0800781 0.181548
3 0.526786 0.458333 0.0546875 0.122024
3 0.518415 0.402158 0.0814732 0.243304
3 0.55692 0.472098 0.0446429 0.160714
3 0.508929 0.497768 0.103795 0.255952
3 0.504464 0.452753 0.0691964 0.155506
3 0.516741 0.407366 0.0558036 0.160714
2 0.540737 0.462054 0.0591518 0.163691
3 0.556362 0.471726 0.0647322 0.214286
0 0.540737 0.462054 0.0591518 0.163691
3 0.503906 0.447545 0.0870536 0.213542
3 0.518834 0.401042 0.0393415 0.0691964
3 0.540179 0.411458 0.0725447 0.230655
