2 0.208845 0.452381 0.0912388 0.206845
2 0.56808 0.430153 0.104911 0.319754
3 0.209891 0.452753 0.0885882 0.213542
1 0.567522 0.432385 0.102679 0.31529
0 0.567522 0.432385 0.102679 0.31529
3 0.566964 0.430711 0.104911 0.320127
0 0.209612 0.452381 0.0924944 0.208333
1 0.208636 0.452009 0.0927735 0.206101
2 0.216727 0.444196 0.069336 0.151786
2 0.548968 0.434524 0.121931 0.375
2 0.208217 0.461309 0.0746373 0.157738
2 0.593192 0.430804 0.0825893 0.34003
2 0.549107 0.43378 0.0993304 0.28869
3 0.216448 0.463914 0.0682199 0.155506
