3 0.978237 0.578125 0.0379464 0.126488
1 0.520089 0.575335 0.284598 0.72433
0 0.513393 0.557478 0.284598 0.638021
0 0.324707 0.335193 0.539202 0.670387
0 0.453962 0.384208 0.336496 0.682478
2 0.978795 0.577381 0.0390625 0.125744
0 0.479074 0.350818 0.219308 0.604911
2 0.512835 0.530134 0.285714 0.674851
1 0.978795 0.578125 0.0368303 0.119792
0 0.978795 0.577381 0.0390625 0.125744
3 0.978516 0.582961 0.0429688 0.173363
1 0.38344 0.348214 0.415039 0.640625
1 0.479213 0.670945 0.311663 0.559896
3 0.518834 0.574405 0.299386 0.681548
0 0.407645 0.428943 0.25279 0.502976
0 0.412946 0.37872 0.148438 0.534226
2 0.976562 0.573661 0.0446428 0.194196
1 0.479074 0.350818 0.219308 0.604911
3 0.973214 0.558408 0.0379464 0.155506
0 0.487723 0.673363 0.350446 0.574405
1 0.405971 0.481399 0.09375 0.380208
1 0.453962 0.383836 0.380022 0.689174
0 0.409877 0.435733 0.114397 0.44401
1 0.976562 0.573661 0.0446428 0.194196
1 0.404855 0.488839 0.0597098 0.255952
2 0.38344 0.348214 0.415039 0.640625
1 0.481864 0.472191 0.281808 0.688058
0 0.421038 0.502232 0.209263 0.41369
1 0.42341 0.504464 0.187779 0.43006
3 0.232422 0.561756 0.0418527 0.111607
3 0.324707 0.334077 0.553711 0.668155
0 0.385324 0.478423 0.101562 0.30878
0 0.449219 0.434617 0.179688 0.583147
1 0.458147 0.556455 0.167411 0.543341
