3 0.978795 0.577381 0.0379465 0.130952
1 0.335658 0.557478 0.15625 0.563616
0 0.408412 0.334728 0.463309 0.656436
0 0.410993 0.349051 0.313058 0.639695
0 0.338449 0.549758 0.163504 0.580543
1 0.358259 0.522321 0.241629 0.529762
0 0.415179 0.364211 0.19308 0.571429
0 0.392857 0.450986 0.180804 0.554874
0 0.358259 0.522321 0.241629 0.529762
1 0.364397 0.537481 0.152902 0.496466
2 0.978795 0.576637 0.0390625 0.131696
0 0.374442 0.376116 0.208147 0.570684
0 0.364397 0.537481 0.152902 0.496466
2 0.340402 0.522972 0.194196 0.519531
0 0.352609 0.390532 0.322684 0.626674
0 0.486049 0.332589 0.303571 0.616816
1 0.978795 0.576637 0.0390625 0.131696
0 0.284668 0.329613 0.412807 0.659226
1 0.392857 0.450986 0.180804 0.554874
0 0.417132 0.477772 0.133371 0.437314
3 0.978237 0.582961 0.0435267 0.172619
0 0.978795 0.576637 0.0390625 0.131696
1 0.415179 0.364211 0.19308 0.571429
1 0.428013 0.332961 0.33817 0.618304
0 0.307547 0.547061 0.249861 0.614211
1 0.416295 0.517485 0.121652 0.427827
0 0.439314 0.408575 0.161551 0.489397
0 0.466518 0.356771 0.172991 0.556548
2 0.976562 0.573661 0.0435267 0.19494
1 0.307547 0.547061 0.249861 0.614211
2 0.392857 0.450986 0.180804 0.554874
3 0.973772 0.558036 0.0379464 0.159226
3 0.3351 0.520461 0.180246 0.512649
1 0.466518 0.356771 0.172991 0.556548
1 0.389927 0.443359 0.280413 0.583519
0 0.269461 0.683408 0.288086 0.561756
1 0.976562 0.573661 0.0435267 0.19494
2 0.403948 0.331938 0.475586 0.657552
1 0.371931 0.530134 0.118304 0.270089
1 0.417969 0.516369 0.101562 0.247768
0 0.435826 0.480283 0.19308 0.389137
0 0.906808 0.348307 0.178571 0.626302
0 0.273717 0.381789 0.28125 0.647135
3 0.403948 0.331938 0.475586 0.657552
1 0.434849 0.48391 0.181641 0.39974
2 0.410993 0.349051 0.313058 0.639695
1 0.906808 0.348307 0.178571 0.626302
0 0.211496 0.53497 0.132254 0.443452
1 0.439314 0.408575 0.161551 0.489397
1 0.374442 0.376116 0.208147 0.570684
0 0.417969 0.516369 0.101562 0.247768
3 0.210868 0.571057 0.0576172 0.225446
0 0.210519 0.719494 0.385324 0.549107
0 0.4149 0.548921 0.118304 0.420015
1 0.328125 0.666295 0.251116 0.488839
0 0.269531 0.341425 0.207589 0.580543
0 0.213797 0.627232 0.234235 0.480655
3 0.211775 0.571801 0.0362723 0.113095
1 0.358677 0.327939 0.510324 0.655878
0 0.41769 0.437872 0.113839 0.289434
3 0.221819 0.572917 0.0641741 0.36756
0 0.575335 0.332217 0.467634 0.664435
