3 0.40346 0.517485 0.063058 0.177083
2 0.403739 0.542783 0.0758929 0.238839
3 0.403739 0.542783 0.0758929 0.238839
1 0.408761 0.690476 0.0965402 0.561012
0 0.410714 0.704613 0.117188 0.571429
1 0.403739 0.542783 0.0758929 0.238839
2 0.405413 0.657366 0.0892857 0.515625
0 0.405413 0.657366 0.0892857 0.515625
0 0.403739 0.542783 0.0758929 0.238839
2 0.403739 0.519345 0.0652902 0.18006
3 0.415737 0.522693 0.0831473 0.226935
1 0.403739 0.519345 0.0652902 0.18006
1 0.405971 0.615327 0.0714286 0.41369
3 0.405971 0.615327 0.0714286 0.41369
0 0.43192 0.699963 0.178571 0.594122
1 0.429129 0.705171 0.158482 0.565848
0 0.403739 0.519345 0.0652902 0.18006
2 0.405971 0.615327 0.0714286 0.41369
3 0.416295 0.517113 0.0535714 0.133929
3 0.405413 0.657366 0.0892857 0.515625
2 0.410714 0.704613 0.117188 0.571429
