1 0.42341 0.559245 0.175502 0.606213
3 0.978795 0.578125 0.0379465 0.12872
0 0.311733 0.337798 0.494838 0.675595
0 0.425084 0.552083 0.181083 0.607143
0 0.4375 0.400856 0.243304 0.606027
2 0.978795 0.578125 0.0390625 0.127232
1 0.978795 0.577381 0.0390625 0.12872
2 0.425223 0.552176 0.179687 0.623326
3 0.978516 0.583333 0.0429688 0.171131
0 0.436802 0.331101 0.45452 0.653274
0 0.978795 0.577381 0.0390625 0.12872
0 0.410017 0.351191 0.182199 0.563988
3 0.97433 0.556548 0.0379464 0.15997
0 0.469727 0.34747 0.196708 0.577381
1 0.312291 0.337984 0.512695 0.675967
0 0.441127 0.405785 0.161272 0.545573
2 0.976562 0.573661 0.0446428 0.195685
1 0.976562 0.573661 0.0446428 0.195685
1 0.394252 0.591332 0.141183 0.558408
3 0.425084 0.552083 0.181083 0.607143
0 0.263114 0.712798 0.401786 0.566964
0 0.471819 0.394438 0.145647 0.545945
1 0.459682 0.560919 0.129743 0.576079
1 0.880022 0.348121 0.212054 0.623698
0 0.332031 0.34189 0.236607 0.609375
3 0.229911 0.564732 0.0407366 0.107887
0 0.342006 0.519345 0.307059 0.651786
0 0.351842 0.529204 0.184152 0.617188
1 0.404576 0.664062 0.186942 0.476935
3 0.986049 0.591146 0.0279017 0.185268
2 0.312291 0.337984 0.512695 0.675967
3 0.212193 0.569569 0.0326451 0.0974703
1 0.406669 0.516183 0.242467 0.687872
0 0.511579 0.374163 0.351842 0.675781
0 0.976562 0.573661 0.0446428 0.195685
3 0.312291 0.337984 0.512695 0.675967
