3 0.565848 0.46317 0.100446 0.199405
2 0.564732 0.452381 0.104911 0.238095
3 0.526786 0.488467 0.0970982 0.130952
3 0.546875 0.467262 0.140625 0.275298
3 0.519392 0.487723 0.0583148 0.109375
1 0.557478 0.460566 0.13058 0.232143
1 0.577009 0.450149 0.0837054 0.218006
0 0.557478 0.460566 0.13058 0.232143
3 0.583705 0.446801 0.0602678 0.148065
3 0.559152 0.472098 0.0647322 0.142113
3 0.538086 0.488467 0.100167 0.190476
3 0.530134 0.458333 0.102679 0.190476
2 0.547991 0.46875 0.149554 0.270833
0 0.569754 0.457589 0.0881696 0.207589
1 0.527902 0.488095 0.109375 0.162946
2 0.576451 0.434524 0.101562 0.352679
3 0.593192 0.457961 0.0502232 0.186012
3 0.561942 0.412202 0.09375 0.295387
3 0.563616 0.447917 0.0636161 0.145833
3 0.578683 0.418527 0.0613839 0.217262
3 0.5113 0.509301 0.0756138 0.138393
0 0.527902 0.488095 0.109375 0.162946
3 0.511161 0.505952 0.116071 0.234375
2 0.560407 0.424851 0.150391 0.406994
0 0.564732 0.353051 0.11942 0.420387
0 0.575335 0.432292 0.114955 0.354911
3 0.563616 0.41769 0.0758928 0.227121
1 0.512695 0.458705 0.224609 0.408482
