1 0.762277 0.550037 0.0948661 0.343378
3 0.978795 0.577009 0.0379465 0.127976
0 0.392857 0.332496 0.353795 0.605841
0 0.330845 0.332961 0.53697 0.663691
2 0.761719 0.553571 0.0915178 0.369048
1 0.397182 0.331752 0.370815 0.608817
0 0.442383 0.353051 0.166574 0.55878
2 0.978795 0.576265 0.0390625 0.127232
1 0.442383 0.353051 0.166574 0.55878
0 0.484375 0.335566 0.267857 0.614583
1 0.978795 0.576265 0.0390625 0.127232
0 0.978795 0.576265 0.0390625 0.127232
0 0.762277 0.553943 0.0926339 0.363839
3 0.978516 0.583333 0.0429688 0.186012
1 0.375698 0.327102 0.538783 0.649368
0 0.495257 0.331008 0.453683 0.6609
1 0.770089 0.590588 0.133929 0.488467
2 0.397182 0.331752 0.370815 0.608817
2 0.977121 0.572917 0.0446428 0.194196
3 0.762277 0.548177 0.0904017 0.33817
3 0.374302 0.331473 0.421038 0.631696
3 0.230818 0.565848 0.0411551 0.107143
3 0.97433 0.558408 0.0379464 0.154018
2 0.330427 0.331473 0.5512 0.662946
3 0.213867 0.571057 0.0304129 0.09375
1 0.977121 0.572917 0.0446428 0.194196
2 0.773438 0.560082 0.0837053 0.289062
1 0.780134 0.590774 0.0825893 0.424107
0 0.418527 0.412295 0.135045 0.456659
1 0.418527 0.412295 0.135045 0.456659
0 0.3351 0.361607 0.253906 0.589286
0 0.770089 0.590588 0.133929 0.488467
3 0.232422 0.563244 0.0669643 0.202381
0 0.544782 0.334077 0.200614 0.577381
0 0.410296 0.313616 0.20173 0.563988
0 0.381975 0.363467 0.216518 0.555804
1 0.737723 0.548735 0.123884 0.426339
3 0.213449 0.56808 0.0496652 0.154018
3 0.225167 0.534226 0.0446429 0.154762
3 0.213309 0.534226 0.0337612 0.151042
3 0.224609 0.572917 0.0334821 0.0907738
3 0.1363 0.278646 0.0131138 0.0305059
