0 0.393973 0.333798 0.353795 0.606213
1 0.973772 0.55506 0.0524553 0.744048
0 0.332031 0.332961 0.532366 0.663691
0 0.972098 0.590402 0.0558036 0.728423
1 0.969308 0.651042 0.0569197 0.630952
1 0.97154 0.42885 0.0569196 0.655692
0 0.442243 0.354167 0.174665 0.563244
1 0.398298 0.332961 0.36635 0.608631
1 0.978516 0.411458 0.0429688 0.568452
1 0.958705 0.553943 0.0825892 0.74628
0 0.484654 0.336961 0.267299 0.616257
0 0.947824 0.613746 0.104353 0.732329
1 0.442243 0.354167 0.174665 0.563244
2 0.972098 0.590402 0.0558036 0.728423
0 0.97154 0.42885 0.0569196 0.655692
0 0.956752 0.506324 0.0864955 0.738839
1 0.324498 0.33817 0.47154 0.676339
0 0.494699 0.331473 0.451451 0.662946
1 0.979911 0.533761 0.0401786 0.608073
1 0.954799 0.424758 0.0904017 0.656436
0 0.967076 0.680246 0.061384 0.600819
2 0.978516 0.411458 0.0429688 0.568452
2 0.37486 0.332496 0.422154 0.634115
1 0.963449 0.359747 0.0731027 0.601191
1 0.912388 0.35426 0.151786 0.624814
1 0.942801 0.614025 0.114397 0.739211
0 0.418248 0.414807 0.147879 0.459077
0 0.977958 0.369327 0.0440848 0.548549
3 0.37486 0.332496 0.422154 0.634115
1 0.969029 0.542225 0.0619419 0.641741
3 0.229911 0.562872 0.0418527 0.107887
0 0.926339 0.661086 0.146205 0.634673
3 0.21303 0.56808 0.030971 0.0974703
3 0.972098 0.590402 0.0558036 0.728423
0 0.380859 0.361979 0.219866 0.555804
3 0.213797 0.532366 0.0344587 0.154762
0 0.9375 0.474609 0.122768 0.750186
2 0.947824 0.613746 0.104353 0.732329
1 0.974888 0.654018 0.046875 0.303571
0 0.544643 0.334449 0.202009 0.570684
3 0.231794 0.561384 0.0687779 0.203869
0 0.979911 0.533761 0.0401786 0.608073
1 0.983259 0.657366 0.0334821 0.579613
3 0.224888 0.531994 0.0452009 0.157738
1 0.9375 0.474609 0.122768 0.750186
1 0.945033 0.343006 0.109933 0.599702
1 0.418248 0.414807 0.147879 0.459077
