3 0.979353 0.578869 0.0390625 0.127976
0 0.848214 0.568359 0.18192 0.689174
0 0.396484 0.333705 0.353237 0.611607
0 0.321359 0.332217 0.544782 0.662202
1 0.848772 0.566313 0.177455 0.639695
0 0.442941 0.352679 0.169922 0.570684
2 0.979353 0.578125 0.0379464 0.131696
1 0.840402 0.593843 0.254464 0.737909
1 0.399763 0.332961 0.371233 0.615327
1 0.979353 0.578125 0.0379464 0.131696
0 0.486049 0.335565 0.274554 0.613839
1 0.442941 0.352679 0.169922 0.570684
0 0.876674 0.407645 0.195313 0.6609
0 0.979353 0.577753 0.0379464 0.126488
0 0.84654 0.459914 0.152902 0.553385
2 0.848214 0.568359 0.18192 0.689174
3 0.978516 0.577381 0.0429688 0.171131
1 0.322475 0.330729 0.558175 0.661458
0 0.817522 0.664621 0.271205 0.620164
0 0.497768 0.332217 0.448661 0.664435
2 0.978516 0.577381 0.0429688 0.171131
0 0.897321 0.537202 0.135045 0.541667
2 0.396484 0.333705 0.353237 0.611607
0 0.746652 0.683966 0.412946 0.587426
0 0.597656 0.798363 0.514509 0.377976
3 0.851004 0.555618 0.180804 0.638765
2 0.322475 0.330729 0.558175 0.661458
3 0.37486 0.33231 0.41769 0.63151
3 0.840402 0.593843 0.254464 0.737909
0 0.419085 0.410993 0.146763 0.472656
0 0.801339 0.558501 0.226563 0.583891
1 0.978516 0.577381 0.0429688 0.171131
0 0.545759 0.334914 0.202009 0.569754
0 0.871094 0.333426 0.257812 0.657552
3 0.211914 0.572917 0.0287388 0.0944941
0 0.411412 0.315569 0.214007 0.575707
1 0.874442 0.356864 0.199777 0.609189
0 0.586496 0.351562 0.40067 0.657738
3 0.229701 0.566964 0.038365 0.0982143
0 0.825893 0.507813 0.139509 0.585566
0 0.664481 0.744048 0.51702 0.494048
1 0.840402 0.683966 0.208705 0.593378
0 0.978516 0.577381 0.0429688 0.171131
