2 0.0758929 0.470238 0.109375 0.279762
0 0.0688477 0.653646 0.126814 0.668899
2 0.893415 0.463914 0.0848214 0.275298
3 0.894531 0.46317 0.0848214 0.270089
2 0.0677665 0.504371 0.110561 0.458519
1 0.0756138 0.482887 0.110212 0.327381
1 0.0693359 0.65253 0.121931 0.674107
0 0.0756138 0.482887 0.110212 0.327381
2 0.887835 0.457496 0.09375 0.443638
3 0.0760324 0.470982 0.110491 0.281994
1 0.893415 0.463914 0.0848214 0.275298
2 0.0693359 0.65253 0.121931 0.674107
1 0.0677665 0.504371 0.110561 0.458519
0 0.893415 0.456845 0.0926339 0.319196
0 0.0677665 0.504371 0.110561 0.458519
1 0.887835 0.459356 0.104911 0.401228
2 0.0856236 0.480655 0.0714983 0.150298
2 0.0597796 0.476562 0.0679408 0.14881
3 0.887835 0.457496 0.09375 0.443638
3 0.0688477 0.653646 0.126814 0.668899
