0 0.550223 0.599981 0.263393 0.725632
0 0.571987 0.657366 0.203125 0.612351
0 0.541295 0.425874 0.328125 0.698847
1 0.543387 0.661458 0.268136 0.644345
3 0.357143 0.518601 0.030692 0.0744047
3 0.35519 0.49814 0.0251116 0.0617559
3 0.362444 0.493304 0.0284598 0.0580357
3 0.363002 0.515625 0.0345982 0.0669643
0 0.512277 0.552083 0.361607 0.784226
1 0.545759 0.505022 0.297991 0.766741
3 0.361607 0.52381 0.0290179 0.104911
3 0.364955 0.495164 0.0284598 0.107887
2 0.545619 0.599888 0.271484 0.719866
1 0.569057 0.567894 0.216797 0.62314
3 0.359375 0.520833 0.0368304 0.146577
0 0.532924 0.331845 0.434152 0.644345
3 0.359096 0.553571 0.0290179 0.136905
3 0.545619 0.599888 0.271484 0.719866
0 0.559012 0.457031 0.225725 0.627604
0 0.555804 0.356771 0.198661 0.544643
3 0.361607 0.520833 0.0452009 0.272321
3 0.367746 0.562872 0.0329241 0.16369
1 0.359096 0.521949 0.0245536 0.0796131
0 0.490513 0.660342 0.212054 0.598958
1 0.559012 0.457031 0.225725 0.627604
3 0.356027 0.49814 0.0362723 0.155506
