1 0.697545 0.579148 0.177455 0.695871
3 0.979353 0.578497 0.0379464 0.127976
0 0.394531 0.331752 0.34933 0.610305
0 0.332241 0.332589 0.533064 0.663691
0 0.696429 0.582031 0.219866 0.737723
1 0.715402 0.601935 0.264509 0.752976
1 0.398158 0.330357 0.365513 0.613839
0 0.441685 0.352679 0.174665 0.564732
2 0.979353 0.577753 0.0379464 0.126488
0 0.727679 0.664807 0.334821 0.643601
1 0.979353 0.578497 0.0368304 0.120536
1 0.441685 0.352679 0.174665 0.564732
0 0.706473 0.549293 0.158482 0.633557
0 0.979353 0.577753 0.0379464 0.126488
1 0.332101 0.331101 0.545619 0.662202
3 0.979353 0.584821 0.0412946 0.182292
2 0.697545 0.579706 0.176339 0.687314
1 0.6875 0.665923 0.357143 0.630952
2 0.394531 0.331752 0.34933 0.610305
0 0.487165 0.341239 0.246652 0.58538
3 0.692522 0.585193 0.243304 0.74628
2 0.715402 0.601935 0.264509 0.752976
3 0.376256 0.330264 0.4149 0.631138
2 0.332101 0.331101 0.545619 0.662202
0 0.418806 0.411086 0.146763 0.46875
2 0.9774 0.575149 0.0452008 0.202381
3 0.973772 0.558036 0.0379464 0.157738
0 0.409738 0.315197 0.212891 0.573475
3 0.23298 0.566592 0.0429688 0.101935
0 0.485212 0.327381 0.428013 0.651786
3 0.213449 0.574405 0.030692 0.0922619
3 0.696987 0.555618 0.168527 0.632812
0 0.648298 0.617839 0.341797 0.691406
1 0.9774 0.575149 0.0452008 0.202381
1 0.418806 0.411086 0.146763 0.46875
1 0.907366 0.347749 0.176339 0.627418
0 0.336775 0.362351 0.241071 0.573661
