2 0.320592 0.454241 0.0842634 0.219494
3 0.59096 0.451265 0.0993303 0.167411
3 0.321708 0.448661 0.0820312 0.217262
2 0.320312 0.481027 0.0892857 0.333333
2 0.590402 0.452753 0.101562 0.174851
0 0.589844 0.452381 0.104911 0.190476
3 0.609375 0.444941 0.0625 0.137649
1 0.590402 0.452753 0.101562 0.174851
3 0.589286 0.485491 0.110491 0.326637
3 0.577567 0.444941 0.0714285 0.145089
0 0.595982 0.674479 0.15625 0.651042
0 0.321708 0.483259 0.0898438 0.307292
3 0.320312 0.481027 0.0892857 0.333333
0 0.589844 0.492188 0.111607 0.307292
1 0.320871 0.455357 0.0853795 0.220238
2 0.589844 0.492188 0.111607 0.307292
1 0.589844 0.492188 0.111607 0.307292
1 0.320312 0.481027 0.0892857 0.333333
0 0.323661 0.651786 0.157366 0.68006
2 0.316685 0.44122 0.0731027 0.159226
3 0.316685 0.44122 0.0731027 0.159226
0 0.320592 0.449405 0.0825893 0.215774
0 0.569754 0.694196 0.164062 0.577381
1 0.585379 0.672991 0.149554 0.636161
2 0.32952 0.462798 0.0641741 0.157738
