0 0.868862 0.585007 0.245536 0.770461
0 0.869978 0.4641 0.204241 0.652158
3 0.979911 0.577381 0.0390625 0.131696
0 0.395926 0.334728 0.348772 0.605841
0 0.320661 0.333054 0.533901 0.656808
3 0.978795 0.575893 0.0379465 0.214286
1 0.978795 0.575893 0.0379465 0.214286
1 0.868862 0.587054 0.248884 0.769345
1 0.980469 0.579613 0.0368303 0.126488
1 0.399275 0.333798 0.365513 0.609189
0 0.466797 0.331473 0.21596 0.609375
1 0.871652 0.440011 0.208705 0.695871
1 0.444475 0.351191 0.169085 0.565476
2 0.978795 0.575893 0.0379465 0.214286
2 0.978795 0.574777 0.0334822 0.138393
0 0.495536 0.335938 0.337054 0.622024
1 0.973214 0.589658 0.0535714 0.363839
1 0.314174 0.333426 0.464286 0.664993
0 0.978795 0.575893 0.0379465 0.214286
0 0.979911 0.577381 0.0390625 0.131696
0 0.973214 0.589658 0.0535714 0.363839
0 0.420619 0.331473 0.222377 0.595238
0 0.757254 0.674479 0.353795 0.625744
2 0.87221 0.509766 0.228795 0.742374
3 0.973214 0.589658 0.0535714 0.363839
3 0.87221 0.509766 0.228795 0.742374
2 0.395926 0.334728 0.348772 0.605841
3 0.973214 0.595238 0.0379464 0.186756
0 0.445312 0.402623 0.15067 0.490885
1 0.983538 0.695126 0.0329241 0.413318
2 0.872768 0.660714 0.248884 0.65625
2 0.32115 0.330357 0.547433 0.657738
3 0.372001 0.332217 0.411133 0.627976
3 0.230539 0.56622 0.0433873 0.107887
1 0.486468 0.334821 0.260324 0.611607
3 0.872768 0.660714 0.248884 0.65625
0 0.332589 0.36263 0.25279 0.579799
0 0.96875 0.544643 0.0513392 0.409226
0 0.543527 0.334821 0.207589 0.578125
3 0.97154 0.543899 0.0379464 0.213542
3 0.97433 0.595238 0.0379464 0.107143
3 0.231585 0.562872 0.0675223 0.18378
1 0.420201 0.411458 0.141741 0.470238
0 0.983538 0.695126 0.0329241 0.413318
3 0.2274 0.532738 0.0513393 0.174851
3 0.96875 0.544643 0.0513392 0.409226
3 0.98577 0.591146 0.0284598 0.192708
1 0.96875 0.544643 0.0513392 0.409226
