2 0.563058 0.43006 0.122768 0.311756
3 0.247489 0.461682 0.0887277 0.200149
2 0.247977 0.46317 0.0922154 0.206101
2 0.25279 0.465402 0.0915179 0.292411
1 0.5625 0.43006 0.122768 0.310268
1 0.248326 0.473214 0.0959821 0.247024
0 0.248326 0.473214 0.0959821 0.247024
3 0.25279 0.465402 0.0915179 0.292411
0 0.5625 0.43006 0.122768 0.310268
3 0.5625 0.428478 0.121652 0.314174
3 0.251953 0.468378 0.0731027 0.15253
0 0.225446 0.650112 0.208705 0.693824
2 0.245815 0.454613 0.077567 0.154018
2 0.542829 0.453497 0.0906808 0.259673
3 0.246373 0.423363 0.0764509 0.215774
2 0.541295 0.417039 0.120536 0.339286
