2 0.162667 0.457961 0.093471 0.249256
2 0.160017 0.475446 0.0993304 0.374256
3 0.161272 0.455357 0.0873326 0.241071
0 0.129011 0.660528 0.156041 0.646205
3 0.411551 0.438244 0.0345982 0.119792
1 0.160156 0.462426 0.0959822 0.264137
1 0.141148 0.65067 0.142927 0.676339
0 0.159738 0.476469 0.101283 0.340216
3 0.410435 0.476562 0.0390625 0.188988
3 0.160017 0.475446 0.0993304 0.374256
3 0.412109 0.440476 0.0485491 0.205357
3 0.402902 0.475818 0.0284598 0.15997
2 0.151786 0.533668 0.123047 0.459449
2 0.163365 0.46689 0.0694754 0.15253
0 0.162109 0.452009 0.0878906 0.233631
2 0.140346 0.651786 0.152902 0.686012
0 0.149972 0.676897 0.253627 0.646205
3 0.1476 0.438244 0.0574777 0.145833
3 0.163365 0.46689 0.0694754 0.15253
3 0.402902 0.476191 0.0452009 0.230655
2 0.1476 0.438244 0.0574777 0.145833
