3 0.978795 0.576265 0.0368303 0.129464
1 0.239049 0.523717 0.148019 0.498698
0 0.399275 0.333333 0.349888 0.612351
0 0.340472 0.33631 0.498744 0.672619
0 0.250279 0.501674 0.183036 0.532366
0 0.44308 0.3524 0.168527 0.566034
1 0.402344 0.331845 0.368304 0.619048
2 0.979353 0.575893 0.0379464 0.127976
2 0.238281 0.526321 0.148438 0.481585
1 0.44308 0.3524 0.168527 0.566034
1 0.979353 0.575893 0.0379464 0.127976
1 0.264509 0.485956 0.24721 0.563802
0 0.484375 0.334356 0.272321 0.621466
0 0.297433 0.426153 0.236607 0.570312
0 0.979353 0.575893 0.0379464 0.127976
0 0.288016 0.386719 0.33803 0.702753
3 0.978795 0.582217 0.0424107 0.186012
0 0.495117 0.331659 0.449498 0.663318
1 0.223284 0.587984 0.166155 0.475818
1 0.248605 0.525298 0.131696 0.28497
1 0.273717 0.496001 0.185268 0.432106
1 0.331124 0.353888 0.441546 0.704427
1 0.297433 0.426153 0.236607 0.570312
3 0.973772 0.557664 0.0379464 0.154018
2 0.399275 0.333333 0.349888 0.612351
0 0.286551 0.484468 0.157924 0.462612
0 0.226004 0.526693 0.123326 0.446615
2 0.977121 0.572173 0.0446428 0.200893
3 0.238281 0.526321 0.148438 0.481585
1 0.908482 0.35119 0.175223 0.623512
3 0.379046 0.332589 0.42048 0.636161
0 0.418248 0.411365 0.143415 0.471912
0 0.908482 0.35119 0.175223 0.623512
1 0.977121 0.572173 0.0446428 0.200893
2 0.340332 0.335565 0.525809 0.671131
0 0.236677 0.356027 0.196289 0.595238
0 0.411133 0.315476 0.2101 0.574405
1 0.418248 0.411365 0.143415 0.471912
0 0.545061 0.333984 0.197824 0.568638
1 0.222726 0.52753 0.105887 0.291667
0 0.382813 0.365327 0.200893 0.561012
