3 0.398717 0.463914 0.0535714 0.104911
1 0.0354353 0.507161 0.0697545 0.650856
3 0.400112 0.475446 0.0574777 0.162946
0 0.0323661 0.600446 0.0647321 0.720238
0 0.0332729 0.436198 0.0665458 0.582961
1 0.400112 0.475446 0.0574777 0.162946
0 0.400112 0.475446 0.0574777 0.162946
1 0.0294364 0.621094 0.0588728 0.653646
2 0.0323661 0.600446 0.0647321 0.720238
0 0.0431083 0.547991 0.078404 0.741816
1 0.398717 0.463542 0.0541295 0.106399
2 0.399833 0.468378 0.0541295 0.133184
0 0.399554 0.463542 0.0563616 0.105655
1 0.0292969 0.398158 0.0585938 0.49535
0 0.0574079 0.609189 0.114816 0.745908
1 0.0419224 0.600539 0.0821708 0.703683
2 0.0329939 0.461589 0.0645926 0.579799
3 0.413783 0.466518 0.0563616 0.137649
3 0.393415 0.480283 0.046875 0.120536
3 0.413783 0.466518 0.0496652 0.0989583
3 0.0340402 0.551897 0.0666853 0.741443
0 0.0285993 0.680804 0.0502232 0.601191
3 0.388951 0.469122 0.0652902 0.226934
0 0.0516183 0.421038 0.0892857 0.564174
3 0.405413 0.47061 0.0892857 0.200149
0 0.0248326 0.684524 0.0496652 0.590774
