2 0.0831822 0.477307 0.0981445 0.295387
2 0.0820313 0.531808 0.108817 0.460193
0 0.079834 0.654204 0.128278 0.679688
3 0.762277 0.450149 0.0680804 0.189732
1 0.0812988 0.654018 0.126465 0.683036
0 0.0821708 0.53497 0.109375 0.421131
1 0.0821708 0.53497 0.109375 0.421131
2 0.761161 0.446429 0.0758929 0.230655
3 0.0831822 0.477307 0.0981445 0.295387
2 0.0812988 0.654018 0.126465 0.683036
3 0.0820313 0.531808 0.108817 0.460193
0 0.761161 0.444568 0.0725446 0.209821
1 0.0831822 0.477307 0.0981445 0.295387
1 0.761161 0.446429 0.0758929 0.230655
0 0.0831822 0.477307 0.0981445 0.295387
3 0.761719 0.464658 0.0792411 0.293155
3 0.079834 0.654204 0.128278 0.679688
2 0.094901 0.510045 0.0836356 0.337798
0 0.113281 0.670015 0.226562 0.658482
3 0.773438 0.456845 0.0569196 0.168155
