3 0.580357 0.445312 0.0669643 0.168155
2 0.580915 0.444568 0.0714285 0.186756
3 0.574777 0.440848 0.0959822 0.195685
1 0.580915 0.443824 0.077009 0.186756
0 0.580915 0.443824 0.077009 0.186756
3 0.541853 0.4375 0.094866 0.173363
3 0.59375 0.453497 0.0546875 0.165179
3 0.56529 0.421131 0.0591518 0.164435
3 0.579799 0.424107 0.0535714 0.14881
2 0.564732 0.438988 0.109375 0.251488
3 0.564732 0.438988 0.109375 0.251488
3 0.536272 0.454985 0.11942 0.229911
3 0.586496 0.465402 0.0848214 0.309524
3 0.570871 0.418899 0.0513393 0.126488
