2 0.646763 0.430711 0.128348 0.387091
2 0.0642439 0.484375 0.124861 0.40625
2 0.0678362 0.475074 0.112653 0.28497
0 0.0736607 0.635603 0.142578 0.690104
1 0.0642439 0.484747 0.124861 0.377976
0 0.0638253 0.498326 0.126256 0.43192
1 0.650112 0.426711 0.117188 0.376488
0 0.645089 0.431548 0.128348 0.386905
2 0.660156 0.484003 0.0892857 0.329613
1 0.0633371 0.61356 0.117188 0.615141
3 0.0670689 0.477307 0.118094 0.355655
2 0.611607 0.423456 0.195312 0.417969
1 0.629464 0.418062 0.168527 0.404948
3 0.650112 0.430804 0.123884 0.358631
2 0.669085 0.467262 0.0703125 0.269345
0 0.0629534 0.471726 0.115723 0.28869
0 0.55692 0.462147 0.360491 0.617374
3 0.661272 0.485491 0.0814733 0.245536
1 0.0837054 0.634208 0.166853 0.697359
0 0.0998186 0.671689 0.199637 0.644717
1 0.55692 0.462147 0.360491 0.617374
0 0.606445 0.41369 0.264788 0.431548
2 0.670759 0.398066 0.108259 0.447917
1 0.606445 0.41369 0.264788 0.431548
2 0.571987 0.452567 0.305804 0.606771
1 0.670759 0.398066 0.108259 0.447917
0 0.570312 0.401786 0.277902 0.531994
2 0.0457938 0.47247 0.0802874 0.279762
1 0.0722307 0.490699 0.111119 0.270833
2 0.0837054 0.634208 0.166853 0.697359
2 0.645647 0.456101 0.106027 0.280506
1 0.660156 0.484003 0.0892857 0.329613
0 0.662946 0.466146 0.112723 0.369048
3 0.675223 0.490327 0.0580357 0.232887
0 0.65904 0.410342 0.235491 0.424851
