3 0.978795 0.577753 0.0368303 0.126488
0 0.398717 0.335286 0.338728 0.601749
0 0.142264 0.55199 0.164132 0.626674
0 0.321289 0.341518 0.431083 0.683036
1 0.145961 0.547061 0.158412 0.626116
0 0.158378 0.582682 0.242955 0.703683
1 0.159877 0.581473 0.243304 0.701637
1 0.403181 0.334914 0.353237 0.605469
0 0.445592 0.331101 0.194754 0.601934
2 0.144252 0.543806 0.143415 0.568638
1 0.444475 0.352307 0.166853 0.561012
2 0.979353 0.577009 0.0379464 0.126488
1 0.979353 0.577381 0.0368304 0.122024
0 0.979353 0.577009 0.0379464 0.126488
0 0.493025 0.336217 0.339844 0.623698
0 0.108119 0.533668 0.160435 0.563616
1 0.323172 0.34282 0.454102 0.68564
3 0.978516 0.584449 0.0429688 0.180804
0 0.180315 0.566034 0.15053 0.56436
1 0.135184 0.652716 0.191685 0.59933
0 0.19894 0.669643 0.352121 0.610119
2 0.403181 0.334914 0.353237 0.605469
1 0.108119 0.533668 0.160435 0.563616
0 0.444196 0.405041 0.15067 0.483073
1 0.180315 0.566034 0.15053 0.56436
3 0.136858 0.54176 0.160435 0.569755
0 0.135184 0.652716 0.191685 0.59933
3 0.37493 0.333054 0.409738 0.634487
1 0.190569 0.669643 0.314174 0.60119
0 0.245815 0.525391 0.347656 0.636719
2 0.169678 0.589472 0.27839 0.719866
2 0.978516 0.584449 0.0429688 0.180804
0 0.331194 0.363095 0.261161 0.59747
0 0.501116 0.334449 0.214286 0.601934
2 0.323172 0.34282 0.454102 0.68564
1 0.42048 0.414807 0.135603 0.459077
3 0.973772 0.559524 0.0379464 0.15253
0 0.22433 0.531715 0.219866 0.609189
3 0.169678 0.589472 0.27839 0.719866
0 0.322056 0.71875 0.500977 0.540179
0 0.545061 0.333705 0.195592 0.574405
0 0.38058 0.364211 0.215402 0.558036
1 0.977679 0.574033 0.0446428 0.195684
0 0.907366 0.344587 0.175223 0.629278
0 0.257812 0.424851 0.288504 0.672619
