1 0.756696 0.551711 0.0959821 0.37128
3 0.978795 0.579613 0.0390625 0.127976
0 0.396205 0.333798 0.353795 0.606213
0 0.318848 0.331659 0.54534 0.663318
2 0.755022 0.550595 0.0904018 0.363095
1 0.399554 0.332589 0.36942 0.608631
0 0.442941 0.355283 0.171038 0.560268
2 0.978795 0.578497 0.0401785 0.12872
1 0.978795 0.578497 0.0401785 0.12872
3 0.976562 0.574777 0.0435267 0.184524
1 0.442941 0.355283 0.171038 0.560268
0 0.978795 0.578497 0.0401785 0.12872
0 0.75558 0.551339 0.09375 0.372024
0 0.484096 0.336217 0.262835 0.610305
1 0.320173 0.330543 0.558315 0.661086
3 0.228516 0.574405 0.0396205 0.094494
3 0.755022 0.550595 0.0904018 0.363095
2 0.976562 0.574777 0.0435267 0.184524
1 0.976562 0.574777 0.0435267 0.184524
3 0.213518 0.579613 0.0288784 0.0840774
2 0.396205 0.333798 0.353795 0.606213
3 0.23019 0.571057 0.0591518 0.149554
0 0.489397 0.332589 0.4375 0.665179
0 0.417411 0.415272 0.146763 0.4641
3 0.213588 0.576265 0.0426897 0.122024
3 0.374581 0.332217 0.424944 0.631696
2 0.320173 0.330543 0.558315 0.661086
3 0.222447 0.581845 0.0339007 0.0930059
3 0.986049 0.590774 0.0279017 0.171875
0 0.409738 0.31436 0.19615 0.5625
0 0.976562 0.574777 0.0435267 0.184524
3 0.227121 0.53683 0.0479911 0.161458
1 0.417411 0.415272 0.146763 0.4641
3 0.213728 0.538691 0.0351562 0.149554
3 0.973772 0.561012 0.0379464 0.12872
3 0.215751 0.594866 0.0311105 0.061012
0 0.336217 0.360863 0.251674 0.578869
