3 0.978795 0.579241 0.0390625 0.130208
2 0.822545 0.540923 0.0904018 0.328869
1 0.824219 0.542783 0.0904018 0.329613
0 0.391113 0.333333 0.369559 0.616071
0 0.327497 0.331752 0.53697 0.6609
0 0.823661 0.537016 0.0926339 0.321801
0 0.443638 0.354632 0.169643 0.566034
1 0.394322 0.332217 0.385463 0.619048
2 0.978795 0.578869 0.0390625 0.127976
1 0.979353 0.578869 0.0390625 0.127976
0 0.484375 0.337054 0.267857 0.615327
3 0.977679 0.573661 0.0435268 0.192708
1 0.443638 0.354632 0.169643 0.566034
0 0.979353 0.578869 0.0390625 0.127976
3 0.824777 0.541853 0.09375 0.327009
1 0.317174 0.332403 0.448242 0.664807
0 0.492188 0.331659 0.44308 0.663318
3 0.228306 0.56436 0.0456194 0.113839
1 0.977679 0.573661 0.0435268 0.192708
2 0.373535 0.331752 0.430385 0.634115
3 0.225935 0.530506 0.055385 0.178571
3 0.229632 0.561756 0.0658482 0.170387
3 0.373535 0.331752 0.430385 0.634115
2 0.977679 0.573661 0.0435268 0.192708
3 0.21596 0.534226 0.0396205 0.15997
3 0.214844 0.571057 0.0340402 0.102679
0 0.876674 0.392113 0.191964 0.594494
3 0.986049 0.591146 0.0279017 0.168899
0 0.416853 0.413039 0.143973 0.4641
0 0.544085 0.334821 0.199777 0.571429
0 0.336426 0.361235 0.252372 0.581101
0 0.977679 0.573661 0.0435268 0.192708
0 0.221191 0.522321 0.117885 0.322917
3 0.215123 0.568452 0.0502232 0.145833
0 0.411272 0.315197 0.207589 0.56901
3 0.226284 0.528646 0.0797991 0.220982
2 0.796875 0.533296 0.0948661 0.379836
