1 0.863281 0.546689 0.165179 0.623884
3 0.979911 0.574777 0.0379464 0.130208
0 0.392997 0.33231 0.356864 0.609189
0 0.331962 0.331845 0.54255 0.662202
0 0.866071 0.548735 0.164062 0.619792
1 0.396484 0.331101 0.373326 0.613095
1 0.979353 0.574777 0.0368304 0.138393
2 0.979353 0.574777 0.0368304 0.138393
0 0.442801 0.353144 0.170201 0.563058
0 0.486328 0.334077 0.276228 0.611607
1 0.442801 0.353144 0.170201 0.563058
1 0.863839 0.667411 0.157366 0.443452
0 0.979911 0.574777 0.0379464 0.130208
1 0.331194 0.330357 0.553013 0.660714
2 0.862723 0.54734 0.166295 0.613653
0 0.497489 0.331473 0.457031 0.662946
3 0.863281 0.546968 0.164062 0.632255
2 0.392997 0.33231 0.356864 0.609189
3 0.973214 0.576637 0.0502233 0.248512
3 0.375 0.33045 0.420759 0.630766
2 0.331194 0.330357 0.553013 0.660714
3 0.231585 0.5625 0.0424107 0.109375
0 0.418248 0.413783 0.143415 0.462612
1 0.418248 0.413783 0.143415 0.462612
3 0.21317 0.567336 0.03125 0.100446
3 0.214216 0.530134 0.0352958 0.154018
3 0.226562 0.53125 0.0452009 0.156994
0 0.40918 0.31436 0.20731 0.564732
