2 0.665179 0.44122 0.106027 0.376488
2 0.0625 0.456101 0.121373 0.34747
1 0.0625 0.456101 0.121373 0.34747
0 0.07101 0.632441 0.140904 0.702381
1 0.0637556 0.499349 0.127511 0.542969
2 0.0637556 0.499349 0.127511 0.542969
1 0.665737 0.431548 0.103795 0.380208
0 0.0640346 0.500837 0.128069 0.49535
0 0.665737 0.431548 0.103795 0.380208
1 0.07101 0.632441 0.140904 0.702381
2 0.637835 0.466518 0.0747767 0.385417
3 0.665179 0.432943 0.102679 0.376674
2 0.663504 0.489211 0.0982143 0.259673
2 0.634487 0.473586 0.0636161 0.25744
3 0.0635114 0.468006 0.123535 0.399554
3 0.637835 0.466518 0.0747767 0.385417
0 0.0661272 0.450893 0.117188 0.34747
1 0.637835 0.466518 0.0747767 0.385417
3 0.634487 0.473586 0.0636161 0.25744
0 0.108259 0.635975 0.216518 0.728051
0 0.647321 0.417318 0.147321 0.461496
2 0.646763 0.416946 0.135045 0.475632
2 0.07101 0.632441 0.140904 0.702381
0 0.660714 0.603237 0.146205 0.543527
2 0.648438 0.435268 0.0814732 0.286458
3 0.613839 0.440197 0.110491 0.432106
0 0.637835 0.466518 0.0747767 0.385417
1 0.634487 0.473586 0.0636161 0.25744
2 0.686384 0.438151 0.141741 0.516555
