1 0.106027 0.55199 0.188616 0.625186
3 0.979911 0.577381 0.0379464 0.130208
0 0.393973 0.333984 0.357143 0.610305
0 0.336565 0.334821 0.52553 0.663691
1 0.397321 0.332961 0.376116 0.613839
0 0.104109 0.549665 0.185756 0.58817
0 0.44308 0.352586 0.167411 0.565662
2 0.979911 0.576637 0.0368303 0.127232
1 0.44308 0.352586 0.167411 0.565662
0 0.48577 0.33324 0.276228 0.616257
1 0.979911 0.576637 0.0368303 0.127232
2 0.108573 0.548549 0.186872 0.581473
1 0.135045 0.601749 0.270089 0.653646
0 0.979911 0.576637 0.0368303 0.127232
1 0.325195 0.339286 0.467913 0.678571
0 0.49707 0.331194 0.45452 0.662016
1 0.110107 0.660528 0.207241 0.518229
0 0.135045 0.601749 0.270089 0.653646
3 0.979074 0.584821 0.0418527 0.193452
2 0.393973 0.333984 0.357143 0.610305
3 0.107736 0.554036 0.204171 0.613653
3 0.97433 0.558036 0.0379464 0.154762
3 0.373186 0.332682 0.42327 0.633743
2 0.334891 0.332961 0.536691 0.665923
1 0.138463 0.562593 0.153878 0.541481
2 0.979074 0.584821 0.0418527 0.193452
0 0.419643 0.412667 0.135045 0.469308
0 0.545898 0.333333 0.209542 0.572173
0 0.309152 0.34003 0.268415 0.622024
1 0.90904 0.346819 0.174107 0.630766
0 0.578125 0.353516 0.38058 0.657552
1 0.419643 0.412667 0.135045 0.469308
0 0.254674 0.708147 0.366769 0.53311
0 0.410435 0.315476 0.205915 0.56622
0 0.141323 0.503441 0.228516 0.597284
3 0.986607 0.589658 0.0267857 0.195684
0 0.90904 0.346819 0.174107 0.630766
