1 0.0951451 0.55692 0.172991 0.570685
3 0.979353 0.575521 0.0379464 0.133185
0 0.401507 0.333984 0.336496 0.601376
0 0.32373 0.333798 0.541155 0.661272
1 0.405134 0.333333 0.357143 0.606399
0 0.444196 0.351656 0.166295 0.566034
2 0.979353 0.575149 0.0379464 0.131696
1 0.444196 0.351656 0.166295 0.566034
0 0.485073 0.333333 0.267578 0.618304
1 0.979353 0.575149 0.0379464 0.131696
0 0.095738 0.556455 0.173479 0.565662
2 0.095738 0.556455 0.173479 0.565662
0 0.979353 0.575149 0.0379464 0.131696
0 0.498605 0.331566 0.444755 0.659784
1 0.311663 0.338542 0.486049 0.677083
3 0.978516 0.580729 0.0429688 0.194196
3 0.974888 0.555804 0.0379465 0.15625
2 0.401507 0.333984 0.336496 0.601376
2 0.978516 0.580729 0.0429688 0.194196
1 0.0917969 0.6609 0.163783 0.407366
3 0.0982492 0.556548 0.175153 0.569941
2 0.322893 0.331473 0.55399 0.662946
3 0.376604 0.331938 0.413086 0.630766
0 0.420201 0.412481 0.135045 0.466704
1 0.123884 0.534691 0.247768 0.613653
0 0.545201 0.333705 0.206473 0.578869
0 0.582589 0.354539 0.382812 0.65997
1 0.420201 0.412481 0.135045 0.466704
1 0.098877 0.567708 0.158273 0.290179
1 0.0287388 0.563244 0.0510603 0.532738
0 0.412946 0.314825 0.206473 0.569754
1 0.908482 0.348586 0.172991 0.627232
1 0.485073 0.333333 0.267578 0.618304
0 0.908482 0.348586 0.172991 0.627232
1 0.9774 0.571429 0.0452008 0.206101
0 0.331683 0.363002 0.236189 0.580543
