3 0.344308 0.489583 0.030692 0.0758929
3 0.349888 0.507068 0.0379464 0.0885416
1 0.593192 0.700335 0.101562 0.178199
3 0.332868 0.511905 0.0245536 0.0840774
3 0.357143 0.490699 0.0357143 0.0677083
3 0.332868 0.483259 0.0206473 0.0691964
1 0.594866 0.706845 0.151786 0.309524
3 0.356027 0.514509 0.0452009 0.185268
3 0.349888 0.493676 0.0385045 0.153274
3 0.359933 0.514881 0.0418527 0.0811012
3 0.364676 0.491815 0.0385045 0.122768
1 0.354353 0.513021 0.03125 0.105655
1 0.347935 0.492932 0.0251116 0.0833333
3 0.36635 0.522321 0.0424107 0.135417
3 0.592076 0.691964 0.0825893 0.144345
3 0.347935 0.457217 0.0284598 0.12128
3 0.342076 0.458333 0.0262277 0.0595238
2 0.593192 0.700335 0.101562 0.178199
3 0.355469 0.550223 0.0357143 0.176339
3 0.587612 0.68378 0.0513393 0.125
1 0.608259 0.689174 0.101562 0.207961
0 0.538504 0.380115 0.382813 0.5984
3 0.606585 0.706845 0.104911 0.206845
1 0.356027 0.514509 0.0452009 0.185268
