1 0.848214 0.537574 0.112723 0.418899
3 0.978795 0.575893 0.0379465 0.13244
0 0.398996 0.333054 0.33817 0.601749
0 0.324358 0.332589 0.536551 0.663691
1 0.862723 0.514788 0.133929 0.526972
0 0.849888 0.539807 0.120536 0.417411
1 0.40332 0.332217 0.356306 0.604911
2 0.978795 0.575149 0.0390625 0.130208
0 0.443778 0.35119 0.167132 0.564732
1 0.443778 0.35119 0.167132 0.564732
1 0.979353 0.574405 0.0390625 0.129464
0 0.48577 0.334077 0.268415 0.61756
0 0.979353 0.574405 0.0390625 0.129464
2 0.84933 0.537202 0.120536 0.43006
1 0.324358 0.331287 0.549944 0.662574
0 0.501116 0.332124 0.449777 0.658668
3 0.977121 0.577753 0.0457589 0.19122
1 0.842076 0.524554 0.210938 0.473214
3 0.84933 0.539062 0.120536 0.435268
1 0.878906 0.503441 0.212054 0.524368
2 0.977121 0.577753 0.0457589 0.19122
2 0.398996 0.333054 0.33817 0.601749
0 0.907366 0.349981 0.16183 0.615513
1 0.830915 0.508557 0.120536 0.487351
2 0.324358 0.331287 0.549944 0.662574
3 0.375349 0.331752 0.412249 0.62965
3 0.231585 0.563616 0.0412946 0.107143
0 0.420201 0.412574 0.135603 0.462054
1 0.977679 0.564732 0.0446428 0.21131
0 0.878906 0.503441 0.212054 0.524368
0 0.842076 0.524554 0.210938 0.473214
0 0.412388 0.313988 0.204241 0.567708
1 0.420201 0.412574 0.135603 0.462054
3 0.213588 0.56808 0.030971 0.0982143
0 0.333426 0.362816 0.242746 0.579427
0 0.544643 0.334449 0.200893 0.574405
1 0.907366 0.349981 0.16183 0.615513
1 0.854911 0.558594 0.117188 0.292039
3 0.233189 0.560268 0.0687779 0.19494
