1 0.776786 0.570127 0.190848 0.678199
3 0.979911 0.577753 0.0379464 0.131696
0 0.398996 0.333054 0.339286 0.606213
0 0.327846 0.332217 0.538504 0.662202
0 0.779576 0.584914 0.206473 0.740885
0 0.443638 0.352307 0.165179 0.564732
1 0.403181 0.331845 0.358817 0.610119
2 0.979353 0.577381 0.0379464 0.129464
1 0.762277 0.666481 0.246652 0.61942
1 0.443638 0.352307 0.165179 0.564732
1 0.979911 0.577009 0.0379464 0.127976
0 0.979911 0.577009 0.0379464 0.127976
0 0.748326 0.667225 0.282366 0.611979
0 0.482701 0.333798 0.251116 0.60026
1 0.327985 0.330729 0.547154 0.661458
3 0.978795 0.582961 0.0424107 0.197173
2 0.766183 0.579148 0.228795 0.740513
0 0.744978 0.655134 0.1875 0.601935
2 0.398996 0.333054 0.339286 0.606213
3 0.766183 0.579148 0.228795 0.740513
0 0.491071 0.329613 0.449777 0.651786
2 0.978795 0.582961 0.0424107 0.197173
0 0.789063 0.68378 0.175223 0.595238
2 0.327985 0.330729 0.547154 0.661458
3 0.37772 0.331008 0.410854 0.62965
3 0.228795 0.563988 0.0401786 0.104911
0 0.420201 0.411737 0.132254 0.463728
3 0.97433 0.557292 0.0357142 0.165923
3 0.214565 0.531994 0.0329241 0.15253
0 0.818638 0.548549 0.189732 0.620164
0 0.410156 0.31436 0.210938 0.570685
3 0.2131 0.569196 0.0291574 0.0982143
1 0.881697 0.350818 0.190848 0.584821
3 0.230539 0.561756 0.0623605 0.178571
3 0.22433 0.531994 0.0446429 0.15997
0 0.334333 0.362072 0.242048 0.579427
1 0.420201 0.411737 0.132254 0.463728
1 0.977679 0.572917 0.0446428 0.202381
