2 0.929688 0.437035 0.109375 0.364025
0 0.374442 0.712054 0.181362 0.501488
1 0.929688 0.436849 0.109375 0.365885
0 0.364397 0.682292 0.238839 0.58631
0 0.925781 0.43378 0.111607 0.364583
1 0.359096 0.724702 0.232143 0.517857
3 0.929129 0.439732 0.110491 0.37128
0 0.378627 0.682664 0.142299 0.274554
0 0.407645 0.65625 0.181362 0.587798
0 0.398996 0.635231 0.128348 0.491443
1 0.37779 0.686384 0.166295 0.530506
2 0.907924 0.433408 0.111607 0.380208
0 0.349609 0.767113 0.21875 0.450893
0 0.273158 0.707775 0.37221 0.572545
2 0.951451 0.438988 0.079241 0.448661
0 0.430943 0.392392 0.268694 0.669085
