1 0.600446 0.554316 0.128348 0.34375
3 0.978795 0.576637 0.0379465 0.129464
0 0.398158 0.335286 0.365513 0.610677
0 0.33252 0.334077 0.53139 0.66369
1 0.401576 0.333705 0.383231 0.614583
2 0.978795 0.575149 0.0390625 0.130952
1 0.444057 0.356399 0.16769 0.560268
0 0.444057 0.356399 0.16769 0.560268
2 0.600446 0.554874 0.129464 0.34561
1 0.978795 0.575149 0.0390625 0.130952
0 0.978795 0.575149 0.0390625 0.130952
3 0.978516 0.582961 0.0429688 0.18378
0 0.484375 0.345982 0.27567 0.611607
1 0.322126 0.33631 0.471819 0.672619
0 0.59654 0.547805 0.123884 0.331473
1 0.606027 0.553571 0.209821 0.355655
1 0.506138 0.452288 0.148438 0.464472
2 0.978516 0.582961 0.0429688 0.18378
2 0.401576 0.333705 0.383231 0.614583
0 0.489676 0.331101 0.453683 0.662202
3 0.973772 0.558036 0.0390625 0.15253
3 0.380022 0.333054 0.428571 0.632999
3 0.600446 0.554874 0.129464 0.34561
1 0.46889 0.409691 0.142578 0.478237
0 0.905692 0.346075 0.18192 0.626302
2 0.322126 0.33631 0.471819 0.672619
1 0.905692 0.346075 0.18192 0.626302
1 0.977121 0.572917 0.0435267 0.194196
1 0.420759 0.413039 0.132813 0.462612
0 0.420759 0.413039 0.132813 0.462612
0 0.506138 0.452288 0.148438 0.464472
3 0.22998 0.565476 0.0411551 0.103423
0 0.46889 0.409691 0.142578 0.478237
0 0.334263 0.362723 0.249442 0.587798
3 0.212612 0.569941 0.030692 0.0922619
1 0.517857 0.448475 0.28683 0.486979
0 0.381138 0.362444 0.212054 0.559338
