0 0.583147 0.690476 0.262277 0.598214
1 0.582031 0.681548 0.267857 0.602679
3 0.369978 0.49256 0.0373884 0.0714286
3 0.36942 0.497768 0.0373884 0.120536
3 0.364397 0.524926 0.0401786 0.130208
3 0.370536 0.498512 0.0535714 0.272321
3 0.371931 0.532738 0.0440848 0.138393
1 0.366629 0.671131 0.0870536 0.540179
2 0.582031 0.681548 0.267857 0.602679
3 0.359933 0.486979 0.03125 0.0699405
0 0.53418 0.677269 0.184989 0.571057
3 0.370536 0.565476 0.0496652 0.214286
3 0.374163 0.522693 0.046875 0.0892857
3 0.370257 0.570871 0.0652902 0.370164
3 0.582031 0.681548 0.267857 0.602679
3 0.36077 0.491071 0.0340402 0.118304
1 0.374721 0.667411 0.119978 0.605655
3 0.389788 0.528646 0.0340402 0.0721726
0 0.374721 0.667411 0.119978 0.605655
3 0.385882 0.531994 0.0429688 0.130208
0 0.366629 0.671131 0.0870536 0.540179
1 0.370257 0.570871 0.0652902 0.370164
