2 0.896763 0.453776 0.120536 0.315662
0 0.367746 0.646577 0.104911 0.639881
1 0.367467 0.645833 0.101004 0.647321
3 0.371373 0.53311 0.0552455 0.18378
1 0.896763 0.458426 0.11942 0.298921
3 0.371931 0.534598 0.0675223 0.310268
3 0.356864 0.476562 0.0440848 0.0915179
3 0.365792 0.49628 0.0496652 0.133185
1 0.364397 0.626674 0.0770089 0.535342
3 0.361328 0.488095 0.0502232 0.208333
3 0.36942 0.578869 0.0736607 0.465774
3 0.896205 0.453869 0.121652 0.317708
3 0.368304 0.594401 0.0993304 0.586496
2 0.367467 0.645833 0.101004 0.647321
3 0.348772 0.456101 0.0334821 0.0610119
0 0.898438 0.452009 0.122768 0.319196
3 0.386161 0.529018 0.0507812 0.148065
3 0.374163 0.524182 0.0524554 0.0974702
1 0.371931 0.534598 0.0675223 0.310268
1 0.364118 0.571429 0.0546875 0.263393
3 0.3524 0.457961 0.03125 0.093006
0 0.36942 0.578869 0.0736607 0.465774
2 0.915737 0.46503 0.103795 0.279762
3 0.359654 0.454241 0.0424107 0.0625
3 0.389509 0.523438 0.0362723 0.0721726
3 0.364118 0.571429 0.0546875 0.263393
1 0.363839 0.523066 0.0496652 0.194196
3 0.358817 0.512277 0.0457589 0.113839
3 0.383371 0.523531 0.143973 0.513951
1 0.361328 0.488095 0.0502232 0.208333
3 0.387556 0.526786 0.078683 0.331845
0 0.386998 0.521949 0.15625 0.494792
0 0.371931 0.534598 0.0675223 0.310268
3 0.365513 0.456101 0.0452009 0.122024
1 0.383092 0.568266 0.0870536 0.458705
1 0.365792 0.49628 0.0496652 0.133185
3 0.383092 0.56064 0.0535714 0.21131
3 0.391183 0.502604 0.061942 0.145833
1 0.386998 0.521949 0.15625 0.494792
3 0.353237 0.457217 0.0479911 0.19494
0 0.361328 0.488095 0.0502232 0.208333
