0 0.325265 0.604911 0.389648 0.77381
3 0.978237 0.580729 0.0390625 0.127232
0 0.350307 0.389509 0.315011 0.755208
2 0.978795 0.579985 0.0401785 0.12872
3 0.976562 0.577009 0.0435267 0.179315
1 0.978795 0.579985 0.0390625 0.122024
1 0.314872 0.658854 0.419364 0.682292
0 0.978795 0.579985 0.0401785 0.12872
1 0.348982 0.343843 0.312081 0.687314
0 0.431641 0.337147 0.281808 0.605469
0 0.425433 0.327753 0.452706 0.645833
2 0.976562 0.577009 0.0435267 0.179315
1 0.976562 0.577009 0.0435267 0.179315
2 0.326102 0.60612 0.402483 0.760975
1 0.470285 0.366536 0.120815 0.518415
0 0.299107 0.460565 0.30692 0.796131
0 0.471122 0.331566 0.158203 0.56901
3 0.326102 0.60612 0.402483 0.760975
0 0.227051 0.620815 0.34947 0.679501
2 0.348982 0.343843 0.312081 0.687314
1 0.905134 0.34747 0.185268 0.630952
0 0.31529 0.652344 0.289621 0.659598
3 0.348982 0.343843 0.312081 0.687314
0 0.905134 0.34747 0.185268 0.630952
0 0.976562 0.577009 0.0435267 0.179315
3 0.98577 0.591146 0.0284598 0.175595
1 0.337612 0.545759 0.353795 0.804315
3 0.973772 0.561012 0.0368303 0.126488
