3 0.404297 0.515625 0.0664062 0.18006
2 0.404297 0.528646 0.0764509 0.21875
3 0.404018 0.545387 0.0770089 0.252976
1 0.406529 0.689546 0.0948661 0.552455
0 0.406529 0.704055 0.115513 0.565104
1 0.404297 0.528646 0.0764509 0.21875
0 0.404297 0.528646 0.0764509 0.21875
2 0.404855 0.660342 0.0976562 0.506696
0 0.405134 0.655506 0.0881696 0.511905
3 0.415458 0.514881 0.0563616 0.141369
3 0.405413 0.613467 0.0697545 0.401042
1 0.405413 0.613467 0.0697545 0.401042
3 0.416295 0.514509 0.125 0.28497
3 0.416295 0.49628 0.0825893 0.197917
1 0.401786 0.699591 0.146763 0.585938
3 0.405134 0.655506 0.0881696 0.511905
2 0.405413 0.503348 0.0714286 0.148065
0 0.42913 0.702381 0.176339 0.583333
2 0.416295 0.514509 0.125 0.28497
2 0.405413 0.613467 0.0697545 0.401042
