2 0.0645926 0.471726 0.122489 0.293899
2 0.646205 0.438244 0.151786 0.43378
0 0.0811942 0.650391 0.155692 0.68285
1 0.0664063 0.475446 0.128348 0.301339
1 0.652902 0.409226 0.13058 0.375
2 0.0708357 0.514137 0.132882 0.441964
1 0.0702427 0.64881 0.132952 0.672619
0 0.0661272 0.495908 0.129464 0.364583
0 0.643973 0.439825 0.159598 0.420945
1 0.633371 0.415644 0.189732 0.403832
3 0.0679408 0.473214 0.119978 0.297619
1 0.662946 0.495536 0.09375 0.364583
1 0.675223 0.49442 0.100446 0.50372
1 0.0708357 0.514137 0.132882 0.441964
2 0.658482 0.457217 0.108259 0.350446
2 0.66183 0.467634 0.0926339 0.259673
3 0.641741 0.421503 0.148438 0.377976
1 0.664062 0.495536 0.0803571 0.221726
3 0.664062 0.495536 0.0803571 0.221726
2 0.0803571 0.650484 0.143415 0.681176
1 0.614955 0.446057 0.256696 0.459077
0 0.557478 0.472098 0.375 0.618304
3 0.662946 0.495536 0.09375 0.364583
2 0.675223 0.49442 0.100446 0.50372
0 0.612584 0.413318 0.273717 0.429316
2 0.641183 0.396298 0.129464 0.296689
1 0.680246 0.500744 0.0669643 0.357143
1 0.675223 0.473214 0.0691965 0.255952
2 0.609933 0.396205 0.186384 0.392113
0 0.662946 0.495536 0.09375 0.364583
0 0.699777 0.621838 0.146205 0.646205
2 0.671875 0.401321 0.107143 0.429502
2 0.0876465 0.480655 0.0680106 0.144345
1 0.557478 0.472098 0.375 0.618304
2 0.569057 0.464472 0.308315 0.606771
3 0.675223 0.473214 0.0691965 0.255952
1 0.681362 0.500372 0.0546875 0.230655
3 0.681362 0.500372 0.0546875 0.230655
0 0.641741 0.628348 0.214286 0.631696
0 0.569196 0.401879 0.297991 0.498326
0 0.675223 0.49442 0.100446 0.50372
