2 0.669085 0.436756 0.136161 0.429316
1 0.0882743 0.481585 0.158831 0.495164
2 0.0868792 0.465774 0.158273 0.419643
0 0.666295 0.443824 0.136161 0.464286
0 0.0751953 0.61356 0.131138 0.670201
1 0.0842634 0.598214 0.155413 0.622024
1 0.670201 0.429222 0.13058 0.407924
0 0.0887626 0.481585 0.159528 0.453497
0 0.0926339 0.678757 0.185268 0.594866
3 0.669085 0.429316 0.13058 0.404762
0 0.667969 0.608352 0.157366 0.610677
0 0.534598 0.453683 0.401786 0.696801
1 0.0658482 0.566499 0.109096 0.548549
3 0.0890067 0.478051 0.164062 0.419643
0 0.65067 0.417783 0.189732 0.49628
2 0.0948661 0.470238 0.138951 0.299851
2 0.0842634 0.598214 0.155413 0.622024
1 0.086635 0.467262 0.150391 0.30506
0 0.0604771 0.681176 0.120954 0.612351
2 0.671875 0.428943 0.117188 0.308036
1 0.631696 0.449963 0.234375 0.522694
2 0.664062 0.490699 0.118304 0.266369
2 0.65067 0.417783 0.189732 0.49628
