1 0.68471 0.556176 0.146205 0.356399
3 0.979353 0.578125 0.0379464 0.129464
0 0.395089 0.333705 0.353795 0.611607
0 0.330566 0.334077 0.530831 0.66369
2 0.685826 0.556176 0.143973 0.351935
1 0.399135 0.332589 0.373605 0.615327
0 0.444336 0.351935 0.167132 0.56622
2 0.979353 0.577009 0.0379464 0.127976
1 0.444336 0.351935 0.167132 0.56622
1 0.979353 0.577009 0.0379464 0.127976
0 0.979353 0.577009 0.0379464 0.127976
0 0.483538 0.333333 0.256138 0.61756
1 0.319824 0.335938 0.475307 0.671875
3 0.979074 0.585194 0.0418527 0.186756
1 0.691406 0.579799 0.178571 0.462426
3 0.68471 0.556176 0.146205 0.356399
2 0.395089 0.333705 0.353795 0.611607
0 0.491071 0.330357 0.433036 0.660714
3 0.374581 0.33231 0.416016 0.632999
0 0.686384 0.556734 0.142857 0.352307
2 0.330636 0.332217 0.542969 0.664435
3 0.973772 0.558408 0.0379464 0.154762
3 0.229911 0.562128 0.0412946 0.106399
2 0.977679 0.574033 0.0446428 0.203125
3 0.212891 0.569569 0.030692 0.0930059
3 0.214216 0.533482 0.0352958 0.14881
0 0.42048 0.412109 0.140625 0.468936
2 0.691964 0.578497 0.180804 0.44122
0 0.332868 0.361979 0.248326 0.587798
3 0.225656 0.533482 0.0453404 0.154762
0 0.410575 0.31436 0.206752 0.566964
1 0.42048 0.412109 0.140625 0.468936
3 0.231585 0.560268 0.0680804 0.188988
1 0.977679 0.574033 0.0446428 0.203125
3 0.986607 0.59003 0.0267857 0.197173
