0 0.916295 0.593006 0.149554 0.77381
0 0.900112 0.448103 0.183036 0.81808
0 0.890625 0.344866 0.21875 0.689732
0 0.839286 0.381603 0.321429 0.760603
0 0.925502 0.392485 0.148995 0.78497
0 0.870536 0.603981 0.227679 0.765253
1 0.915179 0.59282 0.152902 0.77567
0 0.768694 0.378348 0.462612 0.664435
0 0.930246 0.686012 0.129464 0.614583
2 0.915179 0.59282 0.152902 0.77567
0 0.955915 0.338821 0.0881696 0.643787
3 0.915179 0.59282 0.152902 0.77567
0 0.849888 0.316127 0.264509 0.608817
1 0.900112 0.449219 0.185268 0.842634
