1 0.926897 0.53497 0.111607 0.318452
0 0.388323 0.332589 0.377372 0.616071
2 0.978795 0.577381 0.0357143 0.143601
2 0.952567 0.55692 0.0881697 0.25744
2 0.927455 0.535156 0.110491 0.316592
1 0.952567 0.55692 0.0881697 0.25744
2 0.984933 0.578497 0.0256697 0.151042
3 0.981027 0.580729 0.0334822 0.129464
1 0.391113 0.331194 0.392997 0.621838
0 0.44322 0.354167 0.169364 0.561012
0 0.484096 0.333705 0.269531 0.613839
1 0.981585 0.582217 0.03125 0.133929
2 0.969866 0.562872 0.0491072 0.223958
0 0.926897 0.53497 0.111607 0.318452
0 0.29841 0.339286 0.490234 0.678571
3 0.984933 0.578125 0.0267858 0.174107
1 0.44322 0.354167 0.169364 0.561012
1 0.984933 0.578125 0.0267858 0.174107
0 0.492188 0.330729 0.446429 0.661458
3 0.924107 0.537016 0.116072 0.324777
3 0.952567 0.55692 0.0881697 0.25744
2 0.373535 0.331008 0.434849 0.632627
3 0.227748 0.562872 0.0450614 0.112351
3 0.373535 0.331008 0.434849 0.632627
1 0.908482 0.532552 0.138393 0.393229
3 0.215402 0.532366 0.0351562 0.156994
3 0.213658 0.570312 0.0308315 0.0997024
0 0.952567 0.55692 0.0881697 0.25744
0 0.981585 0.582217 0.03125 0.133929
0 0.544503 0.333333 0.202288 0.570685
3 0.229911 0.56064 0.0675223 0.196429
0 0.915179 0.405878 0.132812 0.556548
0 0.984933 0.578125 0.0267858 0.174107
0 0.415737 0.411737 0.15067 0.463728
3 0.225167 0.530506 0.0507812 0.169643
0 0.380859 0.360119 0.224888 0.560268
0 0.578683 0.350446 0.367188 0.639881
1 0.896205 0.524554 0.207589 0.366071
2 0.987165 0.59375 0.0212054 0.107887
3 0.214007 0.566964 0.0457589 0.14881
3 0.987165 0.59375 0.0212054 0.107887
2 0.971261 0.548363 0.0574777 0.282738
