3 0.978795 0.577381 0.0379465 0.126488
1 0.160156 0.536086 0.174107 0.424851
0 0.400949 0.334914 0.334263 0.603981
0 0.322614 0.335565 0.548968 0.671131
1 0.404576 0.333705 0.350446 0.607143
0 0.442662 0.353144 0.17048 0.563058
1 0.175851 0.471819 0.240932 0.603981
0 0.178292 0.471633 0.249442 0.576079
2 0.154297 0.543899 0.165737 0.438988
1 0.442662 0.353144 0.17048 0.563058
2 0.978795 0.577009 0.0390625 0.126488
0 0.161133 0.535714 0.176618 0.418155
1 0.978795 0.577009 0.0390625 0.126488
1 0.158273 0.567336 0.146624 0.307292
1 0.135742 0.499535 0.1649 0.515811
0 0.484096 0.335565 0.257254 0.610119
0 0.978795 0.577009 0.0390625 0.126488
3 0.978237 0.583333 0.0435267 0.184524
0 0.245536 0.405413 0.415179 0.698103
2 0.175851 0.471819 0.240932 0.603981
1 0.311314 0.343378 0.499023 0.686756
0 0.133894 0.488932 0.176967 0.590588
0 0.496512 0.331101 0.446708 0.662202
2 0.404576 0.333705 0.350446 0.607143
2 0.976562 0.572917 0.0446428 0.196429
3 0.973772 0.557664 0.0379464 0.15253
3 0.161133 0.535714 0.176618 0.418155
1 0.976562 0.572917 0.0446428 0.196429
0 0.418527 0.412202 0.141741 0.46875
3 0.380371 0.33324 0.404436 0.631138
1 0.143834 0.585938 0.226842 0.430804
1 0.418527 0.412202 0.141741 0.46875
1 0.180943 0.601376 0.133092 0.264509
2 0.320312 0.335193 0.5625 0.670387
0 0.384766 0.363467 0.204241 0.5625
2 0.154855 0.547247 0.148438 0.298363
0 0.337891 0.364955 0.232143 0.586309
0 0.90625 0.344587 0.177455 0.626302
3 0.986607 0.59003 0.0267857 0.195685
1 0.876116 0.312128 0.227679 0.622024
