0 0.90067 0.598958 0.198661 0.778274
0 0.896763 0.345145 0.199777 0.680246
0 0.737723 0.381789 0.415179 0.718564
0 0.926339 0.651228 0.143973 0.652902
1 0.892857 0.344494 0.214286 0.6875
0 0.854353 0.534598 0.291295 0.80878
1 0.889509 0.600074 0.220982 0.781994
0 0.858259 0.664062 0.258929 0.671875
0 0.848214 0.387649 0.303571 0.775298
2 0.896763 0.345145 0.199777 0.680246
0 0.756696 0.623977 0.397321 0.723772
2 0.889509 0.600074 0.220982 0.781994
3 0.892857 0.344494 0.214286 0.6875
3 0.889509 0.600074 0.220982 0.781994
1 0.737723 0.381789 0.415179 0.718564
0 0.905692 0.722656 0.178571 0.554688
