3 0.979911 0.578497 0.0379464 0.130952
1 0.75 0.534133 0.170759 0.683222
0 0.74442 0.56808 0.198661 0.761161
0 0.400391 0.33324 0.336496 0.601377
0 0.322335 0.330729 0.531669 0.657738
1 0.741071 0.570685 0.242187 0.763393
1 0.403878 0.332589 0.352958 0.604911
0 0.779018 0.53683 0.220982 0.65997
0 0.443917 0.353051 0.165737 0.564732
1 0.757812 0.643973 0.15067 0.62128
1 0.443917 0.353051 0.165737 0.564732
2 0.979911 0.577381 0.0368303 0.12872
0 0.702009 0.596168 0.309152 0.771949
1 0.979911 0.577381 0.0368303 0.12872
0 0.979911 0.577381 0.0368303 0.12872
1 0.306641 0.330543 0.435826 0.661086
0 0.484794 0.335565 0.260324 0.613839
2 0.75 0.53311 0.169643 0.673363
0 0.757812 0.643973 0.15067 0.62128
1 0.708147 0.652158 0.195312 0.616816
0 0.737723 0.514137 0.151786 0.635417
2 0.400391 0.33324 0.336496 0.601377
2 0.741071 0.570685 0.242187 0.763393
0 0.708147 0.652158 0.195312 0.616816
3 0.974888 0.555432 0.0379465 0.168155
3 0.979911 0.583705 0.0401786 0.198661
1 0.714286 0.462333 0.18192 0.553013
3 0.741071 0.570685 0.242187 0.763393
3 0.75 0.53311 0.169643 0.673363
3 0.374581 0.33045 0.411551 0.630766
2 0.321987 0.328497 0.545759 0.656994
1 0.42048 0.412853 0.132254 0.468936
0 0.489955 0.331101 0.428571 0.662202
1 0.789621 0.518508 0.264509 0.702567
0 0.42048 0.412853 0.132254 0.468936
3 0.230469 0.571801 0.0390625 0.094494
3 0.211844 0.577381 0.0299944 0.0892857
0 0.409598 0.314267 0.212054 0.569382
0 0.333705 0.3617 0.241629 0.577195
1 0.464007 0.40625 0.128906 0.479911
0 0.606585 0.692708 0.446429 0.614583
2 0.979911 0.583705 0.0401786 0.198661
3 0.987165 0.59003 0.0256696 0.148065
3 0.231864 0.568452 0.061942 0.168155
