3 0.557478 0.453497 0.106027 0.193452
3 0.337612 0.475446 0.0602679 0.205357
2 0.336496 0.476935 0.0647321 0.228423
2 0.555246 0.454613 0.110491 0.204613
3 0.337612 0.471726 0.0758929 0.28125
2 0.340681 0.47247 0.0915179 0.270089
3 0.33817 0.493304 0.0530134 0.143601
0 0.555246 0.454613 0.110491 0.204613
1 0.555246 0.454613 0.110491 0.204613
1 0.3351 0.475446 0.0641741 0.259673
3 0.337054 0.454613 0.0530134 0.143601
0 0.3351 0.475446 0.0641741 0.259673
3 0.345982 0.496652 0.0502232 0.194196
2 0.337891 0.482143 0.0535714 0.148809
3 0.345145 0.445685 0.0541295 0.192708
3 0.348214 0.501488 0.0440848 0.123512
2 0.345145 0.501023 0.0881696 0.40718
3 0.345145 0.501023 0.0881696 0.40718
1 0.337891 0.487723 0.0563616 0.186756
3 0.550223 0.459077 0.079241 0.153274
0 0.376395 0.640997 0.174107 0.651042
0 0.318359 0.675967 0.106027 0.587054
3 0.572545 0.462054 0.0714286 0.150298
0 0.337891 0.487723 0.0563616 0.186756
3 0.53683 0.440848 0.0647322 0.145089
2 0.345424 0.497768 0.0602679 0.236607
3 0.566406 0.47247 0.136161 0.319941
