1 0.661272 0.463728 0.209821 0.760045
0 0.65904 0.586961 0.222098 0.738281
0 0.658482 0.429408 0.226562 0.702195
1 0.368862 0.633929 0.0970982 0.632441
0 0.36942 0.635417 0.105469 0.626488
1 0.659598 0.649182 0.214286 0.634673
3 0.364397 0.52753 0.0440848 0.142857
3 0.364955 0.526786 0.0569196 0.247024
3 0.365234 0.584914 0.0948661 0.556362
0 0.351562 0.694382 0.133371 0.578497
3 0.368304 0.573661 0.0658482 0.441964
3 0.368304 0.570312 0.0535714 0.239583
1 0.367467 0.61942 0.0708705 0.497768
3 0.368025 0.49814 0.0424107 0.0691964
0 0.635045 0.660528 0.196429 0.607515
3 0.360491 0.49442 0.0368304 0.0684524
3 0.367467 0.502232 0.0407366 0.144345
2 0.661272 0.464286 0.217634 0.752976
1 0.351562 0.694382 0.133371 0.578497
3 0.361049 0.49814 0.0362723 0.124256
2 0.368862 0.633929 0.0970982 0.632441
3 0.368583 0.525298 0.0507812 0.09375
3 0.658482 0.429408 0.226562 0.702195
1 0.364955 0.526786 0.0569196 0.247024
1 0.369141 0.535342 0.0613839 0.338542
0 0.547433 0.410435 0.399554 0.702939
1 0.368304 0.570312 0.0535714 0.239583
0 0.367467 0.61942 0.0708705 0.497768
3 0.658482 0.586682 0.219866 0.741816
1 0.364397 0.52753 0.0440848 0.142857
0 0.364955 0.526786 0.0569196 0.247024
0 0.369141 0.535342 0.0613839 0.338542
3 0.357143 0.644345 0.121652 0.632441
0 0.382812 0.522228 0.140067 0.564174
0 0.583287 0.623233 0.211775 0.682106
0 0.699777 0.608538 0.159598 0.648996
1 0.554827 0.417504 0.298828 0.664993
2 0.660156 0.660714 0.242188 0.610119
3 0.382812 0.522228 0.140067 0.564174
0 0.560686 0.461217 0.248047 0.698103
2 0.367467 0.61942 0.0708705 0.497768
2 0.368304 0.570312 0.0535714 0.239583
