3 0.978237 0.576637 0.0379464 0.129464
1 0.5 0.54641 0.262277 0.645275
0 0.318569 0.333891 0.53697 0.667783
0 0.50558 0.557478 0.265625 0.635045
0 0.454939 0.391927 0.315569 0.641741
2 0.978237 0.576637 0.0390625 0.127976
1 0.526925 0.670573 0.294364 0.575521
1 0.978795 0.575521 0.0390625 0.129464
1 0.312151 0.339286 0.483956 0.678571
1 0.390276 0.356492 0.396903 0.623326
0 0.978795 0.575521 0.0390625 0.129464
2 0.498326 0.547433 0.271205 0.646205
1 0.446987 0.396577 0.184152 0.570685
3 0.978516 0.582589 0.0429688 0.186012
0 0.526925 0.670573 0.294364 0.575521
0 0.446987 0.396577 0.184152 0.570685
1 0.415179 0.431641 0.148996 0.473028
3 0.498326 0.547433 0.271205 0.646205
0 0.415179 0.431641 0.148996 0.473028
1 0.454939 0.391927 0.315569 0.641741
2 0.978516 0.582589 0.0429688 0.186012
0 0.421596 0.332217 0.472656 0.643601
1 0.486328 0.454055 0.196987 0.550223
1 0.428153 0.509766 0.206194 0.458147
1 0.412388 0.525019 0.132813 0.44401
0 0.420619 0.439639 0.252511 0.512091
3 0.973772 0.558408 0.0379464 0.153274
2 0.312151 0.339286 0.483956 0.678571
0 0.413923 0.338449 0.206752 0.576079
0 0.266741 0.723214 0.444196 0.547619
3 0.31829 0.333333 0.550921 0.666667
0 0.461496 0.545201 0.216518 0.591146
1 0.976562 0.571801 0.0435267 0.194196
1 0.406808 0.488839 0.0848214 0.264137
2 0.390276 0.356492 0.396903 0.623326
1 0.455636 0.496466 0.199219 0.566592
0 0.486328 0.454055 0.196987 0.550223
1 0.420619 0.439639 0.252511 0.512091
0 0.907366 0.347005 0.177455 0.630394
3 0.230818 0.565848 0.0405971 0.10119
1 0.436942 0.508557 0.378348 0.533482
1 0.390067 0.479911 0.114955 0.350446
1 0.391183 0.490327 0.0736607 0.248512
3 0.213449 0.570312 0.03125 0.0944941
0 0.390067 0.479911 0.114955 0.350446
0 0.412388 0.525019 0.132813 0.44401
