0 0.816964 0.594494 0.296875 0.778274
0 0.822545 0.344959 0.284598 0.676153
0 0.783482 0.440662 0.351562 0.815104
1 0.823103 0.344215 0.291295 0.680618
1 0.814174 0.596912 0.314732 0.782366
0 0.692104 0.393787 0.385882 0.733259
0 0.861607 0.650298 0.21875 0.657738
2 0.823103 0.344215 0.291295 0.680618
0 0.619559 0.38151 0.405971 0.653646
2 0.814174 0.596912 0.314732 0.782366
3 0.823103 0.344215 0.291295 0.680618
3 0.814174 0.596912 0.314732 0.782366
1 0.861607 0.650298 0.21875 0.657738
1 0.781808 0.438244 0.361607 0.845238
