3 0.979353 0.577381 0.0368304 0.12872
1 0.36635 0.553943 0.188616 0.581101
0 0.402902 0.335566 0.466518 0.657738
0 0.410156 0.368583 0.301339 0.652716
1 0.405413 0.559245 0.15346 0.563058
0 0.382812 0.509022 0.205915 0.656064
0 0.439872 0.375837 0.174944 0.587612
0 0.443917 0.524647 0.164621 0.575707
2 0.979353 0.577009 0.0379464 0.127976
2 0.367188 0.549386 0.19029 0.591704
0 0.280552 0.328497 0.472377 0.656994
1 0.979353 0.577009 0.0379464 0.127976
1 0.395368 0.504278 0.258371 0.68192
0 0.405413 0.559245 0.15346 0.563058
0 0.416574 0.433222 0.162946 0.553199
1 0.433733 0.491908 0.181641 0.556362
0 0.979353 0.577009 0.0379464 0.127976
0 0.372768 0.341611 0.208705 0.583147
0 0.48298 0.349609 0.273996 0.626674
3 0.978795 0.585193 0.0424107 0.190476
3 0.376395 0.546596 0.227121 0.597284
2 0.405413 0.559245 0.15346 0.563058
1 0.39781 0.332682 0.499023 0.663504
0 0.351283 0.563988 0.228237 0.60119
0 0.46582 0.413318 0.127511 0.550595
1 0.439872 0.375837 0.174944 0.587612
3 0.973772 0.557664 0.0379464 0.155506
1 0.410156 0.368583 0.301339 0.652716
0 0.496094 0.337054 0.479911 0.674107
2 0.978795 0.585193 0.0424107 0.190476
1 0.332589 0.542504 0.142857 0.556362
2 0.395368 0.504278 0.258371 0.68192
1 0.411272 0.567894 0.121094 0.277902
1 0.977679 0.573661 0.0446428 0.204613
0 0.262277 0.53218 0.160714 0.510045
3 0.986328 0.590402 0.0273438 0.192708
3 0.405413 0.559245 0.15346 0.563058
2 0.410156 0.368583 0.301339 0.652716
1 0.407366 0.639509 0.108817 0.399554
2 0.39781 0.332682 0.499023 0.663504
1 0.412388 0.611049 0.100446 0.280878
0 0.271763 0.342262 0.190848 0.561012
3 0.209054 0.570685 0.055106 0.186756
3 0.224609 0.568452 0.0725446 0.321429
3 0.209821 0.573289 0.0385045 0.108631
