3 0.405134 0.464658 0.0513393 0.118304
1 0.0374581 0.505766 0.0746373 0.637277
0 0.0345285 0.604725 0.0690569 0.710193
1 0.0312849 0.623512 0.0625698 0.638393
1 0.405413 0.469494 0.0496652 0.125744
2 0.0345285 0.604725 0.0690569 0.710193
2 0.404297 0.464658 0.0491071 0.119048
0 0.405413 0.469494 0.0496652 0.125744
0 0.035226 0.436942 0.070452 0.563616
1 0.0306222 0.399089 0.0599888 0.483073
0 0.0302734 0.682292 0.0556641 0.596726
1 0.0445731 0.610212 0.0891462 0.727493
0 0.409877 0.688988 0.0920759 0.552083
3 0.0362026 0.551804 0.0715681 0.734189
1 0.409877 0.688988 0.0920759 0.552083
0 0.034389 0.341239 0.0650112 0.426153
2 0.0327846 0.477772 0.0650112 0.580171
3 0.404018 0.466146 0.0809152 0.148065
1 0.0498396 0.422712 0.0883789 0.544457
1 0.0311105 0.366071 0.0580357 0.28125
