0 0.702009 0.601562 0.28683 0.776042
0 0.691406 0.34189 0.280134 0.668155
0 0.611607 0.451079 0.382812 0.791295
0 0.71317 0.457031 0.261161 0.815104
1 0.707589 0.601377 0.264509 0.782366
0 0.561384 0.389788 0.327009 0.729353
1 0.71596 0.344866 0.231027 0.663691
2 0.707589 0.601377 0.264509 0.782366
0 0.653041 0.664062 0.354632 0.671875
3 0.707589 0.601377 0.264509 0.782366
2 0.69029 0.341518 0.291295 0.674851
1 0.685268 0.453683 0.319196 0.848586
1 0.611607 0.451079 0.382812 0.791295
3 0.69029 0.341518 0.291295 0.674851
1 0.640625 0.331845 0.402902 0.65997
