1 0.437779 0.542969 0.163504 0.634301
3 0.979911 0.578125 0.0379464 0.12872
0 0.321777 0.339472 0.508231 0.678943
0 0.438895 0.526879 0.166853 0.687314
0 0.387556 0.37965 0.301897 0.657366
2 0.979911 0.577381 0.0379464 0.126488
1 0.979911 0.578125 0.0357143 0.120536
0 0.419643 0.403181 0.145647 0.576079
2 0.433594 0.539342 0.160714 0.647507
0 0.436454 0.332589 0.450753 0.645833
0 0.979911 0.577381 0.0379464 0.126488
3 0.978795 0.585194 0.0424107 0.186012
0 0.399972 0.505487 0.252511 0.71224
3 0.432896 0.539528 0.160993 0.636719
1 0.31815 0.339658 0.532227 0.679316
1 0.389509 0.562314 0.101004 0.571801
3 0.973772 0.558036 0.0379464 0.155506
1 0.421875 0.643787 0.132812 0.513021
1 0.44029 0.408296 0.154018 0.573289
0 0.469308 0.35119 0.194196 0.589286
2 0.978795 0.585194 0.0424107 0.186012
0 0.267299 0.711868 0.421317 0.570312
0 0.336217 0.344494 0.241071 0.613095
3 0.23291 0.56436 0.039202 0.106399
0 0.87779 0.347842 0.219866 0.631696
3 0.986607 0.59003 0.0267857 0.195685
1 0.977679 0.574033 0.0446428 0.203125
0 0.512835 0.378069 0.350446 0.679874
