1 0.0920759 0.56157 0.133929 0.406622
3 0.979911 0.578869 0.0368303 0.127976
0 0.312221 0.338542 0.469308 0.677083
0 0.389788 0.334449 0.357701 0.612351
2 0.0892857 0.55785 0.129464 0.417039
0 0.442801 0.353795 0.171317 0.565476
1 0.394392 0.333333 0.374163 0.616816
0 0.0945522 0.561012 0.136789 0.416667
2 0.979911 0.578125 0.0368303 0.127232
1 0.442801 0.353795 0.171317 0.565476
1 0.979911 0.578869 0.0357143 0.12128
0 0.48298 0.336775 0.25279 0.609189
0 0.979911 0.578125 0.0368303 0.127232
1 0.314523 0.339844 0.504883 0.679688
1 0.110979 0.560268 0.206613 0.430059
0 0.138288 0.537946 0.242955 0.46875
1 0.145473 0.534505 0.221331 0.496466
3 0.979353 0.587054 0.0412946 0.190476
0 0.492746 0.331287 0.438616 0.662574
3 0.0892857 0.55785 0.129464 0.417039
2 0.389788 0.334449 0.357701 0.612351
2 0.314523 0.339844 0.504883 0.679688
3 0.371094 0.332496 0.424107 0.634115
0 0.419085 0.412946 0.148438 0.473214
3 0.973772 0.558408 0.0379464 0.156994
1 0.0819964 0.570871 0.108329 0.300223
3 0.986607 0.590774 0.0267857 0.191964
0 0.545759 0.334077 0.185268 0.564732
2 0.979353 0.587054 0.0412946 0.190476
1 0.419085 0.412946 0.148438 0.473214
0 0.185617 0.59282 0.330776 0.507813
0 0.410575 0.31436 0.216797 0.570685
