3 0.978795 0.581473 0.0379465 0.122768
1 0.417969 0.566964 0.216518 0.569941
0 0.405692 0.542504 0.287946 0.629278
0 0.37207 0.385417 0.416574 0.678571
0 0.325335 0.337054 0.560268 0.674107
1 0.412109 0.647321 0.181362 0.504464
2 0.979353 0.580357 0.0390625 0.123512
2 0.411412 0.541667 0.268694 0.636905
1 0.978795 0.581101 0.0379465 0.119048
0 0.392857 0.568824 0.205915 0.563244
0 0.979353 0.580357 0.0390625 0.123512
3 0.977121 0.577009 0.0435267 0.185268
0 0.276437 0.715774 0.454939 0.563988
0 0.41769 0.501953 0.207031 0.586868
1 0.398996 0.486328 0.302455 0.664249
0 0.350446 0.615234 0.382813 0.632626
0 0.410435 0.39881 0.176339 0.577381
1 0.386161 0.666295 0.273437 0.520089
0 0.433315 0.59375 0.201451 0.55506
3 0.405692 0.542504 0.287946 0.629278
2 0.977121 0.577009 0.0435267 0.185268
0 0.445592 0.35119 0.208147 0.599702
1 0.363491 0.385417 0.475028 0.712798
1 0.977121 0.577009 0.0435267 0.185268
1 0.465681 0.484468 0.155692 0.547433
0 0.384208 0.665551 0.281808 0.514137
0 0.282366 0.627418 0.392857 0.557664
0 0.495815 0.375744 0.277344 0.644345
0 0.465681 0.484468 0.155692 0.547433
3 0.986049 0.591518 0.0279017 0.180059
0 0.342913 0.480562 0.24721 0.59096
2 0.433315 0.59375 0.201451 0.55506
1 0.346889 0.62035 0.273856 0.601562
0 0.385324 0.656064 0.144531 0.491443
2 0.37207 0.385417 0.416574 0.678571
1 0.385045 0.491443 0.21875 0.595982
