2 0.94308 0.534226 0.104911 0.269345
3 0.940848 0.529762 0.101562 0.239583
2 0.941964 0.611607 0.112723 0.450893
1 0.941406 0.662202 0.110491 0.544643
2 0.955357 0.528274 0.0736607 0.245536
0 0.944754 0.700149 0.110491 0.571429
0 0.942522 0.535714 0.104911 0.265625
1 0.942522 0.535714 0.104911 0.265625
0 0.694754 0.733631 0.0747768 0.339286
2 0.962612 0.547805 0.0647321 0.328497
1 0.960379 0.707589 0.0736607 0.553571
0 0.697545 0.790923 0.0859375 0.352679
1 0.914621 0.698661 0.170759 0.587798
2 0.928572 0.510417 0.113839 0.223214
0 0.914621 0.698661 0.170759 0.587798
3 0.931362 0.545387 0.112723 0.316964
0 0.694196 0.729911 0.061384 0.245536
1 0.695871 0.763393 0.0770089 0.345238
0 0.930804 0.63151 0.138393 0.486979
0 0.698103 0.758371 0.106027 0.441592
0 0.960379 0.707589 0.0736607 0.553571
0 0.716518 0.745536 0.176339 0.464286
