3 0.978795 0.578497 0.0368303 0.12872
1 0.820871 0.568452 0.237723 0.678571
0 0.821429 0.554036 0.228795 0.622582
0 0.322614 0.332682 0.545619 0.65904
0 0.391462 0.332589 0.359933 0.611607
2 0.978795 0.577753 0.0379465 0.130208
0 0.442801 0.353051 0.171317 0.563244
1 0.395089 0.331101 0.375 0.615327
0 0.823103 0.665551 0.271205 0.560268
1 0.979353 0.578125 0.0379464 0.127232
0 0.485631 0.333333 0.273158 0.610119
1 0.442801 0.353051 0.171317 0.563244
0 0.979353 0.578125 0.0379464 0.127232
2 0.821429 0.55692 0.245536 0.625744
3 0.978237 0.575893 0.0435267 0.171875
1 0.323242 0.330078 0.554408 0.659784
0 0.498326 0.330822 0.460938 0.661272
0 0.840402 0.42699 0.236607 0.605841
3 0.821429 0.55692 0.245536 0.625744
0 0.873884 0.355376 0.215402 0.603237
2 0.373884 0.331008 0.420759 0.62965
3 0.212472 0.572917 0.030413 0.093006
3 0.373884 0.331008 0.420759 0.62965
1 0.873884 0.355376 0.215402 0.603237
3 0.228516 0.56622 0.0396205 0.102679
1 0.811942 0.684338 0.204241 0.542039
1 0.978237 0.572173 0.0435267 0.204613
3 0.974888 0.555432 0.0334822 0.177083
2 0.978237 0.572173 0.0435267 0.204613
3 0.986328 0.591518 0.0273438 0.182292
3 0.213937 0.533482 0.0352958 0.150298
0 0.417969 0.413039 0.147321 0.465588
0 0.409877 0.313988 0.212612 0.572173
1 0.840402 0.42699 0.236607 0.605841
3 0.23019 0.56436 0.0641741 0.178571
3 0.212123 0.569941 0.0489676 0.147321
