2 0.0929129 0.479074 0.119699 0.355841
2 0.620536 0.444568 0.0993304 0.446429
1 0.621094 0.432292 0.102679 0.373512
0 0.0847865 0.645089 0.149065 0.702381
0 0.0920759 0.521763 0.126674 0.408854
3 0.0964007 0.460938 0.101283 0.252232
1 0.0920759 0.521763 0.126674 0.408854
2 0.0964007 0.460938 0.101283 0.252232
2 0.604911 0.41183 0.102679 0.366071
3 0.0936105 0.49256 0.121373 0.340774
0 0.619978 0.445964 0.100446 0.422061
1 0.62779 0.490885 0.078125 0.446801
1 0.0849261 0.644624 0.143206 0.701823
2 0.619978 0.428943 0.092634 0.308036
1 0.0916574 0.458333 0.112723 0.254464
0 0.0916574 0.458333 0.112723 0.254464
3 0.619978 0.445964 0.100446 0.422061
2 0.626674 0.491071 0.0691964 0.252232
0 0.643415 0.616908 0.135045 0.653088
1 0.625 0.456101 0.0803571 0.284226
2 0.631696 0.460472 0.0714285 0.393043
0 0.586635 0.458891 0.202846 0.540551
0 0.120257 0.671131 0.240513 0.657738
3 0.62779 0.490885 0.078125 0.446801
1 0.636161 0.404669 0.0881696 0.440662
2 0.58817 0.456101 0.185268 0.550595
0 0.62779 0.490885 0.078125 0.446801
1 0.635603 0.514416 0.117188 0.536644
2 0.091762 0.644531 0.156878 0.696057
3 0.604911 0.41183 0.102679 0.366071
2 0.636161 0.404669 0.0881696 0.440662
3 0.626674 0.491071 0.0691964 0.252232
3 0.114258 0.467262 0.0588728 0.139881
0 0.604911 0.41183 0.102679 0.366071
2 0.0838797 0.556083 0.125767 0.560454
1 0.604353 0.404762 0.094866 0.293155
0 0.550223 0.470238 0.297991 0.59375
3 0.118025 0.442336 0.0560826 0.127976
