2 0.0916225 0.553571 0.115862 0.473214
0 0.0885882 0.652158 0.133929 0.682292
2 0.0909249 0.482887 0.106097 0.314732
1 0.0887277 0.651786 0.13058 0.684524
1 0.0919364 0.556734 0.116908 0.437128
3 0.638951 0.46131 0.0401786 0.114583
0 0.0919364 0.556734 0.116908 0.437128
3 0.643973 0.449033 0.0390625 0.127976
3 0.0957031 0.473214 0.0923549 0.270833
1 0.0909249 0.482887 0.106097 0.314732
3 0.0916225 0.553571 0.115862 0.473214
3 0.632254 0.459077 0.094866 0.247024
2 0.0906808 0.646391 0.138114 0.683408
0 0.0909249 0.482887 0.106097 0.314732
2 0.0994699 0.454613 0.0800781 0.247024
3 0.0885882 0.652158 0.133929 0.682292
0 0.111049 0.670015 0.222098 0.655506
