3 0.325614 0.449033 0.0703125 0.188988
3 0.548549 0.462798 0.0558036 0.140625
3 0.558036 0.46875 0.047991 0.134673
3 0.328125 0.46875 0.0915179 0.269345
2 0.325056 0.456845 0.0753348 0.212054
2 0.328125 0.46875 0.0915179 0.269345
1 0.550781 0.47247 0.0669643 0.164435
0 0.553013 0.468006 0.0625 0.160714
2 0.550781 0.47247 0.0669643 0.164435
3 0.324777 0.505952 0.0870536 0.412202
0 0.329241 0.469494 0.0993304 0.260417
3 0.331473 0.457217 0.0558036 0.15253
3 0.549665 0.468378 0.0848215 0.165923
1 0.329241 0.469494 0.0993304 0.260417
0 0.325056 0.456845 0.0753348 0.212054
1 0.325056 0.456845 0.0753348 0.212054
0 0.31529 0.662946 0.152902 0.642857
3 0.317522 0.456845 0.0541295 0.15253
0 0.355469 0.65625 0.215402 0.6875
2 0.324777 0.505952 0.0870536 0.412202
0 0.324777 0.505952 0.0870536 0.412202
1 0.55692 0.468378 0.0502232 0.127976
0 0.553571 0.47061 0.0859375 0.182292
1 0.324777 0.505952 0.0870536 0.412202
3 0.328125 0.485119 0.0591518 0.273065
3 0.566964 0.459449 0.0513393 0.120536
0 0.55692 0.468378 0.0502232 0.127976
2 0.55692 0.468378 0.0502232 0.127976
0 0.28404 0.672619 0.230469 0.639881
3 0.34654 0.463914 0.0558036 0.165179
