0 0.552455 0.75279 0.254464 0.378348
3 0.356585 0.519717 0.0273438 0.0677083
3 0.365513 0.516741 0.0323661 0.0639881
1 0.552455 0.75279 0.254464 0.378348
3 0.365234 0.495536 0.0279018 0.0602679
3 0.354353 0.495164 0.0239955 0.0617559
3 0.36942 0.495536 0.0295759 0.102679
0 0.570312 0.712054 0.195312 0.370536
3 0.354911 0.495164 0.0245536 0.0930059
3 0.368583 0.558036 0.03125 0.126488
3 0.357143 0.553199 0.0279018 0.122024
3 0.36635 0.550223 0.0340402 0.0706845
3 0.359375 0.521205 0.0379464 0.154018
3 0.366908 0.522321 0.0507813 0.217262
