3 0.163923 0.464658 0.046875 0.116815
3 0.622768 0.462054 0.046875 0.113095
3 0.163783 0.490699 0.0552455 0.21503
3 0.623884 0.469494 0.0658482 0.184524
1 0.623884 0.469494 0.0658482 0.184524
1 0.162946 0.475818 0.0555246 0.167411
0 0.623884 0.469494 0.0658482 0.184524
0 0.163783 0.490699 0.0552455 0.21503
1 0.620536 0.467262 0.0446429 0.103423
0 0.161691 0.666295 0.124163 0.625744
1 0.163644 0.46503 0.0479911 0.11756
2 0.163783 0.490699 0.0552455 0.21503
3 0.613281 0.456845 0.0368304 0.0915179
0 0.62221 0.462054 0.0491072 0.115327
3 0.636719 0.455357 0.0401786 0.093006
0 0.163644 0.46503 0.0479911 0.11756
3 0.162946 0.477679 0.0767299 0.175595
2 0.623884 0.469494 0.0658482 0.184524
2 0.163644 0.46503 0.0479911 0.11756
3 0.617188 0.478795 0.0502232 0.127976
0 0.179688 0.675409 0.191964 0.634301
2 0.62221 0.462054 0.0491072 0.115327
3 0.609375 0.487351 0.0345982 0.122768
0 0.631138 0.705357 0.118304 0.547619
0 0.164342 0.626302 0.0725446 0.550967
3 0.612723 0.455357 0.0524554 0.113839
3 0.156529 0.447917 0.0412946 0.0944941
3 0.16769 0.486979 0.0424107 0.146577
3 0.153181 0.496652 0.0435268 0.142113
3 0.628906 0.466518 0.0948661 0.209821
1 0.174735 0.65067 0.112584 0.634673
1 0.629464 0.465402 0.0446428 0.0997024
0 0.629464 0.465402 0.0446428 0.0997024
1 0.164342 0.626302 0.0725446 0.550967
