1 0.265904 0.550409 0.192522 0.598586
3 0.978795 0.576637 0.0368303 0.129464
0 0.418527 0.338263 0.297991 0.606213
0 0.398786 0.331752 0.455776 0.651972
0 0.325614 0.36542 0.328683 0.666481
0 0.443499 0.351656 0.174386 0.563058
0 0.267857 0.526972 0.193638 0.657366
1 0.443499 0.351656 0.174386 0.563058
2 0.978795 0.575521 0.0379465 0.130208
1 0.421038 0.336961 0.30971 0.608817
1 0.978795 0.575521 0.0379465 0.130208
0 0.486747 0.333333 0.267578 0.612351
0 0.292132 0.482608 0.266741 0.659784
2 0.265346 0.545759 0.19308 0.595982
0 0.978795 0.575521 0.0379465 0.130208
0 0.301339 0.343006 0.222098 0.591518
0 0.501116 0.331659 0.448661 0.663318
3 0.978795 0.581101 0.0424107 0.188988
1 0.390206 0.329613 0.496373 0.659226
0 0.383929 0.36942 0.175781 0.552083
3 0.97433 0.557664 0.0379464 0.158482
3 0.264509 0.563244 0.215402 0.622024
2 0.421038 0.336961 0.30971 0.608817
1 0.292132 0.482608 0.266741 0.659784
0 0.421317 0.416295 0.139509 0.465774
0 0.412807 0.31436 0.20452 0.568452
2 0.978795 0.581101 0.0424107 0.188988
1 0.42048 0.489862 0.169085 0.384859
0 0.233817 0.53032 0.178013 0.594122
3 0.401228 0.336961 0.361607 0.637091
1 0.422712 0.46689 0.114397 0.346726
2 0.390206 0.329613 0.496373 0.659226
1 0.977121 0.571429 0.0446428 0.208333
0 0.326451 0.530878 0.121652 0.521577
1 0.421317 0.416295 0.139509 0.465774
0 0.569057 0.35119 0.279297 0.618304
0 0.422712 0.46689 0.114397 0.346726
