1 0.586496 0.555246 0.168527 0.675223
3 0.978795 0.576637 0.0368303 0.130952
0 0.401786 0.336589 0.345982 0.605097
0 0.322056 0.334821 0.546736 0.669643
0 0.585938 0.557757 0.170759 0.676153
1 0.404576 0.335193 0.36942 0.614583
0 0.444475 0.357887 0.160156 0.573661
2 0.979353 0.575893 0.0379464 0.130208
1 0.979353 0.575893 0.0379464 0.130208
0 0.520229 0.376488 0.254185 0.604911
0 0.979353 0.575893 0.0379464 0.130208
1 0.444475 0.357887 0.160156 0.573661
3 0.978516 0.582589 0.0429688 0.197917
2 0.587612 0.557478 0.172991 0.68564
1 0.321847 0.333705 0.561663 0.667411
1 0.520229 0.376488 0.254185 0.604911
1 0.565848 0.674665 0.215402 0.528646
1 0.520647 0.537388 0.167411 0.594866
2 0.401786 0.336589 0.345982 0.605097
3 0.97433 0.557292 0.0379464 0.15997
2 0.978516 0.582589 0.0429688 0.197917
0 0.541713 0.500558 0.271484 0.653646
0 0.520647 0.537388 0.167411 0.594866
1 0.46875 0.49256 0.210938 0.46875
1 0.561384 0.449033 0.190848 0.539434
1 0.603237 0.640625 0.166295 0.528274
1 0.541713 0.500558 0.271484 0.653646
0 0.904018 0.346726 0.185268 0.631696
0 0.46875 0.49256 0.210938 0.46875
3 0.585938 0.557757 0.170759 0.676153
0 0.495815 0.339565 0.354353 0.593192
0 0.420201 0.414528 0.120536 0.462612
3 0.376256 0.3351 0.434989 0.637835
1 0.571987 0.692708 0.142857 0.544643
2 0.321847 0.333705 0.561663 0.667411
1 0.977121 0.572173 0.0446428 0.209077
3 0.232701 0.568452 0.0390625 0.0982143
3 0.213797 0.574033 0.0299944 0.0885417
1 0.904018 0.346726 0.185268 0.631696
1 0.420201 0.414528 0.120536 0.462612
1 0.470564 0.522321 0.149275 0.508929
0 0.429688 0.397321 0.220982 0.489583
0 0.411551 0.315104 0.186942 0.561012
