1 0.0488281 0.567615 0.0951451 0.681734
3 0.978795 0.580357 0.0379465 0.123512
0 0.387486 0.332496 0.369001 0.608817
0 0.328195 0.331845 0.548968 0.65997
0 0.0526646 0.570592 0.100586 0.727865
1 0.0675572 0.597563 0.133859 0.755766
1 0.391113 0.331101 0.382952 0.613095
0 0.442104 0.355004 0.171596 0.556362
2 0.979353 0.579613 0.0390625 0.123512
0 0.0696498 0.6516 0.122977 0.637277
1 0.979353 0.579613 0.0390625 0.123512
2 0.0475028 0.535528 0.0919364 0.616443
3 0.978516 0.587054 0.0429688 0.162202
0 0.484375 0.336961 0.262277 0.608817
0 0.979353 0.579613 0.0390625 0.123512
1 0.442104 0.355004 0.171596 0.556362
1 0.314593 0.332031 0.462333 0.664062
0 0.190848 0.534877 0.15904 0.460007
1 0.03976 0.649554 0.0697545 0.616071
0 0.175153 0.615327 0.231166 0.547619
0 0.492188 0.331101 0.446429 0.662202
0 0.178571 0.628348 0.354353 0.591518
2 0.371094 0.331008 0.433036 0.631138
0 0.113351 0.599051 0.219727 0.749814
3 0.0499442 0.567894 0.0954241 0.667783
1 0.977121 0.576265 0.0446428 0.189732
3 0.371094 0.331008 0.433036 0.631138
2 0.977121 0.576265 0.0446428 0.189732
3 0.228795 0.563244 0.0429688 0.110863
0 0.416295 0.414062 0.15067 0.457589
3 0.986049 0.591146 0.0279017 0.173363
0 0.03976 0.649554 0.0697545 0.616071
3 0.973772 0.558408 0.0379464 0.15253
1 0.907366 0.348865 0.177455 0.62965
0 0.181362 0.531157 0.325893 0.510603
0 0.546875 0.334077 0.191964 0.564732
3 0.229701 0.561012 0.070731 0.182292
0 0.33817 0.362351 0.251116 0.569941
3 0.226562 0.529018 0.0513393 0.171875
2 0.0675572 0.597563 0.133859 0.755766
