3 0.316964 0.455357 0.0703125 0.18378
2 0.317522 0.459077 0.077567 0.200893
3 0.52846 0.453869 0.0513392 0.132441
3 0.526646 0.467262 0.0806362 0.204613
3 0.316406 0.470982 0.0797991 0.27753
3 0.326451 0.460938 0.0585938 0.149554
1 0.526646 0.467262 0.0806362 0.204613
0 0.526646 0.467262 0.0806362 0.204613
0 0.317522 0.459821 0.0820312 0.203125
3 0.330357 0.471726 0.124442 0.251488
1 0.529576 0.454241 0.0513393 0.127232
1 0.317522 0.459821 0.0820312 0.203125
0 0.529576 0.454241 0.0513393 0.127232
3 0.30106 0.460938 0.0479911 0.145089
3 0.31529 0.480283 0.0563616 0.207589
2 0.32952 0.470982 0.133371 0.238839
3 0.522461 0.463914 0.11356 0.234375
3 0.345145 0.468378 0.0524554 0.119792
3 0.345703 0.467262 0.0329241 0.104167
0 0.40053 0.665551 0.332868 0.668899
3 0.513393 0.461682 0.0524553 0.118304
0 0.32952 0.470982 0.133371 0.238839
3 0.52567 0.49256 0.0658482 0.316964
3 0.346819 0.469122 0.0731027 0.182292
0 0.289062 0.657924 0.203683 0.684152
0 0.522461 0.463914 0.11356 0.234375
3 0.332868 0.483259 0.0429688 0.109375
3 0.511719 0.441592 0.0457589 0.110119
2 0.313616 0.457961 0.0636161 0.155506
2 0.326451 0.460938 0.0585938 0.149554
2 0.529576 0.454241 0.0513393 0.127232
2 0.526646 0.467262 0.0806362 0.204613
