0 0.419085 0.611328 0.301339 0.747582
0 0.406878 0.341239 0.425084 0.661272
0 0.44043 0.452381 0.427176 0.824405
1 0.416853 0.611979 0.305804 0.741816
0 0.49721 0.277902 0.469866 0.551339
0 0.386998 0.345982 0.267299 0.64881
0 0.367746 0.603981 0.25 0.65811
2 0.416853 0.611979 0.305804 0.741816
1 0.407366 0.339937 0.429688 0.669829
3 0.416853 0.611979 0.305804 0.741816
0 0.317243 0.339286 0.209821 0.634673
0 0.460658 0.669643 0.219308 0.644345
2 0.407366 0.339937 0.429688 0.669829
0 0.313058 0.65625 0.0987723 0.514881
3 0.407366 0.339937 0.429688 0.669829
1 0.313058 0.65625 0.0987723 0.514881
0 0.497628 0.467076 0.406529 0.667039
0 0.295271 0.437779 0.189593 0.68843
