3 0.979353 0.578125 0.0368304 0.129464
1 0.410017 0.562779 0.239118 0.701823
0 0.40904 0.516648 0.25 0.740513
0 0.340402 0.339658 0.535714 0.679316
0 0.422991 0.391834 0.350446 0.750558
2 0.979353 0.578125 0.0379464 0.127976
1 0.979353 0.578125 0.0379464 0.12872
0 0.358259 0.512835 0.264509 0.643973
2 0.41476 0.515439 0.237444 0.745908
0 0.979353 0.578125 0.0379464 0.12872
1 0.435547 0.666295 0.260603 0.563244
1 0.395089 0.467448 0.30692 0.809152
0 0.343401 0.439081 0.345564 0.742374
0 0.406669 0.349237 0.244699 0.645275
3 0.40904 0.516648 0.25 0.740513
3 0.978795 0.585193 0.0424107 0.18378
1 0.37486 0.387277 0.41769 0.738839
1 0.386161 0.643973 0.173549 0.523065
0 0.489537 0.372768 0.286551 0.694941
1 0.358259 0.512835 0.264509 0.643973
0 0.496791 0.339658 0.479632 0.679316
1 0.353795 0.556734 0.18471 0.588914
2 0.978795 0.585193 0.0424107 0.18378
0 0.353795 0.556734 0.18471 0.588914
0 0.905692 0.348958 0.179688 0.630952
1 0.905692 0.348958 0.179688 0.630952
3 0.973772 0.558408 0.0379464 0.158482
0 0.356724 0.580264 0.353516 0.648996
0 0.252302 0.712984 0.40053 0.559152
1 0.356724 0.580264 0.353516 0.648996
0 0.501674 0.345982 0.207589 0.619048
3 0.212054 0.569196 0.0301339 0.094494
3 0.229911 0.563988 0.0418527 0.107143
2 0.37486 0.387277 0.41769 0.738839
1 0.977958 0.574405 0.0440848 0.200149
