1 0.77846 0.454427 0.207589 0.603051
1 0.368025 0.627046 0.0954241 0.653646
0 0.368025 0.627046 0.0954241 0.653646
3 0.365792 0.526786 0.0407366 0.157738
1 0.767857 0.582589 0.185268 0.537202
0 0.777344 0.451544 0.217634 0.5984
2 0.780134 0.450242 0.21317 0.608445
3 0.371373 0.534412 0.0585938 0.362723
3 0.370536 0.502232 0.0385045 0.0684524
3 0.368025 0.581752 0.0976562 0.599888
3 0.364676 0.521577 0.0418527 0.0922619
0 0.349888 0.69122 0.131138 0.584821
3 0.371373 0.504464 0.0362723 0.15625
1 0.369141 0.616071 0.0691964 0.529762
3 0.370536 0.563244 0.0496652 0.234375
1 0.371373 0.534412 0.0585938 0.362723
2 0.368025 0.627046 0.0954241 0.653646
3 0.777902 0.455915 0.21875 0.603051
3 0.361607 0.495164 0.0340402 0.0647321
1 0.349888 0.69122 0.131138 0.584821
1 0.365792 0.526786 0.0407366 0.157738
3 0.362165 0.498512 0.0357143 0.140625
0 0.371373 0.534412 0.0585938 0.362723
1 0.370536 0.563244 0.0496652 0.234375
0 0.369141 0.616071 0.0691964 0.529762
3 0.369141 0.616071 0.0691964 0.529762
1 0.383371 0.666295 0.0876116 0.569196
0 0.540737 0.469122 0.379464 0.642113
1 0.752232 0.667969 0.176339 0.467634
3 0.373605 0.555804 0.046875 0.0930059
0 0.773438 0.580636 0.223214 0.548549
3 0.363002 0.498884 0.0530134 0.285714
1 0.371373 0.504464 0.0362723 0.15625
0 0.320871 0.640718 0.230469 0.68285
1 0.757812 0.673177 0.270089 0.519717
0 0.381696 0.525577 0.128348 0.561942
