0 0.227469 0.603423 0.354213 0.779762
0 0.233887 0.435268 0.357003 0.708333
1 0.219587 0.601191 0.337054 0.784226
1 0.203299 0.451079 0.284807 0.666295
2 0.219587 0.601191 0.337054 0.784226
0 0.193534 0.369792 0.250767 0.578125
3 0.219587 0.601191 0.337054 0.784226
0 0.382394 0.394624 0.462891 0.654204
0 0.182652 0.656622 0.255232 0.643601
2 0.233887 0.435268 0.357003 0.708333
0 0.291853 0.549665 0.37779 0.781622
3 0.233887 0.435268 0.357003 0.708333
0 0.284947 0.670015 0.312919 0.639137
0 0.140311 0.446336 0.21882 0.640067
