2 0.0577218 0.486979 0.108329 0.338542
0 0.0606864 0.64202 0.118025 0.669829
1 0.0608956 0.642764 0.118443 0.677269
1 0.0569545 0.553385 0.109863 0.452753
0 0.0569545 0.553385 0.109863 0.452753
1 0.0575126 0.476563 0.104841 0.293899
2 0.0628139 0.563151 0.111537 0.516555
3 0.0577218 0.486979 0.108329 0.338542
3 0.0606864 0.64202 0.118025 0.669829
0 0.0575126 0.476563 0.104841 0.293899
0 0.100307 0.6516 0.200614 0.696801
2 0.0457589 0.507441 0.0733817 0.274554
2 0.0512695 0.511905 0.0645926 0.140625
