2 0.585379 0.430432 0.123884 0.355655
2 0.146345 0.473958 0.109096 0.217262
3 0.148019 0.469122 0.0979353 0.207589
1 0.584821 0.430339 0.11942 0.343192
2 0.14202 0.498512 0.121931 0.307292
2 0.616071 0.456473 0.0658482 0.25372
0 0.584821 0.430339 0.11942 0.343192
2 0.598772 0.43936 0.0959822 0.290179
3 0.168108 0.462798 0.0571987 0.171875
0 0.150251 0.488095 0.114955 0.257441
3 0.631696 0.46875 0.03125 0.206101
1 0.146345 0.473958 0.109096 0.217262
3 0.584821 0.43006 0.123884 0.354167
3 0.140765 0.494792 0.115513 0.341518
3 0.61942 0.462798 0.0602679 0.241071
2 0.162388 0.454985 0.0678013 0.139137
3 0.632254 0.465402 0.0524554 0.268601
2 0.625 0.485491 0.0513393 0.212798
0 0.131069 0.664435 0.189872 0.614583
2 0.631138 0.47247 0.0368304 0.145089
2 0.631696 0.46875 0.03125 0.206101
3 0.174107 0.464286 0.0479911 0.135417
0 0.152065 0.46131 0.0917969 0.200149
3 0.180525 0.449033 0.0401786 0.114583
2 0.632254 0.465402 0.0524554 0.268601
1 0.14202 0.498512 0.121931 0.307292
3 0.633371 0.469866 0.0323661 0.137649
1 0.616071 0.456473 0.0658482 0.25372
2 0.624442 0.426711 0.137277 0.462798
2 0.622768 0.447173 0.046875 0.140625
3 0.598772 0.43936 0.0959822 0.290179
0 0.558594 0.628534 0.177455 0.638765
2 0.150809 0.443545 0.115792 0.334635
3 0.134487 0.471354 0.0742188 0.151786
