1 0.84096 0.427176 0.242188 0.559338
1 0.365792 0.643973 0.0965402 0.62128
0 0.365513 0.645461 0.104911 0.618304
0 0.839286 0.424758 0.247768 0.56715
3 0.363281 0.52939 0.046317 0.143601
3 0.363839 0.52939 0.0591518 0.247768
2 0.840402 0.424944 0.246652 0.547433
3 0.367746 0.5 0.0424107 0.0706845
1 0.350725 0.694754 0.132254 0.571801
3 0.367746 0.577195 0.0647321 0.417039
1 0.366908 0.624256 0.0714286 0.485119
3 0.367188 0.504092 0.0396205 0.135417
3 0.367746 0.572545 0.0524554 0.233631
3 0.359375 0.49628 0.0379464 0.0714286
3 0.364118 0.594494 0.0965402 0.541667
3 0.368304 0.527158 0.0502232 0.09375
2 0.365792 0.643973 0.0965402 0.62128
0 0.345145 0.68099 0.156808 0.617188
3 0.360212 0.500744 0.0379464 0.123512
3 0.839844 0.427083 0.252232 0.546131
1 0.363839 0.52939 0.0591518 0.247768
0 0.839844 0.701637 0.277902 0.535714
1 0.840402 0.598214 0.261161 0.511905
1 0.367746 0.572545 0.0524554 0.233631
1 0.363281 0.52939 0.046317 0.143601
0 0.367746 0.577195 0.0647321 0.417039
0 0.363839 0.52939 0.0591518 0.247768
3 0.354632 0.670759 0.112165 0.587054
0 0.840402 0.598214 0.261161 0.511905
2 0.350725 0.694754 0.132254 0.571801
1 0.383371 0.672991 0.093192 0.551339
0 0.359096 0.627046 0.0814732 0.492932
