1 0.581473 0.56064 0.15625 0.348958
3 0.978795 0.577381 0.0379465 0.126488
0 0.398996 0.337054 0.362723 0.607143
0 0.32101 0.334077 0.547712 0.662202
1 0.402344 0.335938 0.383929 0.613839
2 0.583147 0.561756 0.148438 0.345238
1 0.444475 0.357143 0.165737 0.572173
0 0.444475 0.357143 0.165737 0.572173
2 0.978795 0.575893 0.0390625 0.126488
0 0.490374 0.357887 0.296038 0.649554
1 0.978795 0.575893 0.0390625 0.126488
1 0.526646 0.484375 0.183315 0.525298
0 0.978795 0.575893 0.0390625 0.126488
3 0.978516 0.583705 0.0429688 0.180059
0 0.579799 0.557478 0.152902 0.355283
1 0.312151 0.335565 0.485073 0.671131
0 0.495536 0.334449 0.452009 0.668899
2 0.402344 0.335938 0.383929 0.613839
1 0.535714 0.476563 0.287946 0.523066
3 0.579799 0.557478 0.152902 0.355283
3 0.973772 0.55878 0.0390625 0.150298
0 0.526646 0.484375 0.183315 0.525298
2 0.977121 0.573661 0.0446428 0.19494
3 0.377232 0.335286 0.438616 0.637463
2 0.321219 0.331473 0.560686 0.662946
1 0.904018 0.347749 0.184152 0.62593
1 0.977121 0.573661 0.0446428 0.19494
1 0.58245 0.532924 0.242466 0.440104
1 0.421875 0.411179 0.133929 0.470796
1 0.469029 0.410435 0.155692 0.507999
0 0.535714 0.476563 0.287946 0.523066
0 0.421875 0.411179 0.133929 0.470796
1 0.471261 0.456473 0.121094 0.395089
1 0.506836 0.47433 0.114676 0.457589
0 0.56529 0.387649 0.248884 0.551339
0 0.506278 0.378813 0.208426 0.584635
0 0.469029 0.410435 0.155692 0.507999
0 0.904018 0.347749 0.184152 0.62593
3 0.212681 0.571057 0.0316685 0.0915179
0 0.333147 0.36356 0.246652 0.586868
0 0.569754 0.377976 0.371652 0.618304
1 0.46596 0.387556 0.287946 0.55971
0 0.382813 0.364955 0.204799 0.559524
3 0.230748 0.56622 0.0418527 0.10119
