2 0.388114 0.476191 0.100446 0.392857
0 0.388951 0.489676 0.101563 0.449219
0 0.387556 0.625744 0.135045 0.702381
1 0.387835 0.46317 0.0993304 0.366071
1 0.386161 0.60612 0.101562 0.628534
3 0.388393 0.453032 0.0954241 0.326079
1 0.377511 0.628534 0.161272 0.692336
0 0.410714 0.470424 0.171875 0.475818
2 0.41183 0.46968 0.169643 0.521949
3 0.388393 0.488467 0.102121 0.49628
2 0.385882 0.495908 0.093192 0.270089
0 0.346261 0.634022 0.250558 0.712612
0 0.387277 0.456473 0.0948661 0.301339
2 0.382254 0.530785 0.104911 0.561942
0 0.53404 0.443917 0.344866 0.637463
