3 0.345982 0.489211 0.0251116 0.0639881
3 0.34933 0.511533 0.0301339 0.0766369
3 0.34933 0.490699 0.0223214 0.0885416
3 0.353795 0.516369 0.0256696 0.094494
3 0.359933 0.515625 0.0334821 0.0699404
3 0.357701 0.489211 0.0295759 0.0647321
1 0.593192 0.697917 0.0982143 0.178571
1 0.593192 0.696429 0.114955 0.235119
3 0.363281 0.521949 0.0329241 0.110119
3 0.591518 0.691406 0.0792411 0.15439
3 0.363281 0.488839 0.031808 0.110863
1 0.604353 0.71503 0.155134 0.315476
3 0.35519 0.516369 0.0418527 0.203125
0 0.537388 0.377232 0.377232 0.584077
