3 0.291853 0.459077 0.0496652 0.150298
3 0.384208 0.460193 0.0457589 0.114583
3 0.308036 0.462426 0.0898438 0.157738
2 0.291574 0.46317 0.0569196 0.176339
3 0.376395 0.475446 0.0691964 0.153274
3 0.353795 0.46689 0.0691964 0.12128
3 0.380301 0.480655 0.0457589 0.133929
3 0.390904 0.456845 0.0407366 0.0982143
1 0.291853 0.459821 0.0518973 0.150298
2 0.299944 0.475446 0.0792411 0.198661
3 0.307199 0.484747 0.104353 0.212798
1 0.385603 0.466146 0.0507812 0.11756
0 0.29269 0.454985 0.0518973 0.139137
3 0.288225 0.46503 0.0814732 0.18378
0 0.299944 0.475446 0.0792411 0.198661
1 0.299944 0.475446 0.0792411 0.198661
0 0.385603 0.466146 0.0507812 0.11756
3 0.293806 0.418155 0.0440848 0.0833333
3 0.296596 0.479539 0.0491071 0.156994
2 0.385603 0.466146 0.0507812 0.11756
1 0.377232 0.482887 0.0703125 0.214286
3 0.368862 0.477307 0.103795 0.177827
2 0.320312 0.463914 0.100446 0.168899
2 0.377232 0.482887 0.0703125 0.214286
0 0.377232 0.482887 0.0703125 0.214286
3 0.390904 0.486979 0.0401785 0.139881
