3 0.979353 0.578869 0.0379464 0.124256
0 0.140102 0.60026 0.257185 0.763765
0 0.299107 0.340867 0.502232 0.678385
0 0.385254 0.334449 0.380162 0.614583
1 0.131452 0.515997 0.228167 0.802827
0 0.165388 0.481213 0.290876 0.781622
1 0.163923 0.598586 0.320033 0.78497
0 0.226004 0.622117 0.452009 0.737909
0 0.442243 0.354539 0.169085 0.563988
1 0.388811 0.333333 0.398717 0.619048
0 0.129116 0.453776 0.212751 0.668341
2 0.979353 0.578125 0.0379464 0.124256
1 0.442243 0.354539 0.169085 0.563988
1 0.979353 0.579241 0.0368304 0.118304
0 0.484515 0.336775 0.26423 0.616629
1 0.300223 0.341146 0.515625 0.682292
0 0.252999 0.43843 0.416992 0.715402
3 0.978795 0.58631 0.0424107 0.171875
0 0.979353 0.578125 0.0379464 0.124256
2 0.141741 0.601004 0.262835 0.765253
0 0.493164 0.331473 0.444475 0.662946
0 0.231027 0.54362 0.337054 0.699963
0 0.152762 0.35519 0.231306 0.606585
3 0.141741 0.601004 0.262835 0.765253
0 0.108817 0.649926 0.188616 0.649554
0 0.20173 0.336868 0.394531 0.673735
1 0.108817 0.649926 0.188616 0.649554
2 0.300223 0.341146 0.515625 0.682292
2 0.385254 0.334449 0.380162 0.614583
1 0.152762 0.35519 0.231306 0.606585
2 0.165388 0.481213 0.290876 0.781622
3 0.300223 0.341146 0.515625 0.682292
2 0.977121 0.575149 0.0446428 0.19122
3 0.973214 0.558408 0.0390625 0.151042
1 0.977121 0.575149 0.0446428 0.19122
2 0.129116 0.453776 0.212751 0.668341
0 0.545759 0.334077 0.191964 0.572173
0 0.419364 0.410621 0.150112 0.476377
3 0.385254 0.334449 0.380162 0.614583
1 0.201102 0.415179 0.373465 0.769345
3 0.986886 0.59003 0.0262277 0.137649
