2 0.142578 0.459821 0.0979353 0.248512
3 0.142857 0.459821 0.0901228 0.247024
2 0.135742 0.485119 0.115234 0.363839
3 0.420759 0.436384 0.0357143 0.101935
0 0.103202 0.664435 0.166364 0.625
0 0.135742 0.485119 0.115234 0.363839
1 0.140765 0.461682 0.101842 0.254464
1 0.135742 0.485119 0.115234 0.363839
3 0.135463 0.482515 0.109096 0.40253
3 0.421596 0.438244 0.0491072 0.177827
3 0.422154 0.47061 0.0401786 0.168899
0 0.140765 0.461682 0.101842 0.254464
0 0.136998 0.65439 0.168527 0.640625
2 0.13351 0.47247 0.0638951 0.145833
3 0.13351 0.47247 0.0638951 0.145833
2 0.15332 0.472842 0.0611049 0.151786
3 0.429967 0.43564 0.0440848 0.112351
2 0.132952 0.444196 0.0683594 0.149554
3 0.11928 0.467634 0.0876116 0.212054
3 0.15332 0.472842 0.0611049 0.151786
3 0.420201 0.404018 0.0385045 0.0669643
3 0.423549 0.507812 0.0379464 0.209077
2 0.11928 0.467634 0.0876116 0.212054
3 0.432757 0.434896 0.0664062 0.324405
2 0.138951 0.484003 0.078125 0.209821
1 0.121373 0.659598 0.171317 0.680804
1 0.420759 0.436384 0.0357143 0.101935
