0 0.905692 0.390253 0.179688 0.767113
0 0.889509 0.600446 0.207589 0.77381
0 0.328613 0.332589 0.513532 0.65997
0 0.386021 0.334449 0.337333 0.625744
0 0.441267 0.350074 0.171038 0.589286
1 0.907366 0.350539 0.175223 0.673921
0 0.844308 0.661458 0.290179 0.677083
1 0.389648 0.333426 0.3524 0.630766
0 0.923549 0.65718 0.139509 0.652902
1 0.441267 0.350074 0.171038 0.589286
1 0.327009 0.331845 0.522321 0.663691
0 0.78404 0.620815 0.405134 0.700335
1 0.882812 0.65811 0.227679 0.673363
3 0.233817 0.570312 0.0429688 0.104167
0 0.873884 0.458891 0.242187 0.790551
2 0.904018 0.344122 0.186384 0.666667
3 0.23577 0.568452 0.0625 0.171131
0 0.417411 0.412667 0.152902 0.491629
0 0.854353 0.335658 0.28683 0.662016
2 0.327009 0.331845 0.522321 0.663691
2 0.386021 0.334449 0.337333 0.625744
2 0.87779 0.60026 0.235491 0.781622
3 0.214914 0.574405 0.0350167 0.094494
0 0.484375 0.344215 0.232143 0.616629
3 0.226562 0.578869 0.0362723 0.0907738
0 0.333984 0.361235 0.261161 0.59003
3 0.327009 0.331845 0.522321 0.663691
3 0.87779 0.60026 0.235491 0.781622
3 0.214634 0.537202 0.0400391 0.150298
3 0.904018 0.344122 0.186384 0.666667
3 0.229004 0.538319 0.0498047 0.149554
3 0.234375 0.593006 0.0440848 0.0982143
3 0.389509 0.520089 0.0585937 0.18006
3 0.214844 0.571801 0.0513393 0.131696
3 0.386021 0.334449 0.337333 0.625744
