3 0.62221 0.463542 0.0513392 0.133185
2 0.62221 0.461682 0.0524553 0.130208
1 0.623884 0.464658 0.0558035 0.130952
0 0.62221 0.461682 0.0524553 0.130208
3 0.969308 0.473214 0.0535714 0.366071
2 0.973214 0.443452 0.0513392 0.322917
3 0.616071 0.464286 0.0837054 0.149554
3 0.96875 0.468006 0.0502233 0.233631
2 0.97154 0.465588 0.0569196 0.461682
1 0.97154 0.465588 0.0569196 0.461682
3 0.63058 0.455357 0.0446428 0.123512
2 0.97433 0.462798 0.046875 0.228423
1 0.973214 0.443452 0.0513392 0.322917
3 0.46596 0.238653 0.0100447 0.0383184
0 0.96875 0.430153 0.0625 0.455171
