0 0.137277 0.599144 0.258371 0.78683
0 0.125279 0.34375 0.250558 0.683036
0 0.1506 0.449591 0.271345 0.824033
1 0.135672 0.600819 0.261021 0.786458
0 0.207799 0.608631 0.351144 0.782738
1 0.129046 0.343006 0.258092 0.684524
0 0.203997 0.462891 0.273368 0.75279
2 0.135672 0.600819 0.261021 0.786458
0 0.20731 0.395647 0.365513 0.753348
3 0.135672 0.600819 0.261021 0.786458
1 0.1506 0.449591 0.271345 0.824033
2 0.129046 0.343006 0.258092 0.684524
3 0.129046 0.343006 0.258092 0.684524
0 0.149205 0.72154 0.236189 0.55692
2 0.1506 0.449591 0.271345 0.824033
