0 0.538086 0.677827 0.243025 0.602679
0 0.577009 0.69401 0.166295 0.585194
1 0.53683 0.677269 0.248884 0.609747
3 0.363002 0.521949 0.0329241 0.119792
3 0.369978 0.49442 0.0334821 0.0639881
3 0.362444 0.516741 0.0368304 0.0818453
3 0.370536 0.497024 0.0329241 0.133184
2 0.538086 0.677827 0.243025 0.602679
3 0.358817 0.491443 0.0290179 0.0662203
3 0.369978 0.526786 0.0373884 0.143601
3 0.359096 0.493676 0.0301339 0.116071
3 0.36356 0.518601 0.0502232 0.247024
3 0.371931 0.517857 0.0418527 0.0773809
0 0.391741 0.643973 0.160714 0.649554
1 0.364676 0.657552 0.0870536 0.553944
0 0.617746 0.66183 0.166295 0.630208
3 0.535017 0.680618 0.262556 0.609003
1 0.577009 0.69401 0.166295 0.585194
1 0.391741 0.642857 0.148438 0.636905
3 0.371373 0.523065 0.0569196 0.327381
3 0.36942 0.562128 0.0401786 0.202381
1 0.363002 0.521949 0.0329241 0.119792
3 0.360491 0.568452 0.0407366 0.195685
1 0.359933 0.640439 0.154018 0.668527
0 0.501116 0.634115 0.202009 0.544271
0 0.359933 0.640439 0.154018 0.668527
