0 0.970982 0.599888 0.0580357 0.767485
0 0.321917 0.332589 0.539202 0.662202
0 0.38344 0.33324 0.350307 0.62221
0 0.94308 0.391555 0.113839 0.767485
1 0.925502 0.340402 0.148995 0.662946
1 0.976562 0.647879 0.0457589 0.656622
1 0.967634 0.553013 0.0647321 0.792783
0 0.951451 0.601377 0.0959822 0.764509
0 0.910156 0.345889 0.171875 0.662388
1 0.957031 0.488095 0.0848214 0.811012
0 0.441267 0.350446 0.175502 0.582589
1 0.885603 0.349795 0.195312 0.654576
0 0.9375 0.527158 0.110491 0.767113
1 0.385812 0.332217 0.366769 0.627232
1 0.441267 0.350446 0.175502 0.582589
0 0.977679 0.679316 0.0435268 0.619048
2 0.970982 0.599888 0.0580357 0.767485
1 0.309291 0.335007 0.466239 0.670015
0 0.889509 0.450521 0.216518 0.832589
2 0.925502 0.340402 0.148995 0.662946
1 0.946429 0.601935 0.107143 0.770833
0 0.958705 0.339937 0.078125 0.650484
3 0.234654 0.571801 0.0412946 0.0982143
1 0.958705 0.339937 0.078125 0.650484
0 0.904018 0.600818 0.191964 0.781994
2 0.38344 0.33324 0.350307 0.62221
2 0.32101 0.331473 0.547712 0.662946
0 0.483259 0.343843 0.229911 0.603981
2 0.957031 0.488095 0.0848214 0.811012
3 0.32101 0.331473 0.547712 0.662946
3 0.970982 0.599888 0.0580357 0.767485
3 0.236049 0.569196 0.0647321 0.156994
3 0.213937 0.574777 0.0352958 0.0907738
1 0.959263 0.660714 0.0814732 0.653274
3 0.227888 0.578125 0.0347377 0.0922619
0 0.854911 0.353423 0.200893 0.62128
1 0.96875 0.439825 0.0558036 0.654576
0 0.417969 0.40997 0.157366 0.488839
3 0.925502 0.340402 0.148995 0.662946
0 0.966518 0.491443 0.0658483 0.665923
3 0.38344 0.33324 0.350307 0.62221
2 0.885603 0.349795 0.195312 0.654576
0 0.973493 0.468006 0.0530133 0.672619
0 0.933036 0.659598 0.127232 0.62872
3 0.213449 0.571801 0.0591518 0.134673
