1 0.407924 0.687872 0.0842634 0.530506
3 0.402623 0.521577 0.0546875 0.133929
0 0.409598 0.704613 0.103795 0.549107
3 0.406529 0.508557 0.0703125 0.194196
3 0.40346 0.582589 0.0747768 0.3125
3 0.405692 0.551711 0.061384 0.232887
2 0.405692 0.671131 0.0853795 0.528274
2 0.40346 0.582589 0.0747768 0.3125
1 0.405692 0.624442 0.0669643 0.382068
3 0.414062 0.52939 0.100446 0.281994
3 0.398158 0.498512 0.0502232 0.0967262
1 0.40625 0.582403 0.0915179 0.370908
1 0.406529 0.508557 0.0703125 0.194196
0 0.40625 0.582403 0.0915179 0.370908
1 0.424107 0.706101 0.133929 0.546131
0 0.406529 0.508557 0.0703125 0.194196
0 0.42048 0.700149 0.152902 0.587798
3 0.405692 0.671131 0.0853795 0.528274
0 0.414062 0.52939 0.100446 0.281994
1 0.402623 0.521577 0.0546875 0.133929
1 0.414062 0.52939 0.100446 0.281994
0 0.405692 0.624442 0.0669643 0.382068
1 0.405692 0.551711 0.061384 0.232887
3 0.417411 0.528274 0.0558036 0.161458
3 0.418248 0.523066 0.0446429 0.106399
2 0.405692 0.551711 0.061384 0.232887
2 0.414062 0.52939 0.100446 0.281994
