3 0.979353 0.578125 0.0379464 0.127232
0 0.398717 0.361142 0.307478 0.645275
0 0.387556 0.336031 0.478237 0.656808
1 0.348772 0.544736 0.196429 0.611421
0 0.363002 0.494699 0.232143 0.583519
0 0.352958 0.537946 0.169643 0.605655
1 0.371652 0.499256 0.267857 0.581845
0 0.414202 0.372768 0.189453 0.582589
1 0.341099 0.575614 0.324498 0.698475
0 0.373326 0.393322 0.185826 0.579427
0 0.412667 0.519717 0.154576 0.505208
0 0.341099 0.575614 0.324498 0.698475
2 0.979353 0.577381 0.0379464 0.125744
0 0.291364 0.334821 0.458566 0.669643
1 0.979353 0.578125 0.0368304 0.120536
0 0.484375 0.340774 0.285714 0.622024
1 0.401228 0.360212 0.3125 0.647135
0 0.979353 0.577381 0.0379464 0.125744
0 0.462891 0.359375 0.173549 0.570685
2 0.368304 0.496931 0.236049 0.5984
1 0.412667 0.519717 0.154576 0.505208
0 0.499721 0.334821 0.474888 0.669643
1 0.38358 0.332496 0.500698 0.659412
1 0.440011 0.35984 0.191406 0.580915
0 0.267299 0.688058 0.314174 0.558408
3 0.978795 0.585193 0.0424107 0.188988
0 0.280971 0.523251 0.238839 0.59933
2 0.401228 0.360212 0.3125 0.647135
3 0.371652 0.499256 0.267857 0.581845
1 0.373326 0.393322 0.185826 0.579427
2 0.352958 0.537946 0.169643 0.605655
0 0.416295 0.517485 0.117746 0.250744
0 0.440569 0.512742 0.145647 0.459635
3 0.393415 0.36263 0.356027 0.676525
2 0.38358 0.332496 0.500698 0.659412
0 0.905692 0.34561 0.18192 0.630952
1 0.351283 0.456845 0.154576 0.568452
0 0.429129 0.490234 0.297991 0.488281
0 0.343192 0.343657 0.205357 0.579055
0 0.282366 0.459635 0.352679 0.705729
3 0.973772 0.559152 0.0379464 0.154018
0 0.368304 0.447173 0.134487 0.287946
2 0.978795 0.585193 0.0424107 0.188988
2 0.341099 0.575614 0.324498 0.698475
1 0.40904 0.42141 0.177455 0.545573
0 0.21317 0.640811 0.375 0.554688
0 0.222935 0.629464 0.258371 0.504464
0 0.410156 0.433036 0.131696 0.289435
0 0.368583 0.394717 0.125 0.267113
1 0.303571 0.656994 0.195312 0.53125
1 0.416295 0.517485 0.117746 0.250744
0 0.441127 0.619234 0.363281 0.577009
0 0.433315 0.607515 0.242746 0.526042
2 0.373326 0.393322 0.185826 0.579427
1 0.267299 0.688058 0.314174 0.558408
1 0.905692 0.34561 0.18192 0.630952
0 0.466239 0.405134 0.131138 0.494048
1 0.440569 0.512742 0.145647 0.459635
