1 0.449498 0.55971 0.15346 0.657366
3 0.978237 0.578497 0.0390625 0.129464
0 0.306152 0.335752 0.508231 0.671503
0 0.449777 0.556269 0.15067 0.656808
2 0.978795 0.577009 0.0401785 0.130208
1 0.978795 0.577009 0.0401785 0.130208
0 0.384487 0.376581 0.258929 0.605469
3 0.976562 0.573661 0.0435267 0.186012
0 0.978795 0.577009 0.0401785 0.130208
2 0.448661 0.555711 0.15067 0.669829
1 0.425223 0.647694 0.152902 0.585566
2 0.976562 0.573661 0.0435267 0.186012
1 0.305734 0.335193 0.525809 0.670387
1 0.976562 0.573661 0.0435267 0.186012
1 0.416574 0.5984 0.256138 0.681176
0 0.27553 0.729911 0.477958 0.540179
1 0.450056 0.458891 0.136719 0.466146
0 0.450056 0.458891 0.136719 0.466146
0 0.402902 0.340774 0.164062 0.548363
3 0.449777 0.556269 0.15067 0.656808
3 0.97433 0.559524 0.0368304 0.130208
0 0.425223 0.647694 0.152902 0.585566
0 0.976562 0.573661 0.0435267 0.186012
0 0.421317 0.447917 0.127232 0.513393
3 0.986049 0.590774 0.0279017 0.181548
1 0.914062 0.348865 0.162946 0.623698
2 0.305734 0.335193 0.525809 0.670387
3 0.213518 0.526414 0.0350167 0.156994
1 0.484933 0.568359 0.256696 0.632626
0 0.431501 0.420759 0.191685 0.53497
1 0.376953 0.565104 0.0731027 0.509673
0 0.336775 0.336217 0.247768 0.608817
0 0.374163 0.387649 0.141183 0.561756
0 0.416574 0.5984 0.256138 0.681176
0 0.370815 0.538691 0.0747768 0.511905
3 0.305734 0.335193 0.525809 0.670387
