3 0.94308 0.519345 0.0915179 0.197917
2 0.952009 0.511533 0.0904017 0.303571
2 0.944196 0.520089 0.09375 0.200893
0 0.636161 0.758929 0.140625 0.407738
1 0.638951 0.758371 0.132812 0.408854
3 0.952009 0.511533 0.0904017 0.303571
3 0.957589 0.520833 0.0691964 0.232143
1 0.946429 0.515625 0.0993303 0.25
2 0.957589 0.520833 0.0691964 0.232143
0 0.949777 0.507812 0.0970983 0.281994
3 0.96875 0.498512 0.0491072 0.24256
3 0.96596 0.495536 0.0558036 0.334077
3 0.930804 0.537202 0.103795 0.251488
0 0.637277 0.737351 0.109375 0.327381
0 0.944196 0.520089 0.09375 0.200893
1 0.649554 0.738839 0.101562 0.324405
1 0.955915 0.519345 0.0714286 0.287202
2 0.637277 0.737351 0.109375 0.327381
3 0.951451 0.506324 0.0669643 0.15253
1 0.9375 0.521205 0.09375 0.19122
3 0.936384 0.521949 0.0658483 0.155506
0 0.945312 0.710566 0.109375 0.540179
