3 0.508929 0.460938 0.0915178 0.206845
2 0.506557 0.456101 0.109654 0.220982
3 0.52567 0.466146 0.0658482 0.195685
3 0.514509 0.461682 0.111607 0.278274
1 0.506557 0.456101 0.109654 0.220982
0 0.505022 0.455357 0.108259 0.22247
3 0.492606 0.464658 0.121931 0.254464
3 0.517857 0.473958 0.0602679 0.151786
1 0.525112 0.466146 0.0714286 0.213542
3 0.476005 0.460565 0.0915179 0.212798
2 0.525112 0.466146 0.0714286 0.213542
2 0.513951 0.437128 0.143973 0.341518
3 0.512835 0.41183 0.0859375 0.249256
3 0.535156 0.489211 0.0401786 0.157738
0 0.525112 0.466146 0.0714286 0.213542
3 0.524554 0.488839 0.0479911 0.119792
3 0.50014 0.470238 0.0644531 0.153274
3 0.533482 0.488467 0.0546875 0.199405
