1 0.533343 0.565662 0.192243 0.526414
3 0.978795 0.579613 0.0379465 0.127976
0 0.395578 0.345238 0.405273 0.633185
0 0.516183 0.521205 0.253348 0.572173
0 0.466797 0.453776 0.230469 0.62965
2 0.978795 0.579241 0.0390625 0.127232
1 0.978795 0.578869 0.0390625 0.12872
0 0.293806 0.340216 0.505022 0.680432
3 0.978516 0.584449 0.0429688 0.168899
1 0.500977 0.53032 0.219029 0.561384
2 0.518834 0.522507 0.214565 0.571057
1 0.398368 0.34375 0.424247 0.642113
1 0.466797 0.453776 0.230469 0.62965
0 0.539062 0.559059 0.184152 0.514323
0 0.978795 0.578869 0.0390625 0.12872
0 0.47726 0.34561 0.215123 0.596726
0 0.430106 0.422526 0.240234 0.488281
0 0.446568 0.467634 0.151507 0.53497
3 0.516183 0.521205 0.253348 0.572173
2 0.978516 0.584449 0.0429688 0.168899
0 0.412946 0.473586 0.0970982 0.345982
0 0.492746 0.400205 0.30692 0.617746
2 0.466797 0.453776 0.230469 0.62965
0 0.417411 0.372024 0.16183 0.550595
1 0.976562 0.574405 0.0435267 0.186012
3 0.973214 0.557664 0.0390625 0.160714
0 0.416016 0.432292 0.124442 0.453869
1 0.412946 0.473586 0.0970982 0.345982
2 0.395578 0.345238 0.405273 0.633185
0 0.423968 0.491816 0.16769 0.373512
1 0.446568 0.467634 0.151507 0.53497
3 0.986049 0.591146 0.0279017 0.179316
3 0.212751 0.572917 0.0292969 0.09375
0 0.489397 0.330357 0.447545 0.645833
0 0.976562 0.574405 0.0435267 0.186012
3 0.383859 0.34375 0.501256 0.670387
1 0.430106 0.422526 0.240234 0.488281
1 0.409319 0.511533 0.0580357 0.223958
1 0.880022 0.344029 0.215402 0.630394
