0 0.586914 0.709077 0.225725 0.502976
3 0.363839 0.520833 0.0435268 0.0892857
3 0.367746 0.50372 0.0401786 0.0803572
3 0.367746 0.525298 0.0496652 0.133185
3 0.368583 0.548363 0.0418527 0.144345
3 0.36942 0.554688 0.0552455 0.258185
3 0.369141 0.542783 0.0446429 0.0818453
3 0.368583 0.575521 0.0764509 0.356399
1 0.365234 0.523438 0.0440848 0.103423
1 0.368862 0.505952 0.0345982 0.0840774
1 0.586914 0.709077 0.225725 0.502976
3 0.384208 0.52939 0.046317 0.108631
3 0.360212 0.542039 0.0407366 0.0944941
3 0.384208 0.524926 0.0373884 0.0766369
1 0.370257 0.506324 0.046317 0.151042
0 0.365234 0.523438 0.0440848 0.103423
0 0.632952 0.729167 0.330078 0.514881
0 0.56529 0.705357 0.165179 0.269345
1 0.380859 0.645089 0.128906 0.592262
1 0.36942 0.554688 0.0552455 0.258185
3 0.376116 0.58817 0.117188 0.432292
1 0.368583 0.548363 0.0418527 0.144345
3 0.361049 0.604911 0.0429688 0.241071
2 0.364955 0.523066 0.0362723 0.0892857
3 0.384766 0.526414 0.0742188 0.220982
2 0.368862 0.505952 0.0345982 0.0840774
3 0.385045 0.564732 0.0507813 0.145089
0 0.370257 0.506324 0.046317 0.151042
1 0.368583 0.575521 0.0764509 0.356399
0 0.370257 0.654762 0.135603 0.581845
0 0.469587 0.665923 0.230469 0.568452
