2 0.597098 0.440755 0.101562 0.367001
1 0.593192 0.454985 0.108259 0.398066
0 0.593192 0.454985 0.108259 0.398066
2 0.601004 0.456473 0.0814732 0.286458
3 0.595424 0.440476 0.102679 0.367559
2 0.612723 0.439267 0.136161 0.496466
2 0.580357 0.469122 0.09375 0.276042
1 0.595982 0.451637 0.0881696 0.293155
2 0.566964 0.430711 0.174107 0.454055
0 0.549247 0.459356 0.228516 0.466704
0 0.49163 0.475818 0.34933 0.674851
0 0.612723 0.439267 0.136161 0.496466
0 0.578125 0.618304 0.15067 0.644345
1 0.549247 0.459356 0.228516 0.466704
0 0.606027 0.62872 0.16183 0.583333
2 0.575893 0.501767 0.129464 0.499442
0 0.569336 0.496187 0.158203 0.516555
1 0.575893 0.501767 0.129464 0.499442
0 0.595982 0.451637 0.0881696 0.293155
1 0.49163 0.475818 0.34933 0.674851
0 0.597238 0.441964 0.2274 0.407738
1 0.580357 0.469122 0.09375 0.276042
