3 0.547991 0.46317 0.0491072 0.141369
2 0.0938895 0.46317 0.125837 0.247768
3 0.0904367 0.46503 0.124372 0.25
3 0.547433 0.469122 0.0669643 0.186756
1 0.547433 0.469122 0.0669643 0.186756
1 0.0909598 0.465402 0.126395 0.247768
0 0.0909598 0.465402 0.126395 0.247768
0 0.547433 0.468006 0.0569197 0.168155
1 0.547991 0.466146 0.0535714 0.146577
3 0.106724 0.491816 0.0820312 0.209077
3 0.551339 0.468378 0.0970982 0.203125
2 0.547433 0.468006 0.0569197 0.168155
2 0.077567 0.47247 0.118583 0.321429
2 0.113002 0.466518 0.137556 0.303571
2 0.105294 0.489583 0.0862863 0.205357
0 0.539621 0.466146 0.09375 0.181548
0 0.0691267 0.655878 0.138253 0.579613
3 0.532924 0.484747 0.0502232 0.144345
2 0.0870187 0.482515 0.0698242 0.144345
3 0.564174 0.452009 0.0479911 0.111607
