3 0.978795 0.577753 0.0368303 0.127232
0 0.180559 0.559524 0.248256 0.686012
0 0.308803 0.354725 0.458287 0.701265
0 0.3976 0.334542 0.342076 0.610677
1 0.177141 0.579892 0.262905 0.725632
1 0.164307 0.553013 0.18757 0.605283
0 0.44322 0.352307 0.167132 0.564732
2 0.979353 0.577009 0.0379464 0.127232
0 0.191336 0.662946 0.311523 0.608631
1 0.401786 0.334077 0.358259 0.614583
0 0.244978 0.468657 0.336496 0.708519
0 0.1476 0.542597 0.21596 0.581473
1 0.44322 0.352307 0.167132 0.564732
1 0.979353 0.577009 0.0379464 0.127232
0 0.484654 0.333705 0.261719 0.612351
0 0.979353 0.577009 0.0379464 0.127232
0 0.498744 0.331008 0.44894 0.6609
1 0.309849 0.353795 0.48298 0.707589
2 0.178153 0.582496 0.272042 0.738281
2 0.164307 0.553013 0.18757 0.605283
3 0.978795 0.583705 0.0424107 0.188988
1 0.214914 0.64974 0.21861 0.605283
1 0.167201 0.684152 0.226981 0.570685
3 0.178153 0.582496 0.272042 0.738281
0 0.217634 0.604446 0.223772 0.624442
2 0.401786 0.334077 0.358259 0.614583
0 0.285156 0.608631 0.276786 0.559524
0 0.297294 0.612351 0.416574 0.592262
2 0.309849 0.353795 0.48298 0.707589
2 0.978795 0.583705 0.0424107 0.188988
0 0.335728 0.365699 0.250419 0.59747
0 0.419085 0.412202 0.136719 0.465774
3 0.973772 0.55878 0.0379464 0.15625
3 0.164307 0.553013 0.18757 0.605283
3 0.37486 0.333426 0.419922 0.641183
0 0.382812 0.362351 0.212054 0.564732
1 0.419085 0.412202 0.136719 0.465774
1 0.977679 0.573661 0.0446428 0.201637
0 0.544643 0.334449 0.197545 0.572173
0 0.582589 0.354539 0.378348 0.65997
