1 0.96875 0.569382 0.0613839 0.66183
0 0.324358 0.331845 0.549944 0.65997
0 0.386928 0.33324 0.369001 0.613281
0 0.967076 0.574591 0.0658482 0.710938
1 0.954241 0.607701 0.0892857 0.728051
1 0.390555 0.331845 0.382952 0.616816
0 0.442383 0.354911 0.174386 0.563244
0 0.485212 0.334077 0.260603 0.607887
1 0.97154 0.437965 0.0569196 0.512463
1 0.442383 0.354911 0.174386 0.563244
1 0.324707 0.329613 0.558175 0.659226
0 0.950335 0.607794 0.0982143 0.729353
2 0.967076 0.574591 0.0658482 0.710938
0 0.492746 0.329985 0.446429 0.65997
2 0.370396 0.331752 0.426618 0.631138
3 0.217076 0.530878 0.0385045 0.165923
3 0.227469 0.563988 0.0439453 0.111607
3 0.370396 0.331752 0.426618 0.631138
3 0.970424 0.552827 0.0591517 0.596726
3 0.213797 0.570312 0.0327846 0.104167
0 0.218192 0.520089 0.121094 0.333333
3 0.229074 0.561012 0.0641741 0.177083
0 0.417411 0.412202 0.157366 0.47247
1 0.962612 0.678013 0.0680804 0.593378
0 0.545759 0.333705 0.189732 0.563988
0 0.97154 0.497675 0.0569196 0.531436
3 0.216518 0.528646 0.0591518 0.201637
0 0.410156 0.314732 0.209821 0.566964
