3 0.978795 0.577753 0.0368303 0.127232
1 0.106131 0.551339 0.153251 0.401786
0 0.311872 0.334449 0.561523 0.662202
0 0.396484 0.33417 0.34096 0.603981
0 0.44322 0.351935 0.171596 0.563988
1 0.40067 0.333333 0.359375 0.607143
2 0.106131 0.551339 0.153251 0.401786
1 0.44322 0.351935 0.171596 0.563988
2 0.979353 0.577009 0.0379464 0.127232
1 0.979353 0.577009 0.0379464 0.127232
0 0.107108 0.550595 0.154088 0.400298
0 0.484654 0.335193 0.256138 0.607143
1 0.138777 0.532552 0.261509 0.437872
0 0.979353 0.577009 0.0379464 0.127232
1 0.300014 0.337426 0.508231 0.674851
3 0.978795 0.584077 0.0424107 0.188244
0 0.496512 0.330822 0.44894 0.661272
1 0.0964007 0.548363 0.138672 0.296131
0 0.138777 0.532552 0.261509 0.437872
2 0.396484 0.33417 0.34096 0.603981
3 0.107108 0.550595 0.154088 0.400298
3 0.973772 0.558408 0.0379464 0.151786
0 0.169817 0.478423 0.258022 0.58631
2 0.311105 0.332217 0.575335 0.664435
1 0.0720912 0.535714 0.103027 0.413691
2 0.978795 0.584077 0.0424107 0.188244
1 0.114676 0.593378 0.129185 0.287946
3 0.311105 0.332217 0.575335 0.664435
0 0.419643 0.411086 0.140067 0.470238
0 0.878348 0.344122 0.220982 0.634673
1 0.139195 0.53032 0.165806 0.418527
0 0.41197 0.315104 0.210659 0.569941
1 0.9774 0.573661 0.0452008 0.201637
3 0.396484 0.33417 0.34096 0.603981
1 0.419643 0.411086 0.140067 0.470238
1 0.875 0.313895 0.229911 0.623698
0 0.263114 0.406436 0.44308 0.666295
0 0.545619 0.333798 0.182199 0.566034
