3 0.979911 0.578869 0.0379464 0.127976
0 0.342076 0.601191 0.25279 0.78125
0 0.396484 0.362258 0.342076 0.705543
0 0.349609 0.447173 0.230469 0.802083
1 0.342076 0.601191 0.25279 0.78125
1 0.349609 0.447173 0.230469 0.802083
0 0.444754 0.358352 0.188616 0.573475
2 0.979911 0.578125 0.0379464 0.126488
1 0.979911 0.578125 0.0379464 0.126488
1 0.466518 0.358259 0.158482 0.55506
0 0.318917 0.347563 0.184152 0.6516
0 0.272252 0.53497 0.16197 0.672619
0 0.296805 0.337798 0.374023 0.675595
1 0.436384 0.338914 0.295759 0.616816
0 0.979911 0.578125 0.0379464 0.126488
0 0.492606 0.339286 0.333984 0.624256
0 0.29248 0.678199 0.310128 0.643601
1 0.350935 0.392485 0.315988 0.761161
1 0.390346 0.336589 0.453683 0.664621
3 0.979074 0.585566 0.0418527 0.177083
2 0.344378 0.602493 0.276646 0.786086
3 0.214076 0.531994 0.0378069 0.206101
0 0.374023 0.677083 0.390346 0.638393
3 0.211356 0.566592 0.0348772 0.137649
0 0.413225 0.417225 0.203683 0.58817
3 0.210658 0.566964 0.0479911 0.22247
1 0.272252 0.53497 0.16197 0.672619
3 0.344378 0.602493 0.276646 0.786086
2 0.377372 0.423456 0.250837 0.718564
0 0.476005 0.318359 0.214286 0.579055
1 0.318917 0.347563 0.184152 0.6516
0 0.466936 0.406343 0.118583 0.477493
0 0.292132 0.451823 0.191406 0.715402
3 0.973772 0.55692 0.0390625 0.155506
1 0.466936 0.406343 0.118583 0.477493
3 0.22154 0.567708 0.0396205 0.178571
0 0.203613 0.533482 0.106166 0.436012
3 0.220703 0.568452 0.0569196 0.391369
0 0.457171 0.718006 0.460658 0.550595
0 0.905134 0.348586 0.185268 0.632441
2 0.389927 0.363932 0.365234 0.709635
0 0.30113 0.532738 0.289481 0.709821
1 0.905134 0.348586 0.185268 0.632441
2 0.979074 0.585566 0.0418527 0.177083
1 0.422712 0.514974 0.123884 0.505766
2 0.436105 0.338449 0.285156 0.608817
0 0.209961 0.718006 0.376953 0.556548
3 0.986328 0.591146 0.0273438 0.184524
3 0.212333 0.59747 0.0764509 0.284226
3 0.389927 0.363932 0.365234 0.709635
1 0.364397 0.564174 0.204241 0.627604
1 0.29248 0.678199 0.310128 0.643601
1 0.977679 0.575149 0.0446428 0.202381
0 0.545619 0.333705 0.169922 0.557292
0 0.376256 0.321801 0.249721 0.61756
0 0.496652 0.36263 0.147321 0.541109
0 0.288783 0.658482 0.201451 0.619048
3 0.352679 0.447173 0.258929 0.8125
2 0.300223 0.610398 0.255022 0.706287
3 0.220424 0.602679 0.0820312 0.441964
3 0.207729 0.502232 0.0410156 0.229167
