3 0.511858 0.489211 0.0823103 0.135417
3 0.520647 0.505952 0.078125 0.139137
3 0.53683 0.520089 0.0379464 0.0833333
3 0.53404 0.504836 0.047991 0.0974703
3 0.544643 0.519717 0.0334822 0.0818452
1 0.511858 0.489211 0.101283 0.15997
1 0.510045 0.499628 0.158482 0.286458
3 0.547991 0.534226 0.0256697 0.0491071
3 0.539621 0.53497 0.0357143 0.110863
0 0.510045 0.499628 0.158482 0.286458
3 0.505022 0.509673 0.16183 0.267857
0 0.517857 0.704613 0.132812 0.540179
3 0.504325 0.504836 0.102958 0.169643
2 0.510603 0.50186 0.142857 0.287946
0 0.511858 0.489211 0.101283 0.15997
1 0.514369 0.689732 0.124163 0.532738
3 0.517299 0.538691 0.0580357 0.177083
3 0.5 0.501116 0.0546875 0.124256
3 0.51716 0.546875 0.0851005 0.249256
3 0.537388 0.539807 0.0647321 0.203125
3 0.509905 0.463542 0.0683594 0.122024
1 0.520647 0.505952 0.078125 0.139137
