2 0.642857 0.443452 0.136161 0.447917
1 0.644531 0.434431 0.128348 0.418341
0 0.641741 0.457961 0.135045 0.46131
0 0.643973 0.5984 0.159598 0.633557
3 0.639509 0.436663 0.128348 0.4109
2 0.637835 0.462426 0.117188 0.296875
1 0.645647 0.597005 0.146205 0.646763
0 0.554129 0.477679 0.357143 0.65625
2 0.615513 0.438988 0.127232 0.416667
2 0.583705 0.471168 0.25 0.614211
1 0.554129 0.477679 0.357143 0.65625
1 0.622768 0.462333 0.220982 0.487537
0 0.658482 0.678944 0.204241 0.606399
2 0.645647 0.597005 0.146205 0.646763
0 0.486747 0.476004 0.381417 0.705729
0 0.635045 0.695685 0.135045 0.565476
0 0.622768 0.462333 0.220982 0.487537
0 0.631696 0.606864 0.236607 0.665737
