3 0.591518 0.473214 0.0457589 0.107143
3 0.583147 0.477307 0.0345983 0.0892857
3 0.592634 0.477679 0.077009 0.203869
3 0.0417829 0.47247 0.0263672 0.0625
3 0.0424107 0.455729 0.0207868 0.0401786
3 0.0420619 0.49814 0.0320871 0.101935
3 0.0378767 0.479167 0.0279018 0.0729167
3 0.575893 0.489583 0.0279018 0.09375
1 0.592634 0.477679 0.077009 0.203869
3 0.0419224 0.455357 0.023298 0.0736607
3 0.0418527 0.476562 0.0359933 0.116071
1 0.595982 0.472098 0.0457589 0.110863
3 0.607701 0.459449 0.0435268 0.0900298
0 0.592634 0.477679 0.077009 0.203869
3 0.576451 0.456101 0.0323661 0.0758929
3 0.604911 0.487723 0.045759 0.122024
0 0.595982 0.472098 0.0457589 0.110863
3 0.0419922 0.49814 0.0472935 0.19122
3 0.608259 0.458333 0.0535715 0.12128
3 0.576451 0.490699 0.0412946 0.110119
1 0.584263 0.477307 0.0368304 0.0922619
