1 0.767857 0.550037 0.107143 0.417783
3 0.979353 0.578125 0.0390625 0.131696
0 0.393973 0.332124 0.344866 0.608073
0 0.32373 0.333705 0.541155 0.663691
1 0.398577 0.331473 0.361328 0.611607
0 0.768973 0.549107 0.109375 0.424107
0 0.443499 0.351935 0.16769 0.564732
2 0.979353 0.577009 0.0390625 0.12872
1 0.979353 0.577009 0.0390625 0.12872
1 0.443499 0.351935 0.16769 0.564732
2 0.768973 0.549107 0.109375 0.424107
0 0.979353 0.577009 0.0390625 0.12872
0 0.48298 0.334821 0.24721 0.610119
1 0.313756 0.337054 0.481864 0.674107
3 0.977121 0.574033 0.0435267 0.194196
0 0.796317 0.518508 0.164062 0.558222
2 0.977121 0.574033 0.0435267 0.194196
0 0.492885 0.33045 0.440569 0.65904
1 0.800223 0.547247 0.200893 0.436756
2 0.393973 0.332124 0.344866 0.608073
3 0.768973 0.547619 0.104911 0.403274
2 0.322963 0.331659 0.552734 0.663318
3 0.374581 0.331008 0.413783 0.632627
1 0.977121 0.574033 0.0435267 0.194196
1 0.760603 0.564918 0.0926339 0.301711
1 0.798549 0.519903 0.160714 0.570312
0 0.845424 0.352586 0.235491 0.607329
0 0.410296 0.31436 0.203962 0.568452
0 0.334821 0.362723 0.247768 0.588542
0 0.419364 0.412202 0.136161 0.462054
3 0.212472 0.574033 0.030971 0.0870536
3 0.232631 0.569196 0.0403181 0.0982143
3 0.97433 0.559896 0.0379464 0.12872
1 0.419364 0.412202 0.136161 0.462054
