1 0.672991 0.474237 0.155134 0.664621
0 0.685826 0.602493 0.170759 0.741444
2 0.670759 0.439918 0.15067 0.554688
0 0.671317 0.474423 0.158482 0.652344
1 0.701451 0.535807 0.122768 0.731957
0 0.701451 0.535807 0.122768 0.731957
0 0.655692 0.61356 0.257813 0.731213
1 0.685826 0.602493 0.170759 0.741444
0 0.694754 0.406436 0.206473 0.660342
0 0.72433 0.651228 0.127232 0.632069
0 0.648438 0.40718 0.219866 0.569568
3 0.671317 0.474423 0.158482 0.652344
1 0.716518 0.516369 0.0870536 0.61756
1 0.647879 0.515997 0.15067 0.62128
1 0.674107 0.421503 0.236607 0.585566
0 0.532227 0.457775 0.3976 0.688616
1 0.633371 0.467913 0.27567 0.662388
0 0.724888 0.665551 0.189732 0.651042
2 0.648438 0.40718 0.219866 0.569568
2 0.689732 0.458891 0.151786 0.686384
0 0.553571 0.383836 0.316964 0.568638
1 0.72433 0.651228 0.127232 0.632069
2 0.685826 0.602493 0.170759 0.741444
0 0.708147 0.539714 0.235491 0.747954
0 0.732143 0.664062 0.283482 0.671875
