3 0.978795 0.578125 0.0379465 0.127976
1 0.414062 0.566778 0.225446 0.708705
0 0.407645 0.511719 0.253906 0.753348
0 0.38058 0.389881 0.439732 0.741071
2 0.979353 0.577381 0.0379464 0.127976
0 0.364886 0.509766 0.378488 0.691778
1 0.979353 0.577381 0.0379464 0.127976
0 0.292829 0.34096 0.523717 0.68192
0 0.393694 0.55506 0.19029 0.635417
1 0.410993 0.66183 0.267299 0.578125
2 0.412946 0.511998 0.245536 0.761719
0 0.979353 0.577381 0.0379464 0.127976
0 0.489397 0.378069 0.342634 0.708147
3 0.978795 0.583705 0.0424107 0.178571
1 0.381138 0.642299 0.131138 0.518973
3 0.414621 0.568359 0.232143 0.714472
1 0.39216 0.461682 0.32952 0.81622
1 0.345982 0.585938 0.196429 0.582589
1 0.37779 0.389137 0.445313 0.744048
0 0.34096 0.586682 0.216518 0.575149
0 0.496373 0.34189 0.508371 0.68378
1 0.413783 0.683036 0.186942 0.525298
1 0.362723 0.516183 0.262835 0.661086
2 0.978795 0.583705 0.0424107 0.178571
0 0.257533 0.716518 0.413504 0.553571
3 0.97433 0.557664 0.0379464 0.159226
1 0.905692 0.348679 0.18192 0.628534
0 0.416016 0.635975 0.194754 0.56436
1 0.977679 0.574033 0.0446428 0.197917
0 0.495536 0.430246 0.247768 0.710938
0 0.880022 0.346726 0.217634 0.631696
2 0.37779 0.389137 0.445313 0.744048
1 0.347935 0.64881 0.0998884 0.459821
0 0.405552 0.350446 0.229074 0.627232
1 0.349191 0.587054 0.346261 0.657738
0 0.27281 0.616443 0.363979 0.55878
1 0.320871 0.678385 0.21875 0.521205
2 0.393694 0.55506 0.19029 0.635417
3 0.37779 0.389137 0.445313 0.744048
3 0.986328 0.59003 0.0273438 0.191964
3 0.210589 0.571429 0.0297154 0.0915178
