3 0.606585 0.460566 0.0401786 0.135417
3 0.597098 0.455357 0.078125 0.266369
3 0.607143 0.464286 0.0558036 0.235119
1 0.606585 0.460566 0.0424108 0.136161
3 0.611607 0.478795 0.0290179 0.0907738
2 0.606585 0.460566 0.0424108 0.136161
1 0.597098 0.455357 0.078125 0.266369
1 0.610491 0.461682 0.0613839 0.249256
0 0.597098 0.455357 0.078125 0.266369
3 0.589286 0.450521 0.116071 0.279762
3 0.597656 0.419643 0.0345982 0.138393
3 0.603795 0.479539 0.0323661 0.0989583
0 0.607701 0.461682 0.0424107 0.135417
3 0.578683 0.459077 0.0736607 0.139137
0 0.607143 0.464286 0.0558036 0.235119
3 0.601004 0.419271 0.0334821 0.104167
3 0.608817 0.418527 0.030134 0.133185
3 0.578125 0.458333 0.0915179 0.179315
0 0.589286 0.450521 0.116071 0.279762
