3 0.978795 0.578125 0.0379465 0.127976
1 0.270368 0.56436 0.148438 0.511161
0 0.423549 0.335844 0.296875 0.608073
0 0.398647 0.328125 0.486189 0.65625
0 0.271763 0.558129 0.144531 0.504278
2 0.268694 0.551339 0.143415 0.473214
1 0.280134 0.583147 0.210938 0.559896
0 0.445312 0.353423 0.166295 0.559524
1 0.445312 0.353423 0.166295 0.559524
2 0.979353 0.577381 0.0390625 0.12872
1 0.424944 0.334542 0.308594 0.610677
1 0.979353 0.577381 0.0390625 0.12872
0 0.483817 0.334821 0.260045 0.607887
0 0.222935 0.539156 0.117746 0.512463
0 0.979353 0.577381 0.0390625 0.12872
0 0.3351 0.392485 0.284598 0.537946
3 0.978795 0.584821 0.0424107 0.177083
1 0.212263 0.523251 0.0676618 0.423735
1 0.398647 0.328125 0.486189 0.65625
0 0.203962 0.496094 0.129464 0.534598
1 0.243304 0.504278 0.112723 0.461682
0 0.381417 0.366536 0.188058 0.540737
0 0.496652 0.331101 0.435268 0.662202
0 0.280134 0.583147 0.210938 0.559896
0 0.315011 0.494327 0.241071 0.502418
1 0.246652 0.525298 0.0998884 0.286458
3 0.271763 0.558129 0.144531 0.504278
2 0.222935 0.539156 0.117746 0.512463
0 0.212263 0.523251 0.0676618 0.423735
0 0.42341 0.413411 0.185547 0.464844
0 0.212891 0.611793 0.188616 0.597842
1 0.211705 0.525298 0.0464565 0.270833
2 0.977679 0.574033 0.0446428 0.194196
2 0.424944 0.334542 0.308594 0.610677
1 0.222935 0.539156 0.117746 0.512463
3 0.973772 0.558408 0.0379464 0.153274
1 0.42341 0.413411 0.185547 0.464844
0 0.201451 0.624256 0.299665 0.614583
2 0.246652 0.525298 0.0998884 0.286458
0 0.332589 0.528181 0.142857 0.440662
1 0.328125 0.566964 0.142857 0.480655
2 0.211705 0.525298 0.0464565 0.270833
2 0.212263 0.523251 0.0676618 0.423735
1 0.977679 0.574033 0.0446428 0.194196
0 0.243304 0.504278 0.112723 0.461682
3 0.408482 0.335659 0.353795 0.62779
1 0.412528 0.493676 0.180525 0.360863
1 0.315011 0.494327 0.241071 0.502418
1 0.381417 0.366536 0.188058 0.540737
2 0.398647 0.328125 0.486189 0.65625
0 0.282506 0.312779 0.439453 0.600632
0 0.382812 0.432292 0.148438 0.443452
2 0.243304 0.504278 0.112723 0.461682
0 0.544643 0.333705 0.198661 0.567708
0 0.385882 0.476469 0.122768 0.341704
0 0.29555 0.344773 0.177874 0.475632
3 0.986607 0.589658 0.0267857 0.190476
1 0.205845 0.499256 0.0431083 0.272321
