3 0.537946 0.462426 0.0379465 0.131696
3 0.323382 0.450149 0.0770089 0.184524
2 0.323382 0.450149 0.0770089 0.184524
3 0.330915 0.456845 0.0597098 0.154018
2 0.32394 0.469866 0.0876116 0.255208
0 0.326172 0.454613 0.0876116 0.190476
3 0.32394 0.469866 0.0876116 0.255208
1 0.537946 0.462426 0.0390625 0.133185
1 0.326172 0.454613 0.0876116 0.190476
3 0.316964 0.456845 0.0591518 0.154018
3 0.53404 0.463542 0.0680804 0.182292
2 0.537946 0.462426 0.0390625 0.133185
0 0.540179 0.459449 0.0379464 0.132441
3 0.542411 0.468006 0.107143 0.255952
3 0.345424 0.46317 0.0513393 0.137649
3 0.346261 0.464658 0.0641741 0.171131
2 0.330915 0.456845 0.0597098 0.154018
3 0.530134 0.479911 0.0334821 0.141369
3 0.541295 0.478423 0.0323661 0.119048
3 0.331752 0.481027 0.046875 0.159226
