3 0.979911 0.580357 0.0379464 0.125
0 0.124721 0.60026 0.243862 0.781622
0 0.319824 0.331845 0.545619 0.65997
0 0.390485 0.332961 0.364118 0.611607
0 0.127372 0.394717 0.235212 0.767113
0 0.0984584 0.651786 0.183664 0.668155
1 0.127372 0.394717 0.235212 0.767113
0 0.165876 0.535528 0.331752 0.741443
0 0.443778 0.3524 0.168248 0.566034
1 0.393276 0.331752 0.385324 0.616257
0 0.195801 0.37686 0.387416 0.75372
2 0.979911 0.579241 0.0379464 0.125
1 0.443778 0.3524 0.168248 0.566034
1 0.979911 0.579241 0.0379464 0.125
0 0.183315 0.672247 0.366071 0.649554
1 0.132185 0.599702 0.259068 0.779762
1 0.297015 0.335565 0.504185 0.671131
0 0.979911 0.579241 0.0379464 0.125
3 0.978795 0.58817 0.0424107 0.168155
0 0.482422 0.334077 0.256138 0.610119
2 0.390485 0.332961 0.364118 0.611607
2 0.132185 0.599702 0.259068 0.779762
0 0.489537 0.330915 0.422712 0.66183
1 0.907924 0.345982 0.178571 0.630952
2 0.319336 0.330357 0.553292 0.660714
3 0.132185 0.599702 0.259068 0.779762
2 0.130057 0.391369 0.249372 0.767857
3 0.319336 0.330357 0.553292 0.660714
2 0.978795 0.58817 0.0424107 0.168155
1 0.977679 0.577009 0.0446428 0.19122
0 0.231515 0.339286 0.260184 0.631696
0 0.907924 0.345982 0.178571 0.630952
3 0.130057 0.391369 0.249372 0.767857
0 0.410993 0.314732 0.207031 0.569941
1 0.0984584 0.651786 0.183664 0.668155
3 0.986328 0.590774 0.0273438 0.181548
3 0.390485 0.332961 0.364118 0.611607
0 0.417969 0.412481 0.145647 0.472656
1 0.172642 0.444754 0.333287 0.777158
0 0.158482 0.570685 0.232701 0.632441
0 0.544643 0.333705 0.190848 0.561012
0 0.0904715 0.457589 0.180943 0.793155
3 0.973214 0.559152 0.0390625 0.154762
