3 0.979353 0.577381 0.0379464 0.130208
1 0.511021 0.559152 0.169922 0.412946
0 0.396624 0.342727 0.387556 0.622582
0 0.378069 0.33138 0.576451 0.661644
0 0.503906 0.533203 0.176339 0.457403
0 0.499861 0.496094 0.224609 0.617932
0 0.461077 0.444289 0.209542 0.632254
1 0.492606 0.527437 0.229074 0.483817
2 0.505022 0.53218 0.178571 0.480283
2 0.979911 0.576637 0.0379464 0.127232
1 0.461077 0.444289 0.209542 0.632254
0 0.493722 0.38151 0.345145 0.698289
1 0.400251 0.341797 0.409319 0.631882
1 0.979911 0.576637 0.0379464 0.127232
0 0.426479 0.421503 0.211775 0.480655
0 0.979911 0.576637 0.0379464 0.127232
0 0.441685 0.470145 0.143415 0.518043
0 0.418527 0.372861 0.141741 0.541481
0 0.497768 0.340402 0.484375 0.680804
2 0.461077 0.444289 0.209542 0.632254
0 0.412946 0.475074 0.0859375 0.340774
3 0.979074 0.583705 0.0418527 0.188244
0 0.418527 0.428943 0.109375 0.457589
2 0.499861 0.496094 0.224609 0.617932
1 0.412946 0.475074 0.0859375 0.340774
1 0.316825 0.337426 0.498047 0.674851
3 0.503906 0.533203 0.176339 0.457403
1 0.426479 0.421503 0.211775 0.480655
2 0.396624 0.342727 0.387556 0.622582
3 0.97433 0.557664 0.0379464 0.154018
1 0.441685 0.470145 0.143415 0.518043
0 0.444755 0.343006 0.207589 0.601935
1 0.53683 0.507068 0.148438 0.537946
2 0.977679 0.572545 0.0446428 0.201637
1 0.409877 0.513393 0.0585938 0.232143
1 0.418527 0.428943 0.109375 0.457589
1 0.418527 0.372861 0.141741 0.541481
1 0.501116 0.565104 0.159598 0.292411
0 0.543108 0.344866 0.248605 0.616816
1 0.907366 0.349051 0.176339 0.624814
1 0.426618 0.498512 0.143415 0.345238
3 0.212333 0.572173 0.0290179 0.0922619
0 0.426618 0.498512 0.143415 0.345238
3 0.380999 0.340123 0.490234 0.664993
3 0.214076 0.531994 0.0339007 0.151042
3 0.228446 0.566592 0.03976 0.100446
2 0.378069 0.33138 0.576451 0.661644
0 0.27567 0.720982 0.469866 0.552083
1 0.545759 0.550037 0.180804 0.405878
0 0.907366 0.349051 0.176339 0.624814
1 0.490234 0.642299 0.147879 0.399926
1 0.977679 0.572545 0.0446428 0.201637
