3 0.529576 0.462798 0.0535714 0.150298
2 0.0853795 0.473214 0.0915179 0.27381
2 0.0841588 0.530413 0.104562 0.449591
3 0.527762 0.458333 0.0661273 0.197917
0 0.0782645 0.654762 0.130301 0.683036
3 0.0836705 0.459077 0.0887974 0.247024
1 0.0782645 0.654762 0.130301 0.683036
1 0.0846819 0.533296 0.106306 0.412574
1 0.527762 0.458333 0.0661273 0.197917
0 0.0846819 0.533296 0.106306 0.412574
0 0.527762 0.458333 0.0661273 0.197917
3 0.0841588 0.530413 0.104562 0.449591
1 0.52846 0.460566 0.0524553 0.154762
2 0.527762 0.46131 0.0583148 0.175595
2 0.0800781 0.654018 0.126953 0.683036
0 0.52846 0.460566 0.0524553 0.154762
1 0.0853795 0.473214 0.0915179 0.27381
3 0.510603 0.464658 0.0691965 0.139881
3 0.523438 0.417039 0.0424107 0.161458
0 0.0853795 0.459821 0.0926339 0.24256
2 0.0848214 0.473214 0.0666853 0.14881
2 0.068464 0.465774 0.0550363 0.142857
3 0.0782645 0.654762 0.130301 0.683036
3 0.521624 0.433036 0.0951451 0.287946
2 0.0959821 0.449033 0.0772879 0.236607
3 0.546735 0.457589 0.140904 0.383185
0 0.0844029 0.655506 0.168806 0.688988
