0 0.519113 0.671131 0.283203 0.563988
1 0.518415 0.672619 0.285714 0.566964
3 0.358538 0.52567 0.0295759 0.104167
3 0.356027 0.491443 0.0284598 0.061756
3 0.356027 0.49442 0.0273438 0.0959821
2 0.518415 0.672619 0.285714 0.566964
3 0.363839 0.533854 0.0334821 0.123512
3 0.363839 0.49628 0.0323661 0.104911
3 0.364118 0.523438 0.0385045 0.0796131
3 0.518415 0.672619 0.285714 0.566964
3 0.358259 0.524554 0.0435268 0.186756
0 0.567522 0.69122 0.190848 0.543155
3 0.35798 0.571429 0.0357143 0.184524
3 0.364955 0.496652 0.0524554 0.234375
