0 0.857143 0.601004 0.272321 0.78311
0 0.854911 0.390625 0.279018 0.78125
0 0.392718 0.33324 0.357422 0.610305
0 0.324986 0.332496 0.543108 0.6609
1 0.856027 0.348586 0.27567 0.676339
1 0.396275 0.331845 0.373744 0.613839
0 0.443917 0.354539 0.170201 0.56622
1 0.855469 0.601935 0.277902 0.784226
3 0.982143 0.59561 0.03125 0.323661
1 0.981585 0.58631 0.03125 0.275298
3 0.982701 0.584821 0.0290178 0.15253
1 0.443917 0.354539 0.170201 0.56622
0 0.888393 0.657366 0.208705 0.65253
3 0.985491 0.584077 0.0256697 0.108631
1 0.313198 0.332589 0.449498 0.665179
0 0.486747 0.333705 0.280971 0.610119
2 0.855469 0.601935 0.277902 0.784226
2 0.852679 0.347842 0.28125 0.695685
0 0.981585 0.58631 0.03125 0.275298
1 0.982701 0.584821 0.0290178 0.15253
2 0.981585 0.58631 0.03125 0.275298
3 0.226074 0.570685 0.0400391 0.101935
2 0.982701 0.584821 0.0290178 0.15253
2 0.396275 0.331845 0.373744 0.613839
3 0.214286 0.574033 0.0329241 0.0952381
3 0.855469 0.601935 0.277902 0.784226
3 0.852679 0.347842 0.28125 0.695685
0 0.794085 0.606027 0.311384 0.729911
3 0.227679 0.567708 0.061942 0.167411
3 0.37228 0.331938 0.427316 0.635231
3 0.213937 0.537574 0.0369699 0.15253
2 0.325126 0.330357 0.55399 0.660714
0 0.417411 0.415551 0.143415 0.470238
3 0.214146 0.571429 0.0488281 0.135417
3 0.978795 0.577381 0.032366 0.104167
0 0.939732 0.614304 0.103795 0.616629
3 0.223424 0.536086 0.0464565 0.160714
0 0.492188 0.331845 0.447545 0.663691
1 0.980469 0.653646 0.0323661 0.476935
0 0.334821 0.360956 0.251116 0.584635
0 0.982701 0.584821 0.0290178 0.15253
0 0.97433 0.579241 0.0513392 0.506696
2 0.985491 0.584077 0.0256697 0.108631
0 0.408761 0.315104 0.200335 0.563244
1 0.417411 0.415551 0.143415 0.470238
0 0.380301 0.362351 0.207589 0.555059
1 0.97433 0.579241 0.0513392 0.506696
