0 0.87779 0.601935 0.237723 0.784226
0 0.864955 0.446057 0.251116 0.817708
0 0.84375 0.344122 0.305804 0.68378
0 0.75558 0.390997 0.444196 0.781994
0 0.681362 0.383464 0.452009 0.701823
1 0.86942 0.600074 0.258929 0.77753
0 0.777902 0.524461 0.357143 0.760603
1 0.861607 0.343006 0.262277 0.686012
2 0.876674 0.604167 0.243304 0.788691
0 0.786272 0.616444 0.28683 0.712054
3 0.876674 0.604167 0.243304 0.788691
1 0.678571 0.384301 0.5 0.697173
2 0.861607 0.343006 0.262277 0.686012
3 0.861607 0.343006 0.262277 0.686012
1 0.756696 0.426711 0.450893 0.807292
0 0.847656 0.284226 0.217634 0.568452
1 0.834542 0.44029 0.330915 0.860491
