3 0.978795 0.577753 0.0390625 0.133929
1 0.847098 0.534226 0.0825893 0.328869
0 0.384975 0.333054 0.374023 0.613653
0 0.330566 0.329892 0.540876 0.658668
2 0.845982 0.535156 0.0848215 0.322545
1 0.388811 0.331473 0.389788 0.618304
0 0.44322 0.354911 0.171596 0.55878
2 0.978795 0.577381 0.0401785 0.130208
1 0.862723 0.523066 0.116071 0.38244
0 0.844308 0.532738 0.0837054 0.316964
1 0.978795 0.577381 0.0401785 0.127976
3 0.847656 0.535342 0.0848214 0.31622
0 0.485352 0.335565 0.263672 0.610119
0 0.978795 0.577381 0.0401785 0.127976
1 0.44322 0.354911 0.171596 0.55878
2 0.863281 0.52567 0.107143 0.390625
0 0.862723 0.523066 0.116071 0.38244
1 0.976562 0.570685 0.0435267 0.183036
0 0.492188 0.331101 0.444196 0.662202
3 0.229074 0.569568 0.0424107 0.101935
3 0.97433 0.556176 0.0412946 0.176339
0 0.871652 0.39881 0.167411 0.560268
3 0.213937 0.577381 0.0302734 0.0877976
2 0.369978 0.331752 0.434152 0.631138
2 0.976562 0.570685 0.0435267 0.183036
1 0.904576 0.365606 0.146205 0.605097
0 0.91183 0.37872 0.146205 0.586309
3 0.369978 0.331752 0.434152 0.631138
3 0.231027 0.566964 0.0658482 0.18006
1 0.829241 0.519531 0.21875 0.356771
0 0.976562 0.570685 0.0435267 0.183036
3 0.986049 0.591146 0.0279017 0.164435
3 0.214076 0.574033 0.0472935 0.136905
1 0.833705 0.549107 0.0859375 0.28869
0 0.415737 0.413039 0.15067 0.4641
0 0.545201 0.333705 0.1875 0.560268
0 0.337891 0.3617 0.253906 0.577195
3 0.222377 0.577753 0.0345982 0.0989583
3 0.214286 0.535714 0.0362723 0.150298
0 0.40904 0.313988 0.207589 0.565476
3 0.226772 0.53311 0.0492467 0.167411
