2 0.121373 0.452381 0.107143 0.243304
2 0.587054 0.450521 0.128348 0.471726
2 0.597098 0.429222 0.092634 0.363281
3 0.12071 0.454241 0.10512 0.243304
0 0.576451 0.470982 0.159598 0.498512
1 0.576451 0.470982 0.159598 0.498512
0 0.59096 0.429688 0.117188 0.387649
1 0.597098 0.429222 0.092634 0.363281
0 0.566267 0.61356 0.215681 0.714844
2 0.565848 0.424758 0.186384 0.479353
3 0.597098 0.429222 0.092634 0.363281
1 0.11942 0.451637 0.109096 0.241816
0 0.11942 0.451637 0.109096 0.241816
0 0.539481 0.481399 0.252511 0.529762
0 0.502232 0.472098 0.31808 0.674851
1 0.539481 0.481399 0.252511 0.529762
3 0.585938 0.452381 0.13058 0.446429
3 0.618304 0.458705 0.0491072 0.255952
3 0.612723 0.455729 0.061384 0.395089
2 0.130022 0.444941 0.0747768 0.151042
2 0.612723 0.455729 0.061384 0.395089
2 0.618304 0.458705 0.0491072 0.255952
1 0.489537 0.478795 0.353516 0.692708
1 0.612723 0.455729 0.061384 0.395089
2 0.526786 0.442336 0.207589 0.50372
0 0.478376 0.611607 0.353516 0.724702
3 0.142857 0.439732 0.0549665 0.139881
3 0.138951 0.46689 0.0583147 0.151042
3 0.637277 0.47433 0.0267857 0.220238
2 0.126395 0.428199 0.126116 0.353423
2 0.142857 0.439732 0.0549665 0.139881
