1 0.0348772 0.489211 0.0680804 0.618304
3 0.433036 0.46875 0.0412946 0.0907738
3 0.439453 0.46131 0.0351562 0.0840774
1 0.0319127 0.603981 0.0638253 0.696801
0 0.0319127 0.603981 0.0638253 0.696801
3 0.421875 0.460938 0.0429688 0.0840774
3 0.439732 0.461682 0.0429688 0.110863
0 0.0348772 0.489211 0.0680804 0.618304
3 0.440848 0.482515 0.030692 0.0811012
3 0.450335 0.476562 0.0301339 0.0684524
2 0.0341797 0.517857 0.0655692 0.721726
3 0.450614 0.471726 0.0485491 0.147321
0 0.0523158 0.61263 0.101842 0.725632
3 0.42327 0.482143 0.0345982 0.0885417
3 0.44029 0.482887 0.0368304 0.116071
1 0.430246 0.468006 0.046317 0.0982143
1 0.0299595 0.402995 0.0599191 0.531808
3 0.434989 0.463914 0.0864955 0.221726
0 0.430246 0.468006 0.046317 0.0982143
2 0.0289481 0.62593 0.0578962 0.635045
0 0.0330287 0.341983 0.0660575 0.493118
1 0.0468052 0.531436 0.0899833 0.707961
3 0.405692 0.469494 0.0357143 0.0818452
1 0.439732 0.461682 0.0429688 0.110863
0 0.0511649 0.423642 0.0929827 0.591704
1 0.439453 0.46131 0.0351562 0.0840774
3 0.0341797 0.517857 0.0655692 0.721726
0 0.439732 0.461682 0.0429688 0.110863
3 0.425223 0.482515 0.0452009 0.111607
0 0.439453 0.46131 0.0351562 0.0840774
1 0.424107 0.460566 0.0368304 0.0811012
3 0.427734 0.486235 0.0915179 0.30878
2 0.439453 0.46131 0.0351562 0.0840774
3 0.405413 0.468378 0.0574777 0.127232
1 0.450614 0.471726 0.0485491 0.147321
2 0.433036 0.46875 0.0412946 0.0907738
0 0.0269601 0.687128 0.0539202 0.584077
1 0.440848 0.482515 0.030692 0.0811012
3 0.459263 0.50186 0.0301339 0.0967262
0 0.434989 0.463914 0.0864955 0.221726
0 0.424107 0.460566 0.0368304 0.0811012
1 0.450335 0.476562 0.0301339 0.0684524
