2 0.935268 0.451265 0.125 0.37128
1 0.934152 0.457589 0.129464 0.386905
1 0.367467 0.633929 0.0959821 0.633929
1 0.924107 0.504929 0.146205 0.516927
0 0.367467 0.633929 0.0959821 0.633929
3 0.364676 0.52939 0.0407366 0.145089
2 0.923549 0.502418 0.141741 0.563616
3 0.36942 0.537574 0.0580357 0.343006
0 0.934152 0.469866 0.13058 0.411458
3 0.369141 0.50186 0.0385045 0.0662202
3 0.364118 0.522693 0.0418527 0.0907738
0 0.348214 0.692894 0.135045 0.578497
0 0.923549 0.502418 0.141741 0.563616
1 0.368583 0.620536 0.0691964 0.50744
3 0.36942 0.570685 0.0502232 0.236607
3 0.368862 0.504836 0.0373884 0.148065
3 0.366071 0.588635 0.100446 0.580171
2 0.367467 0.633929 0.0959821 0.633929
3 0.360491 0.495908 0.0340402 0.0632441
0 0.90625 0.612909 0.18192 0.678944
1 0.348214 0.692894 0.135045 0.578497
1 0.36942 0.537574 0.0580357 0.343006
3 0.935826 0.456566 0.128348 0.382999
3 0.36077 0.499628 0.0357143 0.130208
1 0.364676 0.52939 0.0407366 0.145089
3 0.368583 0.620536 0.0691964 0.50744
1 0.36942 0.570685 0.0502232 0.236607
1 0.915737 0.604539 0.126116 0.575149
0 0.36942 0.576637 0.0636161 0.441964
2 0.954241 0.456473 0.0870536 0.417411
1 0.954241 0.456473 0.0870536 0.417411
0 0.364955 0.528274 0.0552455 0.27381
0 0.915737 0.604539 0.126116 0.575149
3 0.361328 0.499628 0.0524554 0.274554
1 0.38365 0.667225 0.0876116 0.558408
0 0.319475 0.648066 0.231585 0.659226
3 0.371931 0.561384 0.046317 0.0967262
1 0.90625 0.612909 0.18192 0.678944
3 0.924107 0.504929 0.146205 0.516927
3 0.353516 0.664435 0.115513 0.604167
