2 0.678013 0.432292 0.0948661 0.287202
2 0.667411 0.453869 0.140625 0.46131
1 0.675781 0.428943 0.102679 0.290923
3 0.678013 0.433408 0.0926339 0.288691
0 0.667969 0.456845 0.143973 0.421875
0 0.675781 0.428943 0.102679 0.290923
1 0.667969 0.456845 0.143973 0.421875
0 0.632254 0.468099 0.25 0.47154
1 0.632254 0.468099 0.25 0.47154
3 0.667411 0.453869 0.140625 0.46131
2 0.645647 0.425967 0.194196 0.502976
0 0.551339 0.400298 0.294643 0.61756
2 0.65067 0.43378 0.126116 0.279018
0 0.625558 0.527437 0.175223 0.540365
0 0.553013 0.474516 0.366071 0.684896
2 0.688616 0.438988 0.0613839 0.15253
