1 0.309989 0.498977 0.257812 0.656808
0 0.308036 0.594029 0.260603 0.706287
2 0.886161 0.476097 0.160714 0.422805
1 0.884487 0.475818 0.166295 0.409226
1 0.311942 0.658854 0.257254 0.625744
2 0.884487 0.479539 0.147321 0.28497
0 0.890625 0.630859 0.178571 0.699591
0 0.885045 0.510696 0.16183 0.451823
1 0.890625 0.630859 0.178571 0.699591
1 0.884487 0.479539 0.147321 0.28497
2 0.3125 0.500837 0.267299 0.664993
3 0.882812 0.480283 0.160714 0.364583
0 0.886719 0.428943 0.183036 0.49256
0 0.266183 0.661086 0.263951 0.631696
1 0.873326 0.419178 0.205357 0.497954
3 0.3125 0.500837 0.267299 0.664993
0 0.342146 0.488746 0.358119 0.689174
1 0.882812 0.525019 0.21317 0.478237
1 0.901228 0.35612 0.158482 0.586868
1 0.902344 0.612351 0.122768 0.587798
0 0.286272 0.460007 0.238839 0.618676
2 0.873326 0.420387 0.199777 0.518601
2 0.863839 0.438244 0.138393 0.28869
0 0.901786 0.310547 0.160714 0.584263
2 0.311872 0.661086 0.28697 0.640625
2 0.890625 0.630859 0.178571 0.699591
2 0.875 0.526879 0.203125 0.507254
0 0.902344 0.612351 0.122768 0.587798
0 0.855469 0.413783 0.262277 0.537016
3 0.311872 0.661086 0.28697 0.640625
0 0.848772 0.541574 0.25558 0.52846
0 0.220703 0.619978 0.208147 0.718378
0 0.447405 0.279018 0.457868 0.50372
0 0.857143 0.617932 0.171875 0.612351
0 0.884487 0.479539 0.147321 0.28497
0 0.175781 0.66183 0.176339 0.612351
0 0.883929 0.333333 0.232143 0.610863
