1 0.868862 0.5492 0.188616 0.654576
3 0.978237 0.578869 0.0401786 0.127976
0 0.31829 0.331194 0.548689 0.65904
0 0.387765 0.332961 0.366211 0.616071
0 0.872768 0.552641 0.184152 0.653646
1 0.977679 0.578497 0.0401786 0.140625
3 0.976004 0.582961 0.0479911 0.235863
1 0.875558 0.670759 0.22433 0.536458
2 0.977679 0.578497 0.0401786 0.140625
0 0.442243 0.353144 0.175781 0.56901
1 0.391392 0.331473 0.380162 0.619792
1 0.976004 0.582961 0.0479911 0.235863
2 0.871652 0.567057 0.209821 0.69029
1 0.316267 0.334449 0.488002 0.668899
1 0.442243 0.353144 0.175781 0.56901
0 0.978795 0.580357 0.0401785 0.126488
0 0.484096 0.337054 0.25279 0.615327
3 0.882812 0.557943 0.183036 0.623698
2 0.976004 0.582961 0.0479911 0.235863
3 0.215332 0.531622 0.0352958 0.158482
3 0.226562 0.563616 0.0407366 0.109375
0 0.976004 0.582961 0.0479911 0.235863
2 0.369978 0.331566 0.425223 0.634487
0 0.491908 0.332403 0.433594 0.664807
3 0.213379 0.568824 0.0297154 0.100446
0 0.875558 0.670759 0.22433 0.536458
3 0.319266 0.329241 0.55678 0.658482
0 0.874442 0.419271 0.185268 0.633185
1 0.874442 0.419271 0.185268 0.633185
3 0.228167 0.561384 0.0609654 0.174851
0 0.214914 0.521205 0.118722 0.34747
3 0.986049 0.590774 0.0279017 0.194196
0 0.41769 0.412853 0.157366 0.471912
3 0.215402 0.529018 0.0530134 0.190476
3 0.213379 0.565848 0.0447824 0.148065
0 0.410156 0.315011 0.214286 0.572359
3 0.387765 0.332961 0.366211 0.616071
0 0.545201 0.333798 0.185268 0.566034
