3 0.978795 0.579613 0.0379465 0.126488
0 0.375279 0.598214 0.318638 0.775298
0 0.327288 0.33631 0.512835 0.672619
1 0.378209 0.549293 0.310547 0.797247
0 0.384068 0.401693 0.372489 0.733817
0 0.410714 0.353423 0.234375 0.637649
2 0.979353 0.578869 0.0390625 0.127232
0 0.415179 0.514695 0.265625 0.723586
1 0.979353 0.578869 0.0390625 0.127232
1 0.405134 0.451637 0.232143 0.645833
0 0.979353 0.578869 0.0390625 0.127232
0 0.473772 0.344122 0.188616 0.627232
3 0.977121 0.575893 0.0435267 0.188244
1 0.377651 0.402437 0.398717 0.739769
2 0.37514 0.598772 0.325614 0.769717
1 0.358817 0.653646 0.254464 0.633185
0 0.276437 0.693638 0.303153 0.571056
2 0.977121 0.575893 0.0435267 0.188244
0 0.43471 0.439825 0.200893 0.626302
3 0.37514 0.598772 0.325614 0.769717
1 0.350098 0.664807 0.379046 0.670387
0 0.379604 0.452195 0.256417 0.649182
1 0.977121 0.575893 0.0435267 0.188244
0 0.491071 0.337054 0.357143 0.624256
0 0.472656 0.381789 0.13058 0.615885
0 0.278669 0.611049 0.230608 0.578497
1 0.438895 0.349609 0.21596 0.638579
1 0.875558 0.313244 0.226563 0.622768
0 0.43457 0.665923 0.416574 0.668155
3 0.986328 0.591146 0.0273438 0.183036
0 0.477121 0.431641 0.0959822 0.577195
0 0.549107 0.338263 0.141741 0.566034
0 0.905134 0.345331 0.185268 0.629278
3 0.973772 0.56064 0.0368303 0.12872
2 0.329032 0.335938 0.520508 0.671875
1 0.479771 0.476748 0.0895648 0.555432
3 0.212821 0.56994 0.0325056 0.103423
1 0.49442 0.471819 0.0669643 0.489397
3 0.228516 0.566592 0.0457589 0.126488
