1 0.887835 0.539621 0.0870536 0.328497
3 0.979911 0.574777 0.0368303 0.136161
1 0.892299 0.517206 0.107143 0.453683
0 0.390765 0.333705 0.356864 0.611607
0 0.328613 0.334077 0.54255 0.66369
2 0.978795 0.574405 0.0390625 0.136905
2 0.888951 0.542783 0.09375 0.335566
0 0.887835 0.389323 0.183036 0.635045
0 0.891741 0.513672 0.109375 0.43099
1 0.39495 0.332217 0.375279 0.614583
0 0.442662 0.352307 0.169364 0.565476
1 0.920759 0.559524 0.0736608 0.216518
1 0.979911 0.573661 0.0357143 0.130952
0 0.890067 0.535714 0.0892858 0.324405
1 0.442662 0.352307 0.169364 0.565476
1 0.902344 0.381789 0.157366 0.62779
0 0.484654 0.334449 0.271763 0.611607
2 0.892299 0.517206 0.107143 0.453683
1 0.904576 0.552827 0.0948661 0.255952
0 0.979911 0.573661 0.0357143 0.130952
1 0.317941 0.335007 0.482422 0.670015
2 0.920759 0.559524 0.0736608 0.216518
0 0.90067 0.429688 0.132812 0.59003
3 0.920759 0.559524 0.0736608 0.216518
0 0.496373 0.331473 0.460379 0.662946
0 0.904576 0.552827 0.0948661 0.255952
1 0.890625 0.489769 0.212054 0.469866
0 0.920759 0.559524 0.0736608 0.216518
3 0.890067 0.535714 0.0892858 0.324405
3 0.973214 0.555432 0.0457589 0.203125
2 0.390765 0.333705 0.356864 0.611607
0 0.834822 0.369234 0.305804 0.710938
1 0.873884 0.470796 0.151786 0.552455
2 0.972098 0.574405 0.0535714 0.209821
1 0.871652 0.534226 0.103795 0.389881
2 0.328195 0.331845 0.5512 0.663691
3 0.373186 0.331938 0.421038 0.633743
3 0.891741 0.513672 0.109375 0.43099
2 0.904576 0.552827 0.0948661 0.255952
3 0.229283 0.568824 0.0375279 0.0952381
0 0.930246 0.377232 0.112723 0.589286
3 0.212054 0.574405 0.0290179 0.0900298
0 0.890625 0.489769 0.212054 0.469866
0 0.420201 0.410435 0.139509 0.469308
3 0.904576 0.552827 0.0948661 0.255952
0 0.409459 0.315476 0.212333 0.569941
3 0.973214 0.585193 0.0401786 0.14881
1 0.420201 0.410435 0.139509 0.469308
1 0.972098 0.551339 0.0491072 0.210566
0 0.545201 0.334821 0.191964 0.56622
0 0.334752 0.363002 0.247907 0.586496
3 0.231097 0.56622 0.0640346 0.168899
