3 0.979353 0.578125 0.0368304 0.127232
0 0.0837402 0.592169 0.165109 0.759115
1 0.0763114 0.509859 0.145368 0.703497
0 0.399554 0.333705 0.33817 0.602679
0 0.31815 0.333333 0.5512 0.663691
0 0.444615 0.352679 0.166574 0.564732
1 0.40346 0.332868 0.356027 0.605097
1 0.444615 0.352679 0.166574 0.564732
1 0.0856585 0.642113 0.158203 0.650298
2 0.979353 0.578125 0.0379464 0.126488
1 0.979353 0.578125 0.0379464 0.126488
0 0.482282 0.335938 0.248605 0.608631
0 0.174386 0.526414 0.175781 0.606399
0 0.979353 0.578125 0.0379464 0.126488
0 0.17606 0.619978 0.352121 0.655878
0 0.160191 0.610584 0.239328 0.628534
1 0.304688 0.334821 0.496652 0.669643
2 0.076416 0.509301 0.146833 0.689732
3 0.978795 0.584821 0.0424107 0.185268
0 0.0740444 0.466425 0.143206 0.628162
2 0.399554 0.333705 0.33817 0.602679
3 0.973772 0.556176 0.0379464 0.160714
0 0.493443 0.331845 0.423828 0.663691
3 0.076416 0.509301 0.146833 0.689732
1 0.103795 0.594494 0.207589 0.761905
2 0.978795 0.584821 0.0424107 0.185268
2 0.317383 0.331845 0.566127 0.663691
3 0.374791 0.331845 0.406669 0.625744
0 0.259766 0.723214 0.466518 0.549107
3 0.986328 0.59189 0.0273438 0.19122
0 0.412109 0.315476 0.211496 0.574405
0 0.420201 0.412295 0.135603 0.47154
0 0.123047 0.660528 0.246094 0.664062
1 0.977679 0.573661 0.0446428 0.209821
1 0.420201 0.412295 0.135603 0.47154
3 0.207171 0.569941 0.0800781 0.282738
3 0.208287 0.572173 0.0410156 0.108631
0 0.544503 0.334821 0.185547 0.566964
