3 0.978795 0.577753 0.0379465 0.127232
1 0.175084 0.592727 0.280413 0.72526
0 0.402065 0.333984 0.344308 0.608817
0 0.173758 0.582868 0.230608 0.64974
0 0.324009 0.344215 0.410017 0.677641
1 0.164062 0.554594 0.203125 0.603609
1 0.405134 0.333333 0.359375 0.613839
0 0.442941 0.353888 0.16769 0.563058
2 0.978795 0.577009 0.0390625 0.127232
1 0.442941 0.353888 0.16769 0.563058
0 0.210449 0.603423 0.350307 0.727679
1 0.978795 0.577009 0.0390625 0.127232
0 0.484236 0.335193 0.270368 0.615327
2 0.164062 0.554594 0.203125 0.603609
1 0.167969 0.690104 0.230469 0.581101
0 0.978795 0.577009 0.0390625 0.127232
3 0.978516 0.585566 0.0429688 0.18378
2 0.175293 0.593936 0.294503 0.734747
0 0.496512 0.331659 0.453404 0.663318
1 0.381906 0.328497 0.523019 0.65625
3 0.175293 0.593936 0.294503 0.734747
1 0.216239 0.655506 0.214844 0.608631
2 0.405134 0.333333 0.359375 0.613839
2 0.976562 0.573661 0.0446428 0.195685
0 0.144427 0.658854 0.215053 0.615327
3 0.973214 0.55878 0.0390625 0.153274
0 0.296735 0.617932 0.41769 0.593006
0 0.259138 0.549107 0.193778 0.581845
0 0.223842 0.501023 0.224191 0.59468
3 0.380301 0.332682 0.415737 0.638207
0 0.335658 0.363467 0.24721 0.595238
0 0.382533 0.361979 0.210379 0.563244
0 0.419364 0.41369 0.138951 0.462798
1 0.419364 0.41369 0.138951 0.462798
1 0.976562 0.573661 0.0446428 0.195685
3 0.164062 0.554594 0.203125 0.603609
0 0.216239 0.655506 0.214844 0.608631
2 0.331124 0.343843 0.44601 0.687314
0 0.276228 0.376488 0.195312 0.563988
0 0.132289 0.520275 0.204729 0.587426
0 0.543666 0.334821 0.199498 0.570685
0 0.909598 0.348214 0.174107 0.622024
1 0.909598 0.348214 0.174107 0.622024
