3 0.978237 0.580729 0.0390625 0.124256
1 0.370257 0.557478 0.248326 0.62314
0 0.376674 0.337333 0.473214 0.654204
0 0.368722 0.515997 0.278181 0.695684
0 0.438616 0.368676 0.264509 0.613095
0 0.44601 0.382068 0.182757 0.558036
2 0.978795 0.579985 0.0401785 0.125744
3 0.976562 0.576265 0.0435267 0.176339
1 0.380022 0.487165 0.313616 0.710194
1 0.978795 0.579985 0.0401785 0.125744
0 0.400391 0.441499 0.213728 0.582775
0 0.978795 0.579985 0.0401785 0.125744
2 0.374861 0.514695 0.271484 0.693824
0 0.472656 0.335565 0.171875 0.564732
0 0.470703 0.378348 0.115513 0.526786
0 0.380022 0.344122 0.236607 0.609375
1 0.351004 0.650856 0.197545 0.537574
2 0.976562 0.576265 0.0435267 0.176339
3 0.375837 0.514695 0.282924 0.68192
1 0.976562 0.576265 0.0435267 0.176339
3 0.222168 0.563616 0.0456194 0.139881
1 0.422852 0.491722 0.221261 0.561198
1 0.473075 0.418155 0.0996094 0.487351
1 0.375279 0.334728 0.498326 0.662388
3 0.222726 0.560268 0.0684989 0.297619
0 0.325614 0.555246 0.194754 0.59189
1 0.44601 0.382068 0.182757 0.558036
0 0.266741 0.698847 0.260603 0.518973
0 0.262486 0.511719 0.185965 0.518229
0 0.217634 0.524554 0.0714286 0.366071
3 0.212612 0.56808 0.0345982 0.109375
1 0.339774 0.673549 0.319336 0.557664
3 0.2131 0.533854 0.0380859 0.174851
1 0.438616 0.368676 0.264509 0.613095
1 0.908482 0.348958 0.178572 0.627232
1 0.395647 0.646763 0.194196 0.557664
0 0.499442 0.353516 0.341518 0.635231
0 0.219866 0.525112 0.107143 0.350074
3 0.212612 0.564732 0.047433 0.177827
0 0.339774 0.673549 0.319336 0.557664
3 0.986049 0.591146 0.0279017 0.165923
0 0.217983 0.527902 0.0461775 0.199405
1 0.325614 0.555246 0.194754 0.59189
0 0.370257 0.644345 0.21875 0.565476
2 0.375279 0.334728 0.498326 0.662388
0 0.976562 0.576265 0.0435267 0.176339
0 0.269252 0.59654 0.237165 0.512277
0 0.908482 0.348958 0.178572 0.627232
0 0.290737 0.362351 0.438616 0.724702
3 0.375279 0.334728 0.498326 0.662388
3 0.973214 0.561384 0.0379464 0.125744
0 0.299665 0.507999 0.329241 0.546503
0 0.344029 0.39974 0.219866 0.620164
