2 0.950893 0.562686 0.0982142 0.446057
2 0.951451 0.500744 0.0915178 0.293899
0 0.943638 0.662202 0.107143 0.625
1 0.943638 0.662202 0.107143 0.625
2 0.936384 0.648066 0.127232 0.641369
3 0.949777 0.518973 0.0959822 0.335565
2 0.941964 0.504278 0.111607 0.40811
0 0.950056 0.56436 0.0998883 0.424851
1 0.950056 0.56436 0.0998883 0.424851
0 0.918248 0.674107 0.163504 0.647321
0 0.962054 0.694941 0.0703125 0.598214
1 0.962054 0.694941 0.0703125 0.598214
1 0.921317 0.674293 0.157366 0.642485
1 0.957031 0.495536 0.0747767 0.355655
3 0.946429 0.574777 0.101562 0.485863
3 0.9375 0.490327 0.0982142 0.259673
3 0.958705 0.49256 0.0725446 0.270833
0 0.941964 0.504278 0.111607 0.40811
0 0.836496 0.641462 0.31808 0.709635
