0 0.0811942 0.654204 0.136719 0.664807
3 0.827009 0.452753 0.0758929 0.214286
2 0.823661 0.442708 0.0848214 0.243304
1 0.0825893 0.653646 0.137835 0.674851
2 0.0789621 0.611235 0.128627 0.59003
3 0.827009 0.443545 0.0870536 0.288504
2 0.0797991 0.499256 0.118025 0.388393
2 0.816964 0.441592 0.0993304 0.33631
0 0.823661 0.442708 0.0848214 0.243304
1 0.825335 0.453125 0.0792411 0.21131
3 0.840402 0.467262 0.0524554 0.139881
1 0.0793806 0.517764 0.124721 0.439174
1 0.827009 0.442708 0.0948661 0.273066
3 0.853795 0.465774 0.0267857 0.0818453
0 0.106445 0.664062 0.212891 0.670387
3 0.0792411 0.610491 0.128906 0.561756
2 0.0721261 0.477679 0.107143 0.287946
3 0.849888 0.463914 0.0323661 0.125744
3 0.835379 0.444568 0.0524553 0.148065
0 0.0793806 0.517764 0.124721 0.439174
3 0.0797991 0.499256 0.118025 0.388393
0 0.816964 0.441592 0.108259 0.304315
3 0.827567 0.420387 0.0625 0.247768
