1 0.0371094 0.481399 0.0671038 0.388393
2 0.0399693 0.47833 0.069894 0.376674
0 0.0437709 0.624907 0.0843331 0.681734
0 0.0389927 0.489211 0.0765904 0.520089
1 0.0420968 0.494048 0.0687082 0.285714
0 0.0660575 0.629371 0.126535 0.671317
1 0.0495954 0.509859 0.0874721 0.545759
1 0.0437709 0.624907 0.0843331 0.681734
0 0.0558036 0.694941 0.094029 0.595238
2 0.0495954 0.509859 0.0874721 0.545759
2 0.0313198 0.47526 0.0618025 0.478051
0 0.035784 0.665923 0.0595703 0.610119
1 0.0357143 0.554036 0.055385 0.545201
3 0.0389927 0.489211 0.0765904 0.520089
2 0.0590472 0.50465 0.0967494 0.419271
2 0.0437709 0.624907 0.0843331 0.681734
1 0.0590472 0.50465 0.0967494 0.419271
1 0.0660575 0.629371 0.126535 0.671317
2 0.0594657 0.507812 0.0886579 0.264881
0 0.0569196 0.420015 0.10798 0.524554
0 0.116978 0.639881 0.231445 0.694941
0 0.0403181 0.341518 0.0806362 0.494792
0 0.0420968 0.494048 0.0687082 0.285714
0 0.0357143 0.554036 0.055385 0.545201
1 0.0558036 0.694941 0.094029 0.595238
2 0.0357143 0.554036 0.055385 0.545201
2 0.0660575 0.629371 0.126535 0.671317
1 0.0594657 0.507812 0.0886579 0.264881
