2 0.516322 0.445685 0.115792 0.276042
2 0.304129 0.452753 0.0892857 0.198661
3 0.30385 0.455357 0.0864955 0.201637
3 0.516602 0.445313 0.114118 0.273066
1 0.514509 0.442336 0.112723 0.264137
0 0.514509 0.442336 0.112723 0.264137
0 0.305804 0.459821 0.0920759 0.209077
1 0.30385 0.452753 0.0898438 0.196429
3 0.30971 0.460566 0.0697545 0.153274
3 0.296038 0.43936 0.0697545 0.154018
2 0.493722 0.436849 0.135324 0.300409
3 0.476144 0.437872 0.0912388 0.271577
2 0.30971 0.460566 0.0697545 0.153274
3 0.494978 0.43564 0.063616 0.151042
0 0.515067 0.668527 0.140625 0.576637
0 0.502093 0.652158 0.19894 0.655506
3 0.476562 0.4375 0.0669643 0.236607
