1 0.859933 0.536086 0.103795 0.414435
3 0.979353 0.576265 0.0390625 0.136161
0 0.400949 0.33138 0.337612 0.605097
0 0.330427 0.332961 0.541155 0.665923
2 0.979353 0.575149 0.0401786 0.135417
1 0.405413 0.330729 0.354353 0.608631
0 0.860491 0.535714 0.104911 0.409226
0 0.443778 0.352586 0.169364 0.562686
1 0.443778 0.352586 0.169364 0.562686
1 0.979353 0.574777 0.0390625 0.132441
0 0.48577 0.333984 0.273996 0.616257
2 0.860491 0.535714 0.104911 0.409226
2 0.974051 0.565848 0.0518973 0.179315
0 0.498605 0.331752 0.455915 0.6609
0 0.979353 0.574777 0.0390625 0.132441
3 0.976842 0.576265 0.0463169 0.192708
1 0.374442 0.325893 0.534598 0.649554
2 0.405413 0.330729 0.354353 0.608631
3 0.860491 0.535714 0.104911 0.409226
1 0.974051 0.565848 0.0518973 0.179315
0 0.90904 0.388393 0.128348 0.587798
3 0.380511 0.329985 0.407506 0.631696
3 0.227958 0.563988 0.0418527 0.107887
0 0.974051 0.565848 0.0518973 0.179315
3 0.213728 0.572545 0.0301339 0.0952381
1 0.882812 0.533482 0.110491 0.410714
2 0.330427 0.331845 0.55678 0.663691
0 0.419085 0.414435 0.135045 0.459077
0 0.544782 0.333984 0.206194 0.576079
3 0.215611 0.532738 0.0352958 0.155506
1 0.835938 0.531808 0.109375 0.43936
1 0.887835 0.520926 0.200893 0.456659
1 0.419085 0.414435 0.135045 0.459077
0 0.410296 0.315476 0.205078 0.570684
3 0.224888 0.530506 0.046875 0.165179
3 0.229911 0.561756 0.0652902 0.184524
0 0.579381 0.35333 0.381417 0.662388
0 0.335658 0.361607 0.242188 0.577381
3 0.976004 0.555432 0.0368303 0.137649
1 0.48577 0.333984 0.273996 0.616257
2 0.971819 0.496931 0.0563616 0.396019
