3 0.740513 0.446057 0.0792411 0.201637
2 0.738281 0.44308 0.078125 0.195684
3 0.34933 0.447173 0.0825893 0.229911
2 0.348214 0.459077 0.0970982 0.258929
3 0.350446 0.469122 0.0987723 0.302827
3 0.75279 0.440848 0.0558036 0.153274
3 0.351562 0.492932 0.0742188 0.282738
1 0.739397 0.444941 0.0825893 0.19494
2 0.348772 0.519345 0.107701 0.401786
0 0.739397 0.444941 0.0825893 0.19494
1 0.348214 0.459077 0.0970982 0.258929
0 0.348214 0.459077 0.0970982 0.258929
2 0.351562 0.492932 0.0742188 0.282738
3 0.333705 0.464286 0.0496652 0.210565
0 0.356306 0.652437 0.190848 0.695126
0 0.348772 0.519345 0.107701 0.401786
3 0.34096 0.46317 0.0597098 0.148065
3 0.345424 0.418155 0.0641741 0.15253
2 0.367467 0.545573 0.142299 0.47433
0 0.397321 0.646856 0.289063 0.706287
0 0.399554 0.658668 0.215402 0.62314
1 0.348772 0.519345 0.107701 0.401786
0 0.367467 0.545573 0.142299 0.47433
2 0.75279 0.440848 0.0558036 0.153274
3 0.34096 0.493676 0.047433 0.115327
3 0.354911 0.437872 0.0647321 0.154018
2 0.741629 0.469866 0.0915179 0.279018
3 0.328962 0.466146 0.0379464 0.127976
