3 0.40625 0.503348 0.0747768 0.19494
2 0.406808 0.505952 0.0792411 0.19122
1 0.412109 0.689732 0.0976562 0.568452
1 0.405971 0.508185 0.0809152 0.194196
0 0.413783 0.702381 0.118304 0.569941
0 0.407645 0.501488 0.0898437 0.223958
2 0.409319 0.651414 0.101004 0.52753
3 0.407366 0.53497 0.0870536 0.252976
3 0.415737 0.488467 0.0647322 0.146577
2 0.405971 0.53311 0.0736607 0.28497
3 0.416295 0.510789 0.0563616 0.140625
1 0.43192 0.701451 0.152902 0.567336
0 0.409598 0.646391 0.0898437 0.52567
0 0.404576 0.49628 0.0736607 0.171131
3 0.400391 0.533482 0.0569196 0.230655
0 0.437221 0.696429 0.175781 0.592262
1 0.40904 0.614583 0.0703125 0.449405
