3 0.979911 0.579613 0.0379464 0.124256
1 0.114258 0.550223 0.127511 0.406994
0 0.391741 0.334356 0.351562 0.605097
0 0.315848 0.336868 0.454241 0.673735
2 0.112444 0.548363 0.120257 0.404762
0 0.114711 0.552083 0.12772 0.416667
1 0.396345 0.33324 0.370257 0.608817
0 0.443499 0.355655 0.164342 0.556548
1 0.0979353 0.54548 0.13058 0.49535
2 0.979911 0.578497 0.0379464 0.123512
1 0.443499 0.355655 0.164342 0.556548
1 0.979911 0.579241 0.0368303 0.118304
0 0.484794 0.335193 0.264788 0.607143
0 0.979911 0.578497 0.0379464 0.123512
1 0.317034 0.338542 0.484235 0.677083
3 0.979074 0.585193 0.0418527 0.173363
0 0.49721 0.330729 0.452009 0.661458
1 0.14352 0.545015 0.221889 0.44122
3 0.114711 0.552083 0.12772 0.416667
2 0.391741 0.334356 0.351562 0.605097
0 0.149798 0.509487 0.213239 0.528646
0 0.419643 0.414435 0.140067 0.465774
3 0.371233 0.332868 0.422712 0.628906
3 0.973772 0.558036 0.0379464 0.153274
2 0.317034 0.338542 0.484235 0.677083
1 0.0599888 0.537388 0.0951451 0.487723
2 0.977679 0.575149 0.0446428 0.195685
0 0.545759 0.333705 0.195312 0.56622
1 0.419643 0.414435 0.140067 0.465774
3 0.986607 0.590774 0.0267857 0.181548
1 0.977679 0.575149 0.0446428 0.195685
0 0.118827 0.553571 0.208775 0.43006
0 0.0599888 0.537388 0.0951451 0.487723
0 0.409459 0.313616 0.206752 0.567708
2 0.149379 0.510324 0.2018 0.537388
1 0.465123 0.406157 0.12779 0.474888
0 0.580915 0.350446 0.379464 0.645833
0 0.465123 0.406157 0.12779 0.474888
