1 0.569057 0.546968 0.243583 0.702195
3 0.978795 0.578497 0.0379465 0.127232
0 0.377651 0.348586 0.311663 0.59003
0 0.325335 0.334263 0.535714 0.668527
0 0.555246 0.530227 0.267857 0.670201
1 0.381975 0.347098 0.334263 0.602679
0 0.426618 0.385417 0.255022 0.59003
0 0.431501 0.476656 0.157087 0.507999
2 0.979353 0.577381 0.0390625 0.127232
0 0.416574 0.374349 0.141183 0.539993
1 0.431501 0.476656 0.157087 0.507999
0 0.415737 0.432199 0.106027 0.440662
1 0.979353 0.577381 0.0390625 0.127232
1 0.415737 0.432199 0.106027 0.440662
1 0.416574 0.374349 0.141183 0.539993
1 0.461356 0.509952 0.150949 0.481585
1 0.412946 0.467262 0.0876116 0.328125
1 0.586496 0.657738 0.246652 0.549107
0 0.979353 0.577381 0.0390625 0.127232
2 0.568638 0.547526 0.252232 0.689174
3 0.978516 0.584449 0.0429688 0.172619
0 0.412946 0.467262 0.0876116 0.328125
3 0.568638 0.547526 0.252232 0.689174
0 0.47433 0.354539 0.189732 0.535714
1 0.326381 0.333519 0.549247 0.667039
1 0.556362 0.469494 0.196429 0.581845
2 0.381975 0.347098 0.334263 0.602679
1 0.507812 0.504464 0.291295 0.559524
2 0.978516 0.584449 0.0429688 0.172619
1 0.419643 0.485119 0.126674 0.324405
0 0.464565 0.505487 0.170201 0.457775
3 0.97433 0.557292 0.0379464 0.158482
1 0.977121 0.573661 0.0435267 0.19494
2 0.431501 0.476656 0.157087 0.507999
0 0.507812 0.504464 0.291295 0.559524
1 0.426897 0.508185 0.0848214 0.427083
0 0.419643 0.485119 0.126674 0.324405
1 0.471401 0.394345 0.175502 0.5625
1 0.411272 0.503348 0.0703125 0.245536
2 0.461356 0.509952 0.150949 0.481585
1 0.907924 0.349702 0.174107 0.623512
0 0.426897 0.508185 0.0848214 0.427083
2 0.326381 0.333519 0.549247 0.667039
1 0.39481 0.488467 0.0647321 0.247768
0 0.602121 0.563151 0.215402 0.65346
3 0.986328 0.590774 0.0273438 0.186756
3 0.381975 0.347098 0.334263 0.602679
2 0.412946 0.467262 0.0876116 0.328125
1 0.392578 0.475818 0.0887277 0.279018
3 0.210938 0.568452 0.0301339 0.0989583
