3 0.978237 0.580357 0.0390625 0.125
1 0.325335 0.547061 0.195312 0.617188
0 0.400391 0.34933 0.342076 0.639137
0 0.335658 0.513486 0.217634 0.678385
0 0.354492 0.331008 0.505301 0.659412
1 0.347726 0.506696 0.28111 0.547619
0 0.384766 0.433408 0.227679 0.578125
0 0.413225 0.359747 0.22154 0.574405
2 0.978237 0.580357 0.0390625 0.125
0 0.378906 0.531064 0.174665 0.512277
1 0.978795 0.579613 0.0401785 0.127232
1 0.378906 0.531064 0.174665 0.512277
0 0.368583 0.338542 0.237723 0.594494
1 0.384766 0.433408 0.227679 0.578125
3 0.976562 0.575893 0.0435267 0.179315
0 0.294364 0.478423 0.203683 0.686012
1 0.392718 0.350353 0.375279 0.662388
0 0.978795 0.579613 0.0401785 0.127232
2 0.329799 0.524833 0.203683 0.654204
0 0.482701 0.337705 0.273438 0.610305
0 0.409598 0.477307 0.145647 0.40997
0 0.461914 0.359375 0.17885 0.55506
2 0.976562 0.575893 0.0435267 0.179315
0 0.304129 0.34003 0.210379 0.595982
2 0.347726 0.506696 0.28111 0.547619
1 0.413225 0.359747 0.22154 0.574405
1 0.976562 0.575893 0.0435267 0.179315
0 0.287667 0.385696 0.3125 0.686942
2 0.384766 0.433408 0.227679 0.578125
3 0.331194 0.52474 0.243304 0.655878
0 0.49135 0.332217 0.458147 0.664435
2 0.392718 0.350353 0.375279 0.662388
1 0.314732 0.673363 0.24442 0.477679
1 0.4149 0.510789 0.131138 0.398065
3 0.212054 0.567336 0.0563616 0.231399
0 0.418248 0.511533 0.107701 0.236607
0 0.217634 0.517764 0.126674 0.440662
3 0.392718 0.350353 0.375279 0.662388
0 0.224051 0.563802 0.0708705 0.422991
3 0.212402 0.569569 0.0361328 0.134673
0 0.237095 0.34561 0.216657 0.59003
1 0.366281 0.588542 0.355608 0.575893
1 0.2899 0.587333 0.231027 0.600632
1 0.384487 0.524926 0.121652 0.263393
2 0.378906 0.531064 0.174665 0.512277
1 0.418248 0.511533 0.107701 0.236607
1 0.908482 0.344494 0.177455 0.635417
3 0.986049 0.591146 0.0279017 0.176339
0 0.976562 0.575893 0.0435267 0.179315
0 0.384487 0.524926 0.121652 0.263393
1 0.461914 0.359375 0.17885 0.55506
0 0.544643 0.334449 0.1875 0.560268
3 0.318638 0.538876 0.164063 0.621652
3 0.211565 0.53311 0.0361328 0.202381
3 0.973772 0.561012 0.0368303 0.127232
