0 0.881697 0.552269 0.160714 0.633557
1 0.879464 0.568731 0.151786 0.701823
3 0.980469 0.578125 0.0357142 0.131696
0 0.396205 0.33417 0.340402 0.603981
0 0.322405 0.334077 0.538225 0.662202
2 0.979353 0.578497 0.0368304 0.15625
1 0.400391 0.333333 0.358817 0.607143
1 0.979353 0.578497 0.0368304 0.15625
0 0.444336 0.353051 0.1649 0.558036
1 0.444336 0.353051 0.1649 0.558036
0 0.886719 0.422247 0.170759 0.62128
0 0.484375 0.333333 0.267857 0.606399
2 0.88058 0.560268 0.152902 0.657738
0 0.980469 0.578125 0.0357142 0.131696
1 0.321359 0.331566 0.549247 0.66276
0 0.497489 0.330264 0.454799 0.659412
0 0.879464 0.661272 0.145089 0.576265
2 0.396205 0.33417 0.340402 0.603981
1 0.929688 0.569196 0.0870536 0.35119
3 0.882254 0.556548 0.159598 0.620536
2 0.983817 0.578497 0.0301339 0.127976
1 0.952567 0.585193 0.0669643 0.329613
1 0.890067 0.687128 0.136161 0.546875
0 0.929688 0.569196 0.0870536 0.35119
2 0.321359 0.331566 0.549247 0.66276
3 0.952567 0.585193 0.0669643 0.329613
3 0.376256 0.332682 0.412667 0.629278
0 0.952567 0.585193 0.0669643 0.329613
3 0.976004 0.593006 0.0401786 0.21875
0 0.418248 0.412574 0.136161 0.462798
1 0.983817 0.578497 0.0301339 0.127976
0 0.334542 0.363095 0.248884 0.589286
0 0.408761 0.314453 0.200335 0.566034
3 0.211565 0.574405 0.0272042 0.0863096
3 0.929688 0.569196 0.0870536 0.35119
1 0.886719 0.422247 0.170759 0.62128
0 0.54534 0.33324 0.195034 0.562686
1 0.418248 0.412574 0.136161 0.462798
1 0.484375 0.333333 0.267857 0.606399
2 0.952567 0.585193 0.0669643 0.329613
3 0.977679 0.597098 0.0357143 0.119048
3 0.23012 0.569569 0.0375279 0.0974703
