3 0.482422 0.476562 0.0396205 0.0997024
3 0.172712 0.488839 0.0267857 0.0714286
3 0.173689 0.495908 0.0334821 0.116071
3 0.484096 0.484375 0.0574777 0.143601
1 0.482561 0.479539 0.0415736 0.0982143
1 0.484096 0.484375 0.0574777 0.143601
1 0.173828 0.489211 0.03125 0.0855655
0 0.482561 0.479539 0.0415736 0.0982143
0 0.484096 0.484375 0.0574777 0.143601
3 0.17048 0.467262 0.0223214 0.0535714
3 0.172991 0.465774 0.0237165 0.104167
1 0.172573 0.500744 0.0337612 0.140625
0 0.173828 0.489211 0.03125 0.0855655
2 0.482561 0.479539 0.0415736 0.0982143
3 0.155552 0.482515 0.0332031 0.107887
2 0.172991 0.488095 0.0276228 0.0758929
3 0.174805 0.46317 0.0359933 0.191964
3 0.473493 0.486607 0.0390625 0.104167
0 0.172573 0.500744 0.0337612 0.140625
3 0.155971 0.479911 0.0295759 0.0736607
3 0.172433 0.539342 0.0591518 0.512091
3 0.472377 0.459821 0.0362723 0.0900298
