3 0.52567 0.44308 0.0792411 0.229167
3 0.523996 0.455357 0.09375 0.328125
2 0.524693 0.452381 0.094587 0.283482
3 0.538504 0.456845 0.0569196 0.205357
1 0.523996 0.456473 0.0982143 0.311012
0 0.523996 0.456473 0.0982143 0.311012
2 0.52846 0.447917 0.0747767 0.218006
3 0.513393 0.440476 0.0658482 0.199405
1 0.52846 0.447917 0.0747767 0.218006
3 0.540179 0.446057 0.0491072 0.148066
0 0.512835 0.665737 0.15067 0.617932
0 0.527902 0.449405 0.0825893 0.228423
3 0.526786 0.459821 0.0558035 0.151786
3 0.546875 0.467634 0.0412946 0.145833
3 0.523438 0.485119 0.0658482 0.294643
3 0.541295 0.485863 0.0558036 0.300595
3 0.558036 0.47061 0.032366 0.156994
3 0.559152 0.470982 0.0267857 0.115327
2 0.524414 0.496466 0.108538 0.423735
