3 0.978795 0.577009 0.0379465 0.127232
1 0.645647 0.554316 0.11942 0.355655
0 0.401228 0.333798 0.339286 0.601749
0 0.322824 0.332589 0.536272 0.662202
2 0.647879 0.550223 0.118304 0.345982
1 0.405552 0.332868 0.356306 0.603609
0 0.444057 0.352679 0.164342 0.561756
1 0.444057 0.352679 0.164342 0.561756
2 0.979353 0.576265 0.0379464 0.127232
1 0.979353 0.576265 0.0379464 0.127232
0 0.979353 0.576265 0.0379464 0.127232
1 0.322824 0.331101 0.549665 0.662202
3 0.978516 0.584077 0.0429688 0.18006
0 0.643973 0.554501 0.120536 0.364211
0 0.484096 0.339007 0.248326 0.610677
2 0.405552 0.332868 0.356306 0.603609
3 0.645647 0.554688 0.120536 0.357887
0 0.491071 0.329985 0.433036 0.65997
3 0.211844 0.574033 0.0277623 0.0892857
2 0.978516 0.584077 0.0429688 0.18006
3 0.228237 0.568824 0.0368304 0.0967262
3 0.973772 0.55878 0.0379464 0.151786
3 0.378139 0.332124 0.413365 0.630394
2 0.322824 0.331101 0.549665 0.662202
0 0.419643 0.414062 0.134487 0.458333
1 0.419643 0.414062 0.134487 0.458333
1 0.62779 0.55506 0.207589 0.377976
0 0.409877 0.313988 0.192522 0.560268
1 0.61942 0.560826 0.125 0.378348
1 0.977121 0.572917 0.0446428 0.199405
1 0.464704 0.405785 0.130859 0.475632
3 0.22998 0.56622 0.0612444 0.178571
0 0.878906 0.344122 0.223214 0.631696
3 0.211286 0.570685 0.0439453 0.142113
1 0.878906 0.344122 0.223214 0.631696
0 0.334194 0.36356 0.246791 0.583891
3 0.222866 0.576265 0.0302734 0.093006
