1 0.0570592 0.550688 0.110212 0.508743
3 0.978795 0.577381 0.0379465 0.126488
0 0.320382 0.33324 0.548968 0.6609
0 0.391602 0.33324 0.357422 0.605841
1 0.395299 0.332496 0.375698 0.608817
0 0.44322 0.353051 0.167132 0.559524
0 0.0583845 0.549572 0.111189 0.505022
2 0.0565709 0.5399 0.106166 0.502046
2 0.979353 0.577009 0.0379464 0.126488
1 0.44322 0.353051 0.167132 0.559524
0 0.48591 0.333705 0.2726 0.614583
1 0.979353 0.577753 0.0368304 0.120536
1 0.30678 0.334449 0.498047 0.668899
3 0.978516 0.582589 0.0429688 0.174107
0 0.979353 0.577009 0.0379464 0.126488
0 0.497768 0.331473 0.456473 0.662946
2 0.391602 0.33324 0.357422 0.605841
2 0.976562 0.573661 0.0446428 0.188244
3 0.0583147 0.545573 0.109654 0.483259
2 0.30678 0.334449 0.498047 0.668899
3 0.973214 0.55878 0.0390625 0.153274
3 0.371652 0.33138 0.424107 0.628906
0 0.187221 0.514881 0.186384 0.501488
1 0.976562 0.573661 0.0446428 0.188244
1 0.0573033 0.532366 0.100237 0.302083
0 0.1875 0.511161 0.348214 0.543155
0 0.419085 0.413691 0.139509 0.458333
0 0.543945 0.33417 0.20452 0.577195
1 0.419085 0.413691 0.139509 0.458333
0 0.580915 0.353144 0.379464 0.66276
1 0.0951451 0.548921 0.19029 0.521205
0 0.409877 0.313988 0.204799 0.565476
1 0.48591 0.333705 0.2726 0.614583
1 0.88058 0.348214 0.217634 0.627232
