3 0.303292 0.478795 0.0362723 0.104911
3 0.384208 0.473586 0.0279018 0.078869
3 0.37779 0.487723 0.0357143 0.0811012
3 0.384766 0.476191 0.0390625 0.093006
3 0.379464 0.463542 0.0228795 0.0662203
3 0.377232 0.486607 0.047433 0.0997024
1 0.303292 0.481771 0.0373884 0.102679
0 0.303292 0.481771 0.0373884 0.102679
3 0.303571 0.475446 0.0485491 0.149554
3 0.379464 0.462054 0.0362723 0.0833333
3 0.306362 0.480655 0.0541295 0.0974703
2 0.303292 0.481771 0.0373884 0.102679
3 0.294643 0.459821 0.0267857 0.0773809
3 0.3125 0.489583 0.0362723 0.0907738
1 0.384208 0.477307 0.0234375 0.0647322
3 0.295201 0.487351 0.0323661 0.0959821
1 0.384766 0.476191 0.0390625 0.093006
3 0.387277 0.457961 0.0223214 0.0513393
3 0.392299 0.49628 0.0295759 0.0885417
3 0.474051 0.238095 0.0117188 0.0383185
3 0.330357 0.459449 0.031808 0.0833333
0 0.384766 0.476191 0.0390625 0.093006
3 0.313058 0.482887 0.0558036 0.119792
3 0.467634 0.242002 0.00948663 0.0349702
