1 0.0521763 0.568452 0.101283 0.449405
3 0.978795 0.578497 0.0368303 0.122768
0 0.319127 0.333705 0.550363 0.65997
0 0.390625 0.33324 0.351562 0.605841
1 0.394671 0.332589 0.366908 0.608631
2 0.0523856 0.557478 0.100586 0.447545
0 0.44322 0.353051 0.168248 0.55878
0 0.0539551 0.566034 0.103027 0.442336
2 0.979353 0.578125 0.0379464 0.122768
1 0.979353 0.578869 0.0368304 0.11756
1 0.44322 0.353051 0.168248 0.55878
0 0.484096 0.333333 0.258371 0.613095
0 0.979353 0.578125 0.0379464 0.122768
1 0.311593 0.334821 0.495117 0.669643
3 0.978516 0.584821 0.0429688 0.178571
0 0.494978 0.331287 0.44308 0.662574
1 0.052839 0.572917 0.0940988 0.306548
2 0.394671 0.332589 0.366908 0.608631
3 0.0523856 0.56808 0.101144 0.448661
2 0.978516 0.584821 0.0429688 0.178571
2 0.318638 0.331008 0.5625 0.6609
3 0.973772 0.55878 0.0379464 0.150298
3 0.371373 0.331938 0.420201 0.630766
1 0.905134 0.348307 0.184152 0.626302
0 0.418248 0.412574 0.141183 0.462054
1 0.977121 0.574033 0.0446428 0.194196
0 0.335379 0.361886 0.25 0.584263
0 0.273438 0.725446 0.467634 0.541667
0 0.409738 0.314732 0.205078 0.568452
1 0.418248 0.412574 0.141183 0.462054
3 0.231306 0.563988 0.0435268 0.107143
3 0.986607 0.590402 0.0267857 0.185268
0 0.905134 0.348307 0.184152 0.626302
0 0.0680804 0.513579 0.129464 0.541295
0 0.545201 0.333705 0.191964 0.570684
1 0.0608259 0.662202 0.107701 0.415179
1 0.094029 0.563244 0.187779 0.458333
