2 0.729911 0.441592 0.126116 0.259673
0 0.35219 0.638486 0.288923 0.676897
3 0.733259 0.444196 0.117188 0.261161
1 0.729911 0.442336 0.126116 0.262649
1 0.35219 0.638486 0.288923 0.676897
1 0.270368 0.527158 0.106585 0.404018
1 0.332868 0.50465 0.251116 0.556176
0 0.729911 0.438616 0.127232 0.258929
2 0.279018 0.551339 0.120536 0.52381
0 0.272879 0.562686 0.111049 0.502604
1 0.29827 0.523531 0.135603 0.433594
1 0.347656 0.47926 0.18471 0.473028
0 0.296247 0.604353 0.180943 0.633556
0 0.332868 0.50465 0.251116 0.556176
2 0.326521 0.577474 0.246512 0.633743
3 0.271484 0.491908 0.102679 0.391183
0 0.508371 0.37872 0.407366 0.613839
3 0.296875 0.480934 0.135045 0.428013
3 0.268973 0.486607 0.0859375 0.247024
2 0.741071 0.461682 0.0904018 0.223958
0 0.347656 0.47926 0.18471 0.473028
0 0.296875 0.480934 0.135045 0.428013
3 0.347656 0.47926 0.18471 0.473028
1 0.273717 0.606771 0.128906 0.575149
1 0.268973 0.486607 0.0859375 0.247024
3 0.291853 0.478423 0.100446 0.244048
0 0.348214 0.592448 0.22433 0.535342
3 0.35219 0.638486 0.288923 0.676897
2 0.271484 0.491908 0.102679 0.391183
1 0.296247 0.604353 0.180943 0.633556
0 0.315778 0.688058 0.212193 0.585194
3 0.253627 0.482515 0.0591518 0.235863
1 0.291853 0.478423 0.100446 0.244048
2 0.268973 0.486607 0.0859375 0.247024
0 0.743862 0.670759 0.126116 0.576637
2 0.29827 0.523531 0.135603 0.433594
3 0.738839 0.465402 0.0725447 0.143601
0 0.464007 0.300595 0.538504 0.578125
0 0.40904 0.400949 0.420759 0.677269
3 0.736607 0.483631 0.0993304 0.250744
2 0.343471 0.65997 0.302455 0.669643
0 0.748884 0.658854 0.177455 0.642113
3 0.245257 0.462054 0.0507812 0.18006
3 0.255301 0.487723 0.0714286 0.360863
3 0.343471 0.478795 0.13058 0.24256
3 0.756696 0.473214 0.0502232 0.132441
1 0.348214 0.592448 0.22433 0.535342
3 0.748884 0.491816 0.0613839 0.168155
0 0.268973 0.486607 0.0859375 0.247024
