2 0.897322 0.454613 0.129464 0.348958
2 0.398438 0.490327 0.077567 0.202381
3 0.398438 0.487351 0.0770089 0.211309
1 0.897879 0.445685 0.132812 0.357143
0 0.40625 0.6875 0.102679 0.595238
1 0.399554 0.492932 0.0809152 0.200149
0 0.398996 0.489583 0.0803571 0.203869
1 0.40625 0.6875 0.102679 0.595238
0 0.898438 0.454241 0.131696 0.36756
3 0.400949 0.491071 0.0664062 0.159226
3 0.896763 0.454241 0.131697 0.356399
3 0.388114 0.50186 0.0580357 0.15253
2 0.390067 0.495908 0.0864955 0.303571
0 0.430246 0.702381 0.166295 0.569941
3 0.392857 0.534226 0.0580357 0.299107
2 0.398717 0.533854 0.0719866 0.319196
3 0.414621 0.488467 0.0719866 0.182292
2 0.388114 0.50186 0.0580357 0.15253
