3 0.546317 0.460193 0.0602679 0.176339
3 0.535714 0.447917 0.0658482 0.19494
3 0.540737 0.450149 0.0825893 0.25
3 0.561942 0.470238 0.03125 0.129464
3 0.553571 0.469122 0.045759 0.141369
2 0.538365 0.451265 0.0851005 0.212798
3 0.557478 0.485863 0.0379465 0.118304
3 0.530553 0.449033 0.101841 0.354911
1 0.540737 0.450149 0.0825893 0.25
0 0.541155 0.451265 0.0895647 0.235863
2 0.544643 0.460193 0.0647322 0.178571
1 0.543527 0.453497 0.0680803 0.188244
0 0.543527 0.453497 0.0680803 0.188244
1 0.529994 0.451637 0.117467 0.313244
3 0.540179 0.421503 0.0457589 0.18378
3 0.507115 0.440104 0.0683594 0.165923
2 0.529994 0.451637 0.117467 0.313244
0 0.529994 0.451637 0.117467 0.313244
3 0.529576 0.421503 0.0502232 0.176339
2 0.55971 0.469494 0.0323661 0.125
