3 0.36077 0.519717 0.0329241 0.078125
0 0.553571 0.747768 0.256696 0.412202
3 0.366908 0.513021 0.0368304 0.0721726
3 0.367188 0.5 0.03125 0.0662203
3 0.362723 0.520833 0.0373884 0.107143
3 0.358538 0.499256 0.0279018 0.0691964
3 0.369141 0.547247 0.030692 0.107143
3 0.365792 0.518973 0.0446429 0.15253
3 0.368862 0.542411 0.0345982 0.0684524
0 0.55692 0.696987 0.196429 0.350074
1 0.557059 0.752232 0.214007 0.383929
3 0.358259 0.545759 0.0290179 0.107887
1 0.362723 0.521577 0.0262277 0.0729167
3 0.355469 0.542039 0.03125 0.0766369
1 0.362723 0.520833 0.0373884 0.107143
1 0.368025 0.502232 0.0284598 0.078125
3 0.369141 0.549851 0.0485491 0.217262
