2 0.0850656 0.474702 0.0943778 0.28125
2 0.0853795 0.505673 0.103237 0.408296
0 0.0814732 0.651786 0.126953 0.677083
3 0.752232 0.476935 0.0167411 0.0513393
1 0.0853446 0.508371 0.104422 0.37314
3 0.752232 0.478051 0.0223214 0.0610119
0 0.0853446 0.508371 0.104422 0.37314
1 0.0823103 0.651414 0.121931 0.677827
3 0.751116 0.489955 0.0200893 0.0558036
3 0.748326 0.491816 0.0200893 0.0669643
3 0.0850656 0.474702 0.0943778 0.28125
3 0.0853795 0.505673 0.103237 0.408296
3 0.742188 0.495536 0.0234375 0.0699405
2 0.0823103 0.651414 0.121931 0.677827
1 0.0834263 0.460938 0.0909598 0.263393
3 0.756138 0.461682 0.0178572 0.0602679
3 0.745536 0.475446 0.0334821 0.0885417
0 0.0834263 0.460938 0.0909598 0.263393
2 0.0883092 0.479167 0.0689174 0.151786
3 0.729911 0.450149 0.0267857 0.0974703
3 0.748326 0.493304 0.0323661 0.107887
3 0.710379 0.471354 0.0345982 0.093006
3 0.704241 0.44308 0.0323661 0.120536
3 0.0814732 0.651786 0.126953 0.677083
