3 0.285714 0.457589 0.0647321 0.159226
3 0.396205 0.46317 0.0401786 0.108631
2 0.285435 0.457961 0.0652902 0.162202
2 0.282924 0.477307 0.0652902 0.247024
3 0.282924 0.477307 0.0652902 0.247024
3 0.401786 0.474702 0.0541295 0.14881
3 0.405413 0.484375 0.09375 0.245536
3 0.396763 0.483631 0.0613839 0.204613
1 0.396484 0.463914 0.0401786 0.107143
0 0.294922 0.670015 0.160714 0.607887
0 0.396484 0.463914 0.0401786 0.107143
1 0.285435 0.457961 0.0652902 0.162202
0 0.285435 0.457961 0.0652902 0.162202
1 0.282924 0.477307 0.0652902 0.247024
0 0.282924 0.477307 0.0652902 0.247024
3 0.390904 0.479911 0.0379464 0.133929
2 0.396484 0.463914 0.0401786 0.107143
0 0.405413 0.484375 0.09375 0.245536
1 0.405413 0.484375 0.09375 0.245536
0 0.333147 0.677827 0.18471 0.587798
1 0.396763 0.483631 0.0613839 0.204613
0 0.294085 0.63058 0.101004 0.53497
0 0.401786 0.474702 0.0541295 0.14881
1 0.401786 0.474702 0.0541295 0.14881
0 0.32115 0.686198 0.296317 0.609747
