3 0.978795 0.579985 0.0390625 0.127976
1 0.582589 0.545759 0.136161 0.46503
0 0.385951 0.337333 0.391044 0.627418
0 0.289621 0.338914 0.511161 0.677827
1 0.595982 0.548177 0.208705 0.472098
2 0.979353 0.578869 0.0401786 0.129464
0 0.582031 0.541667 0.132812 0.452381
1 0.38909 0.335472 0.404855 0.634115
1 0.979353 0.578869 0.0401786 0.129464
0 0.979353 0.578869 0.0401786 0.129464
0 0.438895 0.368583 0.171317 0.582775
1 0.534598 0.507906 0.272321 0.519903
0 0.534598 0.507906 0.272321 0.519903
2 0.582031 0.541667 0.132812 0.452381
1 0.545201 0.560268 0.162946 0.459821
1 0.417271 0.365606 0.17327 0.55599
0 0.419085 0.416574 0.148438 0.468936
3 0.582031 0.541667 0.132812 0.452381
1 0.585938 0.526414 0.127232 0.305059
2 0.370885 0.336682 0.46582 0.651042
1 0.460798 0.466425 0.145368 0.482329
0 0.509487 0.391741 0.243304 0.586309
0 0.472238 0.338914 0.210658 0.598214
3 0.227888 0.565476 0.0425502 0.108631
1 0.606027 0.509301 0.154018 0.438244
3 0.214844 0.531994 0.0362723 0.15997
0 0.595982 0.548177 0.208705 0.472098
3 0.370885 0.336682 0.46582 0.651042
3 0.213588 0.571057 0.030971 0.100446
0 0.460798 0.466425 0.145368 0.482329
3 0.229562 0.562872 0.0659877 0.185268
3 0.986049 0.590402 0.0279017 0.174107
0 0.426897 0.399647 0.257812 0.504278
3 0.225377 0.530506 0.0503627 0.171131
3 0.973772 0.559524 0.0401786 0.157738
1 0.447545 0.413225 0.203125 0.55599
1 0.911272 0.345238 0.170759 0.634673
1 0.470145 0.486607 0.211496 0.415179
0 0.545201 0.560268 0.162946 0.459821
0 0.493862 0.389323 0.378348 0.632069
0 0.216448 0.520089 0.12514 0.357143
3 0.213937 0.568452 0.0486886 0.15625
