1 0.0678711 0.547619 0.135742 0.776786
3 0.978795 0.579985 0.0379465 0.122768
0 0.0673131 0.584356 0.133231 0.755394
0 0.390067 0.33324 0.364955 0.613281
0 0.322266 0.332496 0.555246 0.6609
1 0.393066 0.331845 0.381278 0.618304
0 0.442104 0.354911 0.173828 0.566964
2 0.979353 0.579613 0.0390625 0.123512
1 0.979353 0.579613 0.0390625 0.123512
0 0.485073 0.337798 0.266462 0.616816
3 0.978795 0.587054 0.0424107 0.162202
0 0.979353 0.579613 0.0390625 0.123512
1 0.442104 0.354911 0.173828 0.566964
1 0.0768694 0.663504 0.153739 0.637277
1 0.30971 0.331845 0.46317 0.663691
2 0.0673131 0.584356 0.133231 0.755394
0 0.191406 0.521298 0.158482 0.525856
0 0.492746 0.331845 0.439732 0.663691
0 0.176897 0.51516 0.324219 0.591704
2 0.390067 0.33324 0.364955 0.613281
0 0.174665 0.605097 0.209821 0.548735
0 0.0955636 0.534784 0.191127 0.769717
2 0.977121 0.576265 0.0435267 0.186756
1 0.977121 0.576265 0.0435267 0.186756
3 0.0673131 0.584356 0.133231 0.755394
2 0.321917 0.330357 0.56822 0.660714
3 0.372838 0.33231 0.427316 0.634487
0 0.417411 0.412109 0.15067 0.474888
1 0.907924 0.346261 0.177455 0.628906
3 0.973214 0.558408 0.0390625 0.15253
1 0.0980748 0.504557 0.19615 0.702195
3 0.986328 0.591146 0.0273438 0.178571
1 0.0455845 0.643787 0.0896345 0.635045
0 0.103934 0.646205 0.161551 0.609375
0 0.544643 0.334821 0.203125 0.571429
3 0.228237 0.565848 0.046317 0.107887
0 0.38365 0.360119 0.217076 0.563244
0 0.18335 0.476562 0.229841 0.601935
3 0.210031 0.571429 0.0738002 0.197173
