2 0.934431 0.463542 0.131138 0.395833
1 0.93192 0.463449 0.133928 0.398996
1 0.921317 0.522321 0.148438 0.598214
1 0.366908 0.632812 0.094308 0.636161
2 0.921317 0.522321 0.148438 0.598214
0 0.921317 0.525205 0.151786 0.555246
3 0.364118 0.527158 0.0401786 0.139137
0 0.366908 0.632812 0.094308 0.636161
3 0.368862 0.536086 0.0563616 0.311756
3 0.368025 0.501488 0.0385045 0.0677083
3 0.36356 0.520833 0.0424107 0.0907738
0 0.348772 0.693638 0.132812 0.582961
3 0.368025 0.504464 0.0357143 0.137649
0 0.933594 0.463542 0.132812 0.389881
3 0.365234 0.589286 0.0970982 0.574405
3 0.36942 0.567708 0.0491071 0.227679
0 0.902902 0.617188 0.19308 0.71503
3 0.360212 0.495536 0.0334821 0.0647322
1 0.368583 0.617932 0.0675223 0.500744
1 0.348772 0.693638 0.132812 0.582961
3 0.360491 0.499256 0.0334821 0.120536
1 0.368862 0.536086 0.0563616 0.311756
3 0.933594 0.463542 0.132812 0.389881
2 0.954799 0.444196 0.0848214 0.394345
2 0.366908 0.632812 0.094308 0.636161
3 0.368583 0.617932 0.0675223 0.500744
1 0.364118 0.527158 0.0401786 0.139137
1 0.36942 0.567708 0.0491071 0.227679
0 0.368583 0.617932 0.0675223 0.500744
0 0.368862 0.536086 0.0563616 0.311756
3 0.361049 0.5 0.0491071 0.235863
1 0.953683 0.459914 0.0870536 0.43285
3 0.353237 0.640811 0.129464 0.652902
3 0.921317 0.525205 0.151786 0.555246
3 0.37221 0.55878 0.046317 0.09375
1 0.931362 0.607887 0.11942 0.572917
2 0.922433 0.502976 0.136161 0.28125
0 0.267229 0.677083 0.334961 0.639881
1 0.922433 0.502976 0.136161 0.28125
3 0.369141 0.610863 0.0535714 0.266369
0 0.318429 0.647321 0.232561 0.666667
1 0.38365 0.667597 0.0853795 0.554688
