1 0.916853 0.544457 0.157366 0.741444
0 0.909598 0.604353 0.175223 0.764509
2 0.919085 0.505301 0.154018 0.608445
3 0.36356 0.527158 0.0379464 0.127976
1 0.365792 0.638579 0.0976562 0.639509
0 0.353516 0.645833 0.132254 0.650298
3 0.367467 0.501116 0.0362723 0.0647322
3 0.363839 0.527158 0.0518973 0.228423
0 0.364676 0.665923 0.0898437 0.583333
3 0.368304 0.524554 0.0446429 0.0855655
3 0.367188 0.50372 0.0334821 0.127232
3 0.35798 0.496652 0.0323661 0.0639881
3 0.369141 0.566964 0.0457589 0.21875
3 0.36942 0.572173 0.0602679 0.410714
3 0.364955 0.590402 0.0982143 0.569196
1 0.348214 0.693452 0.133371 0.578869
1 0.368304 0.620536 0.0675223 0.491071
0 0.920201 0.439081 0.148438 0.547433
1 0.929408 0.427455 0.141183 0.533482
3 0.358817 0.5 0.0323661 0.110863
1 0.363839 0.527158 0.0518973 0.228423
1 0.36356 0.527158 0.0379464 0.127976
3 0.919085 0.505301 0.154018 0.608445
2 0.365792 0.638579 0.0976562 0.639509
1 0.369141 0.566964 0.0457589 0.21875
0 0.371931 0.593843 0.114397 0.577195
0 0.853237 0.617746 0.293527 0.758557
1 0.901228 0.660714 0.179688 0.665179
0 0.368025 0.53497 0.0546875 0.289435
3 0.372489 0.557664 0.0435268 0.0900298
0 0.36942 0.572173 0.0602679 0.410714
3 0.353516 0.645833 0.132254 0.650298
0 0.320871 0.694754 0.184152 0.562872
0 0.924665 0.57022 0.138393 0.627418
