3 0.978795 0.578125 0.0368303 0.127232
1 0.163644 0.542783 0.162667 0.412946
0 0.408622 0.335845 0.318917 0.605097
0 0.319615 0.337426 0.541574 0.674851
1 0.176828 0.495257 0.220006 0.567522
0 0.445592 0.332124 0.194754 0.606585
1 0.412667 0.335286 0.334263 0.610677
1 0.444615 0.352307 0.166574 0.568452
2 0.160226 0.545201 0.15611 0.433408
2 0.979353 0.577381 0.0379464 0.127976
0 0.164621 0.542225 0.164621 0.409598
1 0.979353 0.578125 0.0368304 0.122024
0 0.495536 0.334728 0.347098 0.625186
0 0.178816 0.495629 0.228306 0.539993
0 0.979353 0.577381 0.0379464 0.127976
0 0.245745 0.413225 0.402483 0.679502
1 0.139021 0.499163 0.163923 0.519531
1 0.179827 0.58817 0.149833 0.337054
3 0.978795 0.584449 0.0424107 0.1875
1 0.306431 0.34561 0.492048 0.69122
2 0.176828 0.495257 0.220006 0.567522
1 0.15053 0.564918 0.118583 0.300223
0 0.445033 0.404018 0.151228 0.492559
0 0.13623 0.489025 0.182896 0.575521
2 0.412667 0.335286 0.334263 0.610677
3 0.164621 0.542225 0.164621 0.409598
2 0.978795 0.584449 0.0424107 0.1875
3 0.973772 0.55878 0.0379464 0.158482
0 0.583705 0.332775 0.447545 0.665551
0 0.569336 0.352679 0.285435 0.619792
3 0.384905 0.334356 0.393136 0.634859
0 0.503348 0.333984 0.220982 0.602865
0 0.384766 0.365327 0.196429 0.563988
1 0.420201 0.413039 0.136161 0.47154
2 0.317243 0.336682 0.558594 0.673363
1 0.212263 0.516555 0.312081 0.478795
1 0.219029 0.559338 0.165737 0.396205
1 0.906808 0.347098 0.178571 0.627232
1 0.486468 0.332961 0.269252 0.616816
0 0.334821 0.366443 0.232143 0.595238
0 0.906808 0.347098 0.178571 0.627232
2 0.157715 0.550037 0.145508 0.301711
1 0.977679 0.574777 0.0446428 0.206845
1 0.245745 0.413225 0.402483 0.679502
3 0.306431 0.34561 0.492048 0.69122
1 0.464704 0.404018 0.134208 0.485863
