3 0.381417 0.444568 0.0452009 0.106399
3 0.391183 0.447173 0.0541295 0.102679
3 0.371931 0.463542 0.0256696 0.0811012
3 0.371373 0.43564 0.0245536 0.0877976
1 0.388393 0.460193 0.0479911 0.111607
3 0.385324 0.482887 0.0301339 0.0833333
3 0.383371 0.419271 0.0357143 0.09375
3 0.38058 0.482515 0.0301339 0.0662202
3 0.37779 0.418899 0.0345982 0.0758929
3 0.400112 0.485863 0.0362723 0.105655
3 0.408203 0.452009 0.105469 0.197173
3 0.386998 0.452381 0.0831473 0.269345
0 0.388393 0.460193 0.0479911 0.111607
1 0.391741 0.447545 0.0625 0.110863
0 0.391741 0.447545 0.0625 0.110863
3 0.398717 0.486235 0.032366 0.0572917
3 0.371652 0.463914 0.0373884 0.112351
3 0.387277 0.483631 0.0407366 0.113095
3 0.370815 0.438616 0.0368304 0.101935
2 0.387556 0.446801 0.0491071 0.110119
1 0.381417 0.444568 0.0452009 0.106399
3 0.396484 0.40997 0.0491071 0.12128
