1 0.257254 0.438058 0.260603 0.710193
0 0.264788 0.430711 0.284598 0.702567
3 0.818638 0.423363 0.0993303 0.293899
2 0.819196 0.424479 0.103795 0.325149
1 0.251116 0.588356 0.269531 0.591146
0 0.251116 0.588356 0.269531 0.591146
2 0.257812 0.439732 0.272879 0.703869
1 0.820312 0.424479 0.114955 0.321429
0 0.379743 0.402344 0.364397 0.692336
3 0.257812 0.439732 0.272879 0.703869
0 0.262277 0.666667 0.208147 0.517857
3 0.817522 0.453218 0.104911 0.428385
3 0.828683 0.448661 0.0602679 0.227679
0 0.817522 0.457682 0.112723 0.398624
0 0.266532 0.64881 0.128767 0.489583
2 0.251116 0.593936 0.230469 0.603795
2 0.808594 0.467262 0.15625 0.440476
1 0.266532 0.64881 0.128767 0.489583
1 0.379743 0.402344 0.364397 0.692336
0 0.823103 0.624535 0.152902 0.718192
3 0.816406 0.450521 0.0703125 0.24256
1 0.26123 0.666109 0.18736 0.524926
3 0.834821 0.429688 0.0491072 0.142857
3 0.796317 0.386068 0.079241 0.241257
