1 0.75 0.546875 0.09375 0.36756
3 0.978795 0.579985 0.0379465 0.12872
0 0.389997 0.332496 0.362863 0.610305
0 0.327567 0.331938 0.535714 0.65904
2 0.749442 0.540923 0.092634 0.364583
1 0.393345 0.331101 0.379604 0.613839
2 0.978795 0.579613 0.0390625 0.127976
0 0.443638 0.355283 0.167411 0.559524
1 0.978795 0.579241 0.0390625 0.129464
3 0.978516 0.585194 0.0429688 0.171131
0 0.978795 0.579241 0.0390625 0.129464
1 0.443638 0.355283 0.167411 0.559524
0 0.48298 0.337705 0.25279 0.608817
0 0.75 0.546689 0.09375 0.367932
1 0.327637 0.329799 0.545619 0.659598
3 0.2274 0.570685 0.0407366 0.102679
3 0.747768 0.542969 0.0881697 0.360491
2 0.976562 0.575149 0.0435267 0.19122
1 0.976562 0.575149 0.0435267 0.19122
2 0.37228 0.331101 0.428432 0.631696
3 0.214216 0.575521 0.0302734 0.0922619
3 0.229353 0.567336 0.0585938 0.15625
0 0.489955 0.331473 0.433036 0.662946
3 0.37228 0.331101 0.428432 0.631696
3 0.215751 0.53497 0.0372489 0.158482
3 0.986328 0.591518 0.0273438 0.175595
1 0.913504 0.346354 0.168527 0.633929
3 0.973772 0.558408 0.0401786 0.165179
3 0.214495 0.571801 0.0431082 0.130208
3 0.224888 0.534226 0.0507812 0.171131
3 0.222098 0.579985 0.0334821 0.0974703
0 0.409319 0.313616 0.200335 0.563988
0 0.416853 0.414435 0.143973 0.457589
0 0.976562 0.575149 0.0435267 0.19122
0 0.336775 0.36077 0.252232 0.580543
3 0.987165 0.593006 0.0256696 0.110119
