1 0.972656 0.537946 0.0546875 0.302827
0 0.320592 0.333054 0.538504 0.661272
0 0.395647 0.333984 0.34933 0.608817
2 0.973214 0.540365 0.0535714 0.306176
2 0.971261 0.561384 0.0574777 0.44122
1 0.971261 0.561384 0.0574777 0.44122
1 0.399554 0.333333 0.367188 0.612351
0 0.44322 0.352307 0.168248 0.56622
1 0.44322 0.352307 0.168248 0.56622
0 0.97154 0.540365 0.0569196 0.334449
0 0.484375 0.334821 0.264509 0.615327
1 0.314523 0.335938 0.475865 0.671875
0 0.496233 0.331845 0.442801 0.65997
1 0.956473 0.528088 0.0859375 0.361979
2 0.959821 0.536551 0.0703125 0.505766
1 0.959821 0.536551 0.0703125 0.505766
3 0.97154 0.536086 0.0546875 0.313244
1 0.971819 0.4774 0.0563616 0.460379
2 0.395647 0.333984 0.34933 0.608817
0 0.95452 0.395089 0.0909598 0.59003
2 0.32101 0.330729 0.549944 0.661458
3 0.374023 0.33231 0.417132 0.632999
2 0.959542 0.539993 0.0809152 0.332217
0 0.419085 0.411923 0.139509 0.469308
0 0.544085 0.334914 0.200893 0.577195
0 0.410435 0.314732 0.201451 0.568452
2 0.964286 0.635231 0.0558036 0.49442
3 0.233189 0.565104 0.0403181 0.107143
0 0.913783 0.351097 0.172433 0.625186
1 0.419085 0.411923 0.139509 0.469308
0 0.959821 0.536551 0.0703125 0.505766
0 0.334542 0.362816 0.24442 0.583891
