1 0.708147 0.548735 0.172991 0.694196
3 0.979353 0.576637 0.0379464 0.132441
0 0.320033 0.331845 0.538504 0.657738
0 0.39481 0.334077 0.351004 0.607143
0 0.702009 0.564546 0.185268 0.736979
1 0.398577 0.332961 0.368025 0.611607
0 0.443359 0.353423 0.169085 0.564732
2 0.979353 0.576637 0.0379464 0.131696
1 0.443359 0.353423 0.169085 0.564732
1 0.979353 0.576637 0.0379464 0.131696
1 0.310965 0.330729 0.445033 0.661458
0 0.979353 0.576637 0.0379464 0.131696
1 0.689732 0.665179 0.25 0.605655
0 0.486607 0.340402 0.262277 0.602679
0 0.71875 0.667039 0.251116 0.603423
0 0.738839 0.534226 0.195313 0.648809
3 0.979353 0.583333 0.0412946 0.199405
3 0.974888 0.556176 0.0379465 0.162946
2 0.39481 0.334077 0.351004 0.607143
2 0.708147 0.548735 0.172991 0.694196
2 0.320243 0.329241 0.549247 0.657738
3 0.212123 0.578125 0.0277623 0.0840774
3 0.228237 0.572917 0.0368304 0.0907738
3 0.372349 0.331938 0.416016 0.62779
0 0.490513 0.328869 0.433036 0.657738
1 0.677455 0.647321 0.167411 0.583333
3 0.708147 0.548735 0.172991 0.694196
2 0.977679 0.572545 0.0446428 0.216518
0 0.420201 0.412295 0.141741 0.473028
3 0.986328 0.59096 0.0273438 0.204985
0 0.40918 0.313988 0.208426 0.566964
3 0.229701 0.569568 0.0573382 0.145833
3 0.211984 0.574405 0.0419922 0.125744
0 0.657366 0.548456 0.305804 0.691778
0 0.334821 0.36263 0.245536 0.576823
1 0.420201 0.412295 0.141741 0.473028
1 0.977679 0.572545 0.0446428 0.216518
3 0.223284 0.580357 0.0311105 0.0877976
