3 0.978795 0.577753 0.0379465 0.125744
1 0.384766 0.535156 0.285156 0.673735
0 0.320382 0.334821 0.507673 0.669643
0 0.385603 0.536179 0.308036 0.676153
0 0.388951 0.391276 0.348214 0.634115
0 0.449079 0.386719 0.190011 0.616444
0 0.44036 0.340588 0.485352 0.681176
2 0.978795 0.576637 0.0390625 0.126488
0 0.265695 0.709077 0.429548 0.568452
0 0.486049 0.358538 0.285714 0.665365
1 0.978795 0.577753 0.0379465 0.120536
0 0.439732 0.533668 0.209821 0.605283
0 0.978795 0.576637 0.0390625 0.126488
3 0.978516 0.581845 0.0429688 0.170387
1 0.388951 0.391276 0.348214 0.634115
1 0.369699 0.654018 0.214844 0.532738
0 0.407087 0.450056 0.164063 0.509115
2 0.385603 0.536179 0.308036 0.676153
1 0.407087 0.450056 0.164063 0.509115
1 0.439732 0.533668 0.209821 0.605283
1 0.380022 0.509301 0.205357 0.578125
0 0.484096 0.404762 0.180246 0.583333
0 0.263951 0.602307 0.275112 0.523065
3 0.385603 0.536179 0.308036 0.676153
1 0.317592 0.335565 0.53111 0.671131
2 0.978516 0.581845 0.0429688 0.170387
1 0.398717 0.675967 0.396763 0.542411
3 0.226842 0.56064 0.0418527 0.118304
1 0.431362 0.589193 0.383929 0.6609
2 0.388951 0.391276 0.348214 0.634115
0 0.347656 0.65997 0.206473 0.544643
1 0.449079 0.386719 0.190011 0.616444
1 0.977121 0.572917 0.0435267 0.19122
1 0.905692 0.348865 0.185268 0.623698
0 0.433873 0.587798 0.335379 0.614583
3 0.973772 0.55878 0.0379464 0.151786
1 0.378348 0.408017 0.152902 0.530692
3 0.215053 0.530506 0.0369699 0.15997
1 0.263742 0.702381 0.349749 0.558036
0 0.262277 0.514137 0.223214 0.476191
0 0.378348 0.408017 0.152902 0.530692
0 0.404297 0.348958 0.185826 0.575149
3 0.227958 0.55878 0.0697545 0.241071
0 0.477818 0.517485 0.129185 0.55878
3 0.213797 0.56436 0.0339007 0.107887
0 0.578125 0.353051 0.381696 0.668899
0 0.547015 0.34003 0.210658 0.601935
2 0.317592 0.335565 0.53111 0.671131
0 0.380022 0.509301 0.205357 0.578125
1 0.346122 0.482608 0.39481 0.702939
0 0.398717 0.675967 0.396763 0.542411
0 0.905692 0.348865 0.185268 0.623698
3 0.317592 0.335565 0.53111 0.671131
