0 0.869978 0.598028 0.222098 0.774182
3 0.981027 0.578125 0.0345983 0.124256
0 0.391113 0.335193 0.358398 0.612351
1 0.867746 0.435082 0.207589 0.692336
0 0.33245 0.332961 0.535993 0.663691
0 0.864955 0.445499 0.203125 0.674479
0 0.44308 0.353423 0.169643 0.566964
1 0.868304 0.601191 0.238839 0.776786
1 0.394392 0.334077 0.376395 0.615327
2 0.979353 0.578125 0.0323661 0.165923
1 0.981027 0.578125 0.0345983 0.124256
1 0.44308 0.353423 0.169643 0.566964
0 0.484096 0.337798 0.266183 0.613095
1 0.320312 0.333333 0.446429 0.666667
0 0.981027 0.578125 0.0345983 0.124256
2 0.871652 0.482329 0.215402 0.773438
2 0.981027 0.581473 0.0334822 0.116815
3 0.86942 0.599516 0.229911 0.774182
3 0.974888 0.596354 0.032366 0.163691
3 0.868862 0.432292 0.219866 0.694941
2 0.871094 0.662202 0.242188 0.665179
0 0.954799 0.599702 0.0736608 0.431548
2 0.391113 0.335193 0.358398 0.612351
3 0.973214 0.598214 0.0390625 0.247024
3 0.229632 0.568824 0.0390625 0.0989584
0 0.890625 0.686384 0.195312 0.600446
0 0.495815 0.332961 0.451451 0.665923
3 0.371373 0.33324 0.419085 0.631138
0 0.780134 0.675037 0.325893 0.635045
3 0.2131 0.573289 0.0308315 0.0907738
2 0.331543 0.331473 0.547852 0.662946
3 0.987444 0.592634 0.0251116 0.197173
0 0.419643 0.410063 0.146205 0.483445
3 0.231376 0.565848 0.0629185 0.162202
3 0.976004 0.59747 0.0334822 0.0997024
3 0.223842 0.576637 0.0327846 0.0944941
0 0.335379 0.362816 0.25 0.583891
0 0.410714 0.31622 0.216518 0.572173
3 0.212681 0.535714 0.0366909 0.145833
3 0.21303 0.569941 0.0499442 0.136905
0 0.981306 0.703125 0.0373883 0.4375
