3 0.978237 0.580357 0.0379464 0.124256
1 0.466936 0.557943 0.185547 0.669829
0 0.468052 0.551432 0.166574 0.615885
0 0.469308 0.578311 0.241071 0.694569
0 0.314244 0.335379 0.545619 0.670759
2 0.978237 0.579985 0.0390625 0.123512
0 0.379046 0.366443 0.304408 0.616816
1 0.978795 0.579241 0.0390625 0.124256
3 0.978237 0.587054 0.0435267 0.168155
1 0.485352 0.588635 0.310547 0.709635
0 0.978795 0.579241 0.0390625 0.124256
1 0.457171 0.454985 0.150391 0.487351
0 0.457171 0.454985 0.150391 0.487351
1 0.475586 0.641369 0.230748 0.583333
2 0.467355 0.557478 0.18471 0.652902
1 0.435547 0.608817 0.22154 0.597842
1 0.408482 0.539435 0.126116 0.5625
1 0.314244 0.335379 0.545619 0.670759
0 0.408482 0.539435 0.126116 0.5625
0 0.443359 0.420666 0.226004 0.547061
0 0.452985 0.648438 0.188895 0.573661
2 0.978237 0.587054 0.0435267 0.168155
1 0.976562 0.575149 0.0435267 0.1875
0 0.405971 0.334914 0.176897 0.539993
3 0.468192 0.581845 0.261161 0.703869
0 0.451172 0.668899 0.320871 0.541667
1 0.448242 0.692708 0.186105 0.514881
3 0.973772 0.557664 0.0390625 0.15997
0 0.498884 0.498419 0.265625 0.613281
0 0.425711 0.320778 0.464425 0.577195
3 0.986049 0.591146 0.0279017 0.168899
2 0.314244 0.335379 0.545619 0.670759
1 0.524693 0.672619 0.417132 0.563988
0 0.326939 0.723214 0.484515 0.528274
3 0.468052 0.551432 0.166574 0.615885
3 0.314244 0.335379 0.545619 0.670759
0 0.976562 0.575149 0.0435267 0.1875
3 0.212054 0.573661 0.0301339 0.093006
3 0.229632 0.567336 0.0385045 0.100446
1 0.414062 0.688988 0.3125 0.537202
0 0.503906 0.393973 0.232143 0.572173
0 0.524693 0.672619 0.417132 0.563988
3 0.986886 0.593006 0.0262277 0.105655
1 0.443359 0.420666 0.226004 0.547061
