3 0.979353 0.577381 0.0368304 0.12872
1 0.617746 0.557664 0.147321 0.406994
0 0.395508 0.334449 0.36077 0.607143
0 0.325474 0.333333 0.538783 0.663691
1 0.399344 0.333333 0.379883 0.611607
2 0.622768 0.557292 0.140625 0.392857
2 0.978795 0.577381 0.0379465 0.127232
0 0.444196 0.354167 0.167411 0.563244
0 0.617746 0.557664 0.147321 0.406994
1 0.444196 0.354167 0.167411 0.563244
1 0.979353 0.576637 0.0379464 0.12872
0 0.488142 0.348121 0.277065 0.608817
0 0.979353 0.576637 0.0379464 0.12872
1 0.315988 0.337426 0.481864 0.674851
0 0.492746 0.327567 0.448661 0.655134
3 0.978516 0.584821 0.0429688 0.179315
2 0.395508 0.334449 0.36077 0.607143
1 0.580915 0.526042 0.239955 0.428571
3 0.622768 0.553571 0.140625 0.383929
2 0.978516 0.584821 0.0429688 0.179315
0 0.499302 0.424572 0.166574 0.49163
1 0.499302 0.424572 0.166574 0.49163
3 0.375419 0.332868 0.429967 0.633371
2 0.324568 0.331845 0.549526 0.663691
3 0.97433 0.558408 0.0379464 0.155506
1 0.637277 0.559152 0.129464 0.295387
1 0.907924 0.346726 0.177455 0.623512
0 0.580915 0.526042 0.239955 0.428571
2 0.62779 0.577753 0.178571 0.478423
1 0.466797 0.407738 0.141183 0.479911
0 0.907924 0.346726 0.177455 0.623512
0 0.419922 0.413783 0.139509 0.456659
0 0.576451 0.387184 0.228795 0.505394
1 0.646205 0.585566 0.241071 0.47619
3 0.231794 0.561756 0.0414341 0.109375
0 0.332868 0.363746 0.248884 0.586496
1 0.977679 0.574033 0.0446428 0.194196
1 0.624442 0.514137 0.123884 0.289435
0 0.570871 0.308408 0.430804 0.604911
1 0.419922 0.413783 0.139509 0.456659
