0 0.901786 0.601376 0.184152 0.767485
0 0.921317 0.390625 0.15067 0.757441
0 0.315988 0.332589 0.526507 0.65997
0 0.386998 0.334449 0.328683 0.62128
0 0.442801 0.350818 0.172433 0.59003
1 0.919085 0.34375 0.155134 0.671131
0 0.897879 0.342262 0.204241 0.672619
0 0.927455 0.667225 0.129464 0.665551
1 0.390904 0.33324 0.345424 0.628162
1 0.442801 0.350818 0.172433 0.59003
1 0.305873 0.337054 0.476423 0.674107
0 0.862723 0.651972 0.25 0.636533
2 0.919085 0.343378 0.155134 0.664435
3 0.234654 0.570312 0.0412946 0.101935
1 0.885045 0.602493 0.228795 0.774182
0 0.411272 0.316871 0.209821 0.586496
0 0.831473 0.337054 0.3125 0.674107
2 0.314941 0.331101 0.535296 0.662202
3 0.919085 0.343378 0.155134 0.664435
2 0.386998 0.334449 0.328683 0.62128
3 0.214007 0.574777 0.0329241 0.0915179
3 0.314941 0.331101 0.535296 0.662202
3 0.236398 0.567708 0.0612444 0.163691
2 0.885045 0.602493 0.228795 0.774182
1 0.911272 0.53218 0.162947 0.813616
0 0.858817 0.4641 0.209821 0.735491
3 0.227121 0.578869 0.0334821 0.093006
0 0.484235 0.351563 0.221261 0.615327
0 0.419085 0.412202 0.154576 0.487351
3 0.213379 0.535342 0.0431083 0.145089
3 0.885045 0.602493 0.228795 0.774182
0 0.854353 0.34003 0.188616 0.633929
0 0.93471 0.517764 0.125 0.666853
0 0.962612 0.662016 0.0625 0.634301
0 0.3351 0.360491 0.255022 0.584821
3 0.23019 0.536086 0.0496652 0.148065
