1 0.0523507 0.572824 0.101772 0.665365
3 0.978795 0.578869 0.0379465 0.126488
0 0.393415 0.333705 0.352679 0.612351
0 0.320661 0.331101 0.542829 0.662202
0 0.055978 0.573289 0.10791 0.719494
0 0.442941 0.352772 0.169922 0.572731
0 0.0749163 0.651414 0.129743 0.642113
1 0.0708008 0.598493 0.139927 0.744978
2 0.979353 0.578125 0.0390625 0.127232
2 0.0536063 0.554408 0.103167 0.615885
1 0.396833 0.332589 0.368164 0.615327
1 0.979353 0.578125 0.0390625 0.127232
0 0.486189 0.335193 0.265346 0.616816
1 0.442941 0.352772 0.169922 0.572731
0 0.979353 0.578125 0.0390625 0.127232
3 0.978795 0.585193 0.0424107 0.171875
1 0.313686 0.333705 0.485352 0.667411
0 0.187919 0.539621 0.173828 0.480283
0 0.171561 0.617188 0.241699 0.569196
0 0.495815 0.331845 0.432478 0.663691
0 0.177246 0.62872 0.354213 0.605655
0 0.113072 0.600818 0.222517 0.74628
2 0.978795 0.585193 0.0424107 0.171875
2 0.393415 0.333705 0.352679 0.612351
3 0.0532227 0.573475 0.101981 0.653646
0 0.544643 0.334914 0.212054 0.577195
1 0.0390276 0.65067 0.0681501 0.612351
1 0.977121 0.574777 0.0435267 0.192708
3 0.371373 0.331752 0.419085 0.632627
3 0.229911 0.565848 0.0429688 0.108631
0 0.40904 0.315476 0.205357 0.572173
2 0.320661 0.329985 0.55399 0.65997
3 0.97433 0.558408 0.0379464 0.151786
0 0.418527 0.41183 0.147879 0.474702
3 0.986328 0.590774 0.0273438 0.179315
0 0.578125 0.348865 0.361607 0.640067
0 0.259696 0.727121 0.453823 0.542783
2 0.0722656 0.598679 0.141183 0.752046
3 0.230259 0.563988 0.070731 0.1875
0 0.335868 0.360491 0.252372 0.573661
0 0.107422 0.572824 0.155692 0.607329
