3 0.979911 0.578125 0.0379464 0.129464
0 0.494838 0.543155 0.244699 0.714286
1 0.49428 0.574126 0.252511 0.735677
0 0.317383 0.334077 0.525949 0.666667
0 0.460938 0.393601 0.297991 0.644345
2 0.979911 0.577381 0.0379464 0.127232
1 0.533064 0.660342 0.299944 0.62128
0 0.486328 0.452567 0.186942 0.585938
1 0.979911 0.577381 0.0379464 0.127232
2 0.494978 0.542411 0.246652 0.721726
1 0.486328 0.452567 0.186942 0.585938
1 0.460938 0.390997 0.297991 0.648066
0 0.431222 0.343006 0.427734 0.643601
0 0.979911 0.577381 0.0379464 0.127232
1 0.397531 0.348958 0.386858 0.635417
0 0.445033 0.384301 0.169085 0.594494
0 0.533064 0.660342 0.299944 0.62128
1 0.445033 0.384301 0.169085 0.594494
1 0.312151 0.337798 0.475028 0.675595
3 0.978795 0.585193 0.0424107 0.18378
3 0.492327 0.542783 0.250837 0.706101
0 0.414062 0.339658 0.209821 0.599702
0 0.453404 0.536179 0.181362 0.604725
0 0.416853 0.423735 0.13058 0.486607
1 0.416853 0.423735 0.13058 0.486607
1 0.41183 0.475446 0.101562 0.406994
2 0.460938 0.390997 0.297991 0.648066
1 0.433873 0.508278 0.195871 0.468564
3 0.97433 0.558036 0.0379464 0.155506
1 0.49428 0.682478 0.206752 0.557664
1 0.453404 0.536179 0.181362 0.604725
2 0.317801 0.332589 0.541853 0.665179
0 0.431083 0.504836 0.21596 0.444196
0 0.41183 0.475446 0.101562 0.406994
2 0.978795 0.585193 0.0424107 0.18378
0 0.5625 0.618304 0.409598 0.720238
3 0.317801 0.332589 0.541853 0.665179
0 0.423689 0.415458 0.25865 0.527716
1 0.906808 0.347191 0.177455 0.627046
0 0.561384 0.560826 0.265625 0.637277
1 0.409877 0.484747 0.0664062 0.266369
2 0.485491 0.404762 0.186384 0.596726
0 0.305525 0.339286 0.270089 0.620536
3 0.986607 0.59003 0.0267857 0.191964
3 0.210868 0.571429 0.0280413 0.09375
0 0.906808 0.347191 0.177455 0.627046
0 0.271903 0.732143 0.462891 0.535714
