3 0.978795 0.578125 0.0379465 0.126488
1 0.0916922 0.563988 0.163156 0.434524
0 0.400949 0.333984 0.34096 0.605841
0 0.328892 0.334449 0.543108 0.668899
0 0.443917 0.353795 0.164621 0.561012
1 0.404994 0.332961 0.359654 0.610119
1 0.443917 0.353795 0.164621 0.561012
0 0.0927734 0.563988 0.164621 0.434524
2 0.979353 0.577381 0.0390625 0.126488
2 0.0861816 0.55599 0.155204 0.459449
1 0.979353 0.577381 0.0390625 0.126488
0 0.484236 0.335193 0.263672 0.610119
3 0.978516 0.584077 0.0429688 0.169643
0 0.155971 0.526972 0.311942 0.508557
0 0.979353 0.577381 0.0390625 0.126488
1 0.149379 0.525856 0.228027 0.50186
1 0.309152 0.338542 0.497768 0.677083
0 0.494141 0.331845 0.445871 0.663691
1 0.0740792 0.569382 0.118862 0.300223
2 0.400949 0.333984 0.34096 0.605841
2 0.976562 0.574405 0.0435267 0.188988
1 0.0267857 0.565104 0.0510603 0.43378
1 0.976562 0.574405 0.0435267 0.188988
3 0.973214 0.558036 0.0379464 0.153274
3 0.0927734 0.563988 0.164621 0.434524
1 0.0626395 0.513579 0.10798 0.478795
3 0.378627 0.332124 0.412388 0.628906
0 0.146833 0.568452 0.209682 0.447917
1 0.019601 0.603795 0.039202 0.411458
2 0.327288 0.333519 0.557478 0.667039
0 0.420201 0.413225 0.134487 0.465216
0 0.196708 0.463542 0.393415 0.645833
1 0.420201 0.413225 0.134487 0.465216
1 0.87779 0.349609 0.222098 0.628162
0 0.411272 0.313988 0.207589 0.571429
0 0.545898 0.334542 0.193917 0.566034
3 0.986049 0.590402 0.0279017 0.184524
0 0.87779 0.349609 0.222098 0.628162
1 0.0239955 0.567708 0.0411551 0.275298
1 0.465681 0.405878 0.130022 0.478423
