1 0.34375 0.484375 0.245536 0.708333
2 0.664062 0.42327 0.133929 0.433222
0 0.336217 0.651786 0.217076 0.644345
1 0.339007 0.602958 0.21875 0.700335
1 0.664062 0.412109 0.131696 0.430246
0 0.345075 0.43378 0.276367 0.681548
0 0.665179 0.421131 0.132812 0.439732
0 0.661272 0.605562 0.16183 0.663876
2 0.652902 0.412202 0.180804 0.537202
2 0.343192 0.483724 0.245536 0.718564
0 0.523438 0.447824 0.385045 0.689174
0 0.651786 0.413039 0.179688 0.523624
3 0.664062 0.439732 0.138393 0.477679
2 0.339007 0.602958 0.21875 0.700335
3 0.343192 0.485584 0.252232 0.711868
1 0.652902 0.412202 0.180804 0.537202
0 0.449358 0.399089 0.429408 0.673549
1 0.371443 0.429316 0.330776 0.699405
0 0.437361 0.466332 0.310547 0.686384
2 0.673549 0.498047 0.127232 0.530692
1 0.661272 0.605562 0.16183 0.663876
1 0.523438 0.447824 0.385045 0.689174
0 0.516183 0.322824 0.353795 0.543341
3 0.337054 0.661086 0.237723 0.661458
0 0.354074 0.332496 0.333147 0.587984
0 0.677455 0.616257 0.245536 0.684152
2 0.65067 0.515811 0.159598 0.649926
1 0.440848 0.463914 0.389509 0.706101
2 0.667411 0.428199 0.117188 0.304316
1 0.646763 0.509859 0.120536 0.581473
