3 0.978795 0.579613 0.0390625 0.127232
1 0.172433 0.561663 0.198103 0.738281
0 0.305804 0.345145 0.453125 0.677269
0 0.168806 0.577009 0.214844 0.764137
0 0.398996 0.333798 0.34933 0.613653
1 0.173549 0.657366 0.242746 0.676339
1 0.205985 0.551153 0.302316 0.734003
0 0.442662 0.3524 0.174944 0.573475
2 0.978795 0.579613 0.0390625 0.126488
1 0.402902 0.332589 0.367188 0.619792
1 0.978795 0.578869 0.0401785 0.127976
1 0.442662 0.3524 0.174944 0.573475
3 0.976562 0.575149 0.0435267 0.183036
1 0.316127 0.345982 0.469308 0.682292
0 0.484654 0.334728 0.256138 0.616257
2 0.169294 0.579799 0.229492 0.771949
0 0.978795 0.578869 0.0401785 0.127976
0 0.217006 0.536737 0.226702 0.645275
3 0.169294 0.579799 0.229492 0.771949
2 0.976562 0.575149 0.0435267 0.183036
1 0.228237 0.659226 0.15346 0.611607
1 0.976562 0.575149 0.0435267 0.183036
0 0.492746 0.331287 0.433036 0.662574
1 0.163225 0.468936 0.160714 0.577009
0 0.23298 0.48763 0.316964 0.676525
2 0.316127 0.345982 0.469308 0.682292
0 0.145403 0.667597 0.234863 0.646949
0 0.410156 0.314732 0.208705 0.575149
2 0.398996 0.333798 0.34933 0.613653
3 0.316127 0.345982 0.469308 0.682292
3 0.986049 0.591518 0.0279017 0.168899
1 0.907924 0.344122 0.176339 0.633184
0 0.416295 0.411458 0.15625 0.478423
3 0.973772 0.56064 0.0368303 0.129464
0 0.545759 0.333705 0.190848 0.567708
0 0.228237 0.659226 0.15346 0.611607
0 0.976562 0.575149 0.0435267 0.183036
0 0.293527 0.609189 0.225446 0.50186
3 0.986886 0.593378 0.0262277 0.107143
