3 0.979353 0.578869 0.0379464 0.127976
1 0.213449 0.567336 0.19029 0.591518
0 0.402902 0.332961 0.350446 0.616071
0 0.347028 0.329613 0.521345 0.659226
1 0.186244 0.540458 0.148158 0.515811
0 0.21024 0.567522 0.23019 0.579241
2 0.978795 0.578869 0.0379465 0.126488
0 0.441406 0.353051 0.178571 0.56994
1 0.405692 0.331845 0.366071 0.622024
1 0.979353 0.578497 0.0390625 0.127232
0 0.48591 0.334821 0.278181 0.614583
0 0.979353 0.578497 0.0390625 0.127232
1 0.441406 0.353051 0.178571 0.56994
0 0.186244 0.540458 0.148158 0.515811
3 0.978795 0.584821 0.0424107 0.172619
1 0.245257 0.510603 0.277902 0.612723
2 0.209821 0.564732 0.189174 0.58631
0 0.496373 0.331845 0.462612 0.663691
0 0.282436 0.381138 0.386021 0.65439
1 0.333287 0.342262 0.402623 0.661458
2 0.978795 0.584821 0.0424107 0.172619
1 0.204799 0.665923 0.308036 0.592262
0 0.245257 0.510603 0.277902 0.612723
2 0.405692 0.331845 0.366071 0.622024
3 0.21024 0.567522 0.23019 0.579241
3 0.97433 0.557292 0.0390625 0.158482
1 0.977121 0.574033 0.0435267 0.188244
1 0.244489 0.601004 0.161691 0.574777
3 0.387765 0.331752 0.409738 0.632627
0 0.154088 0.556455 0.159459 0.596912
1 0.201939 0.686942 0.184291 0.554688
0 0.204799 0.665923 0.308036 0.592262
0 0.308036 0.333705 0.241629 0.590774
0 0.385603 0.360491 0.209821 0.5625
0 0.417132 0.408482 0.156808 0.485863
3 0.986049 0.591146 0.0279017 0.182292
0 0.220982 0.640997 0.176897 0.570684
0 0.569057 0.353051 0.274833 0.613095
2 0.333287 0.342262 0.402623 0.661458
0 0.160121 0.557385 0.259556 0.621838
1 0.25279 0.503255 0.19308 0.530692
1 0.204729 0.536458 0.147461 0.299107
