2 0.939174 0.445685 0.0859375 0.296875
0 0.511719 0.706845 0.136161 0.568452
1 0.510184 0.692708 0.123605 0.563988
1 0.939174 0.442708 0.0870536 0.280506
3 0.9375 0.447173 0.0892858 0.293155
0 0.939174 0.442708 0.0870536 0.280506
3 0.513393 0.505208 0.0825893 0.139137
3 0.515067 0.505208 0.103795 0.238839
2 0.957589 0.454985 0.0714286 0.345238
2 0.512277 0.696429 0.129464 0.583333
1 0.508231 0.579613 0.13644 0.388393
3 0.466797 0.236979 0.0106027 0.0386905
2 0.931362 0.436012 0.0602679 0.155506
3 0.473214 0.234189 0.0133928 0.0427827
3 0.527344 0.523438 0.0569196 0.142113
2 0.510045 0.575521 0.125 0.401042
3 0.526228 0.523066 0.077009 0.223958
1 0.512416 0.632626 0.101283 0.431176
